frame,timestamp_ms,landmark_id,x_norm,y_norm,z_norm,visibility,x_px,y_px
0,0,0,nan,nan,nan,0.0,-1,-1
1,33,0,nan,nan,nan,0.0,-1,-1
2,66,0,nan,nan,nan,0.0,-1,-1
3,100,0,nan,nan,nan,0.0,-1,-1
4,133,0,nan,nan,nan,0.0,-1,-1
5,166,0,nan,nan,nan,0.0,-1,-1
6,200,0,nan,nan,nan,0.0,-1,-1
7,233,0,nan,nan,nan,0.0,-1,-1
8,266,0,nan,nan,nan,0.0,-1,-1
9,300,0,nan,nan,nan,0.0,-1,-1
10,333,0,nan,nan,nan,0.0,-1,-1
11,366,0,nan,nan,nan,0.0,-1,-1
12,400,0,nan,nan,nan,0.0,-1,-1
13,433,0,nan,nan,nan,0.0,-1,-1
14,466,0,nan,nan,nan,0.0,-1,-1
15,500,0,nan,nan,nan,0.0,-1,-1
16,533,0,nan,nan,nan,0.0,-1,-1
17,566,0,nan,nan,nan,0.0,-1,-1
18,600,0,nan,nan,nan,0.0,-1,-1
19,633,0,nan,nan,nan,0.0,-1,-1
20,666,0,nan,nan,nan,0.0,-1,-1
21,700,0,nan,nan,nan,0.0,-1,-1
22,733,0,nan,nan,nan,0.0,-1,-1
23,766,0,nan,nan,nan,0.0,-1,-1
24,800,0,nan,nan,nan,0.0,-1,-1
25,833,0,nan,nan,nan,0.0,-1,-1
26,866,0,nan,nan,nan,0.0,-1,-1
27,900,0,nan,nan,nan,0.0,-1,-1
28,933,0,0.05125586688518524,0.2605355381965637,0.10314509272575378,0.99543297290802,49,140
28,933,1,0.049012694507837296,0.24912984669208527,0.08906597644090652,0.9962778687477112,47,134
28,933,2,0.04647888243198395,0.24804264307022095,0.0889178067445755,0.9954472184181213,44,133
28,933,3,0.043926022946834564,0.24716435372829437,0.0889987051486969,0.9967125654220581,42,133
28,933,4,0.0565519854426384,0.2527198791503906,0.08264755457639694,0.9969286322593689,54,136
28,933,5,0.05888395756483078,0.2540709376335144,0.08241880685091019,0.9977208971977234,56,137
28,933,6,0.06093412637710571,0.2552623152732849,0.08232724666595459,0.9985093474388123,58,137
28,933,7,0.03926019370555878,0.2526347041130066,0.033639293164014816,0.9981544613838196,37,136
28,933,8,0.060893453657627106,0.26359859108924866,0.004920116160064936,0.9977783560752869,58,142
28,933,9,0.045500822365283966,0.270023375749588,0.08905249089002609,0.9944449067115784,43,145
28,933,10,0.053416840732097626,0.27498573064804077,0.07929151505231857,0.9948762059211731,51,148
28,933,11,0.020403921604156494,0.32121551036834717,0.04095930978655815,0.9995916485786438,19,173
28,933,12,0.06688383221626282,0.33363839983940125,-0.0678425282239914,0.9998199343681335,64,180
28,933,13,0.012196928262710571,0.4254860579967499,0.018122371286153793,0.25636160373687744,11,229
28,933,14,0.0868358314037323,0.4215412735939026,-0.10536400973796844,0.9124444127082825,83,227
28,933,15,0.011979877948760986,0.5079290270805359,-0.03156489133834839,0.11965560168027878,11,274
28,933,16,0.11301546543836594,0.48852816224098206,-0.07454292476177216,0.747677206993103,108,263
28,933,17,0.009212723933160305,0.529412031173706,-0.034440912306308746,0.14666154980659485,8,285
28,933,18,0.11911825090646744,0.5111562609672546,-0.08555293828248978,0.6861650347709656,114,276
28,933,19,0.011313499882817268,0.5274549722671509,-0.04356630891561508,0.13632914423942566,10,284
28,933,20,0.12028096616268158,0.5081836581230164,-0.07566611468791962,0.6417948603630066,115,274
28,933,21,0.01401426550000906,0.5211357474327087,-0.03541747108101845,0.09253775328397751,13,281
28,933,22,0.1171683594584465,0.5017576813697815,-0.06997466087341309,0.48470738530158997,112,270
28,933,23,0.008866837248206139,0.511984646320343,0.03751341253519058,0.9999572038650513,8,276
28,933,24,0.04401082545518875,0.5225085616111755,-0.037692539393901825,0.9999674558639526,42,282
28,933,25,0.037480928003787994,0.6218440532684326,0.11156328022480011,0.6505267024040222,35,335
28,933,26,0.07735336571931839,0.6297370791435242,0.011623204685747623,0.9535903930664062,74,340
28,933,27,0.016865616664290428,0.7513436675071716,0.13292314112186432,0.9200029373168945,16,405
28,933,28,0.10460517555475235,0.7601972818374634,0.03820888698101044,0.9751805067062378,100,410
28,933,29,0.007185296155512333,0.7737663388252258,0.1323220133781433,0.9291501045227051,6,417
28,933,30,0.09844786673784256,0.7853043675422668,0.04186275973916054,0.9796234965324402,94,424
28,933,31,0.03385544940829277,0.7709383964538574,0.10027682781219482,0.8014593124389648,32,416
28,933,32,0.13620057702064514,0.7687729597091675,0.02411043271422386,0.8926583528518677,130,415
29,966,0,0.05161070451140404,0.26298388838768005,0.06057314574718475,0.9956896901130676,49,142
29,966,1,0.049495961517095566,0.25147703289985657,0.04776587337255478,0.9965015053749084,47,135
29,966,2,0.04687800630927086,0.2501961886882782,0.047612231224775314,0.9957482814788818,45,135
29,966,3,0.04444647580385208,0.2491420954465866,0.04766464978456497,0.9969289302825928,42,134
29,966,4,0.056553952395915985,0.2543475329875946,0.0406147725880146,0.9970880150794983,54,137
29,966,5,0.058807145804166794,0.2551926374435425,0.04041004925966263,0.9978402256965637,56,137
29,966,6,0.0607343465089798,0.25598618388175964,0.04033612832427025,0.9985746741294861,58,138
29,966,7,0.039455514401197433,0.2536655068397522,0.002315226010978222,0.9982912540435791,37,136
29,966,8,0.060598116368055344,0.2636301517486572,-0.02960156463086605,0.9978899359703064,58,142
29,966,9,0.046410609036684036,0.27200114727020264,0.05042342096567154,0.9947730302810669,44,146
29,966,10,0.05341683328151703,0.2760319709777832,0.039806317538022995,0.995132565498352,51,149
29,966,11,0.020823942497372627,0.32065829634666443,0.0161555465310812,0.9996188282966614,19,173
29,966,12,0.06533803790807724,0.3323085606098175,-0.07598428428173065,0.9998133182525635,62,179
29,966,13,0.01299153920263052,0.4248567223548889,0.018066281452775,0.2738649249076843,12,229
29,966,14,0.08319387584924698,0.42171525955200195,-0.10303083807229996,0.9071323871612549,79,227
29,966,15,0.012250712141394615,0.5087711811065674,-0.004863927140831947,0.12362948060035706,11,274
29,966,16,0.11130593717098236,0.4867524802684784,-0.0671100988984108,0.7268069982528687,106,262
29,966,17,0.009344533085823059,0.5302308797836304,-0.00535642821341753,0.14956875145435333,8,286
29,966,18,0.11874818056821823,0.5083514451980591,-0.07568352669477463,0.6649788022041321,113,274
29,966,19,0.011312181130051613,0.5281157493591309,-0.012233596295118332,0.1384865790605545,10,285
29,966,20,0.11947822570800781,0.5061243772506714,-0.06744895130395889,0.6206712126731873,114,273
29,966,21,0.014036549255251884,0.5214954018592834,-0.0069219451397657394,0.09366132318973541,13,281
29,966,22,0.11543156206607819,0.49834850430488586,-0.06291292607784271,0.46637463569641113,110,269
29,966,23,0.017950184643268585,0.5120614767074585,0.03510891646146774,0.9999575614929199,17,276
29,966,24,0.04801939055323601,0.5218881964683533,-0.03527369722723961,0.9999668002128601,46,281
29,966,25,0.04216902330517769,0.621656596660614,0.11739499121904373,0.6691570281982422,40,335
29,966,26,0.0786023810505867,0.6303126811981201,0.016232870519161224,0.9543833136558533,75,340
29,966,27,0.017767611891031265,0.7504024505615234,0.15240007638931274,0.924554169178009,17,405
29,966,28,0.10551463067531586,0.7601752877235413,0.0534132681787014,0.9763750433921814,101,410
29,966,29,0.007832040078938007,0.7735856771469116,0.1533043533563614,0.932784378528595,7,417
29,966,30,0.10088741779327393,0.7853233218193054,0.057353951036930084,0.9803895950317383,96,424
29,966,31,0.03552677854895592,0.7709930539131165,0.1265614926815033,0.8110191226005554,34,416
29,966,32,0.13632948696613312,0.7680261135101318,0.038040876388549805,0.8971545100212097,130,414
30,1000,0,0.06361166387796402,0.27127277851104736,-0.09080250561237335,0.9961094260215759,61,146
30,1000,1,0.06509004533290863,0.26022806763648987,-0.07872670143842697,0.9968270659446716,62,140
30,1000,2,0.06609395146369934,0.25973743200302124,-0.0789235457777977,0.9961457848548889,63,140
30,1000,3,0.06724373251199722,0.25949567556381226,-0.07888980954885483,0.9972134232521057,64,140
30,1000,4,0.06152139976620674,0.2605413496494293,-0.09173782914876938,0.9973675608634949,59,140
30,1000,5,0.06038685142993927,0.2602100670337677,-0.09195111691951752,0.9980483055114746,57,140
30,1000,6,0.0606711320579052,0.25999051332473755,-0.09205283224582672,0.9987105131149292,58,140
30,1000,7,0.06501828134059906,0.26272690296173096,-0.014632107689976692,0.998442530632019,62,141
30,1000,8,0.05610289424657822,0.2638186812400818,-0.07246140390634537,0.9980831146240234,53,142
30,1000,9,0.06309046596288681,0.2806643843650818,-0.06344692409038544,0.9952648878097534,60,151
30,1000,10,0.05908062309026718,0.28110095858573914,-0.08163633197546005,0.9955970644950867,56,151
30,1000,11,0.06908321380615234,0.32196059823036194,0.047412727028131485,0.9996424317359924,66,173
30,1000,12,0.03814835101366043,0.3304649293422699,-0.08810277283191681,0.9998286962509155,36,178
30,1000,13,0.08274304121732712,0.42115792632102966,0.07779195159673691,0.3190833032131195,79,227
30,1000,14,0.022574303671717644,0.4260270297527313,-0.13540895283222198,0.9159379005432129,21,230
30,1000,15,0.11157267540693283,0.48299333453178406,0.02963455580174923,0.19551494717597961,107,260
30,1000,16,0.01772063970565796,0.5094958543777466,-0.18876029551029205,0.7538042068481445,17,275
30,1000,17,0.11902929842472076,0.5053655505180359,0.026172135025262833,0.2169666886329651,114,272
30,1000,18,0.011251907795667648,0.5333825945854187,-0.21121792495250702,0.6979309916496277,10,288
30,1000,19,0.12208063900470734,0.5040633678436279,0.002709777792915702,0.20939363539218903,117,272
30,1000,20,0.0184040330350399,0.5346654653549194,-0.22218474745750427,0.6580994725227356,17,288
30,1000,21,0.11861519515514374,0.4967212677001953,0.018785854801535606,0.16859859228134155,113,268
30,1000,22,0.02180364914238453,0.5259673595428467,-0.19459548592567444,0.5189613699913025,20,284
30,1000,23,0.05723636969923973,0.5102827548980713,0.048052672296762466,0.9999591708183289,54,275
30,1000,24,0.04790244996547699,0.5147736668586731,-0.048170752823352814,0.9999682903289795,45,277
30,1000,25,0.04752860590815544,0.6256353855133057,0.09455416351556778,0.6846930980682373,45,337
30,1000,26,0.08597204089164734,0.6301174163818359,-0.058352984488010406,0.9568485617637634,82,340
30,1000,27,0.017819637432694435,0.7488362789154053,0.13343499600887299,0.9237625002861023,17,404
30,1000,28,0.12013910710811615,0.7525476813316345,-0.04441900923848152,0.9776580333709717,115,406
30,1000,29,0.007654713001102209,0.7712047100067139,0.13292987644672394,0.9314181804656982,7,416
30,1000,30,0.11775193363428116,0.7812322974205017,-0.04576540365815163,0.9798469543457031,113,421
30,1000,31,0.044233474880456924,0.773345410823822,0.08590491116046906,0.8241413831710815,42,417
30,1000,32,0.15314434468746185,0.7612643241882324,-0.1036602258682251,0.9059394598007202,147,411
31,1033,0,0.06587405502796173,0.27749279141426086,-0.11298436671495438,0.9964928030967712,63,149
31,1033,1,0.0685514584183693,0.2655177116394043,-0.09984315931797028,0.9971347451210022,65,143
31,1033,2,0.0699784904718399,0.26532888412475586,-0.10003175586462021,0.9965210556983948,67,143
31,1033,3,0.07133924216032028,0.2653656005859375,-0.10001035779714584,0.9974846243858337,68,143
31,1033,4,0.0626714676618576,0.26446735858917236,-0.11359884589910507,0.9976245164871216,60,142
31,1033,5,0.06056175008416176,0.26337501406669617,-0.1138157844543457,0.9982386827468872,58,142
31,1033,6,0.05997256189584732,0.2622407376766205,-0.11390549689531326,0.9988348484039307,57,141
31,1033,7,0.06918307393789291,0.26781344413757324,-0.025106312707066536,0.9985931515693665,66,144
31,1033,8,0.05382423475384712,0.2638797163963318,-0.08739631623029709,0.9982633590698242,51,142
31,1033,9,0.0658646672964096,0.28691986203193665,-0.08199872076511383,0.9957267642021179,63,154
31,1033,10,0.05976911261677742,0.285908967256546,-0.10116846114397049,0.9960254430770874,57,154
31,1033,11,0.07249726355075836,0.3240694999694824,0.05395126715302467,0.9996703267097473,69,174
31,1033,12,0.03362784534692764,0.33024460077285767,-0.09398975968360901,0.999840259552002,32,178
31,1033,13,0.08848588168621063,0.41743239760398865,0.07899828255176544,0.35794371366500854,84,225
31,1033,14,0.017384376376867294,0.42914023995399475,-0.13311341404914856,0.9225454330444336,16,231
31,1033,15,0.11520934104919434,0.4768811762332916,0.011549707502126694,0.2605905830860138,110,257
31,1033,16,0.010845229960978031,0.5177097916603088,-0.17694972455501556,0.7751564979553223,10,279
31,1033,17,0.12268885970115662,0.49896126985549927,0.005536714103072882,0.2787722945213318,117,269
31,1033,18,0.004490886349231005,0.5410396456718445,-0.19766250252723694,0.723259449005127,4,292
31,1033,19,0.12573055922985077,0.49688082933425903,-0.0103145195171237,0.2742000222206116,120,268
31,1033,20,0.01186586357653141,0.5431540608406067,-0.20983891189098358,0.6878571510314941,11,293
31,1033,21,0.12239423394203186,0.489690363407135,0.001348968013189733,0.2363865226507187,117,264
31,1033,22,0.01560078002512455,0.5348768830299377,-0.18284983932971954,0.5612442493438721,14,288
31,1033,23,0.05841278284788132,0.5103002786636353,0.05273818597197533,0.9999592900276184,56,275
31,1033,24,0.047670576721429825,0.5147901177406311,-0.05288105830550194,0.9999676942825317,45,277
31,1033,25,0.047630708664655685,0.645854115486145,0.06941210478544235,0.6943035125732422,45,348
31,1033,26,0.08833792805671692,0.6302265524864197,-0.06494016945362091,0.9572404623031616,84,340
31,1033,27,0.01605254039168358,0.7481826543807983,0.10300099104642868,0.9199475049972534,15,404
31,1033,28,0.12183238565921783,0.7526347637176514,-0.035642702132463455,0.978002667427063,116,406
31,1033,29,0.005928655620664358,0.7706209421157837,0.10183802992105484,0.9273992776870728,5,416
31,1033,30,0.12048622220754623,0.7805047631263733,-0.03578278049826622,0.9774919152259827,115,421
31,1033,31,0.04285767301917076,0.7737002372741699,0.04836198315024376,0.8346205949783325,41,417
31,1033,32,0.15304973721504211,0.7593269348144531,-0.0986037626862526,0.9127574563026428,146,410
32,1066,0,0.07590630650520325,0.2739713788032532,-0.08841284364461899,0.9968377351760864,72,147
32,1066,1,0.07547113299369812,0.2639006972312927,-0.07610391080379486,0.9974111914634705,72,142
32,1066,2,0.07598492503166199,0.2649315297603607,-0.07627948373556137,0.9968579411506653,72,143
32,1066,3,0.07654295116662979,0.26440194249153137,-0.07626022398471832,0.997728705406189,73,142
32,1066,4,0.07213306427001953,0.2610442340373993,-0.09302468597888947,0.9978566765785217,69,140
32,1066,5,0.07031384855508804,0.2599276602268219,-0.0932244136929512,0.998410701751709,67,140
32,1066,6,0.06865879893302917,0.2589370310306549,-0.09330832958221436,0.9989478588104248,65,139
32,1066,7,0.07224942743778229,0.26748842000961304,-0.015150687657296658,0.998729407787323,69,144
32,1066,8,0.06020650640130043,0.2606639564037323,-0.09035870432853699,0.9984294772148132,57,140
32,1066,9,0.07437591999769211,0.28645744919776917,-0.06284482032060623,0.9961486458778381,71,154
32,1066,10,0.07087995111942291,0.28320449590682983,-0.0860881358385086,0.9964175820350647,68,152
32,1066,11,0.0767909362912178,0.3261633515357971,0.060002103447914124,0.999699056148529,73,176
32,1066,12,0.041101984679698944,0.32959380745887756,-0.11776003241539001,0.9998534917831421,39,177
32,1066,13,0.09510339051485062,0.417773962020874,0.0935998409986496,0.4084775149822235,91,225
32,1066,14,0.02620311826467514,0.4289648234844208,-0.1747167408466339,0.9294775128364563,25,231
32,1066,15,0.12703153491020203,0.47845616936683655,0.034062549471855164,0.32766690850257874,121,258
32,1066,16,0.0181063674390316,0.5143796801567078,-0.22618059813976288,0.7966622114181519,17,277
32,1066,17,0.13455037772655487,0.5004013180732727,0.029543034732341766,0.34262216091156006,129,270
32,1066,18,0.010909476317465305,0.538237988948822,-0.25194376707077026,0.7492311000823975,10,290
32,1066,19,0.13765385746955872,0.49933984875679016,0.001894551794975996,0.3398471772670746,132,269
32,1066,20,0.017840653657913208,0.5421397089958191,-0.2629445791244507,0.7174683213233948,17,292
32,1066,21,0.13426846265792847,0.4921065866947174,0.020579688251018524,0.305661678314209,128,265
32,1066,22,0.022347500547766685,0.5333474278450012,-0.23231427371501923,0.6028479933738708,21,288
32,1066,23,0.06837288290262222,0.5099980235099792,0.059922050684690475,0.9999619722366333,65,275
32,1066,24,0.05351390689611435,0.5137484669685364,-0.06003826856613159,0.9999697208404541,51,277
32,1066,25,0.05802435800433159,0.6438447833061218,0.08433721959590912,0.7015332579612732,55,347
32,1066,26,0.09609774500131607,0.6309176087379456,-0.07670067250728607,0.957466185092926,92,340
32,1066,27,0.01600833609700203,0.7449090480804443,0.11011488735675812,0.9117907881736755,15,402
32,1066,28,0.13148145377635956,0.7530755996704102,-0.04487390071153641,0.9775539040565491,126,406
32,1066,29,0.005389547906816006,0.7667500376701355,0.1091623604297638,0.9192010760307312,5,414
32,1066,30,0.13081388175487518,0.7806817293167114,-0.04482860863208771,0.9743905663490295,125,421
32,1066,31,0.042248357087373734,0.7733824849128723,0.07076919823884964,0.8394959568977356,40,417
32,1066,32,0.16346773505210876,0.758917510509491,-0.10557933151721954,0.9174734950065613,156,409
33,1100,0,0.07973583787679672,0.27040091156959534,-0.0805901288986206,0.9971476793289185,76,146
33,1100,1,0.07748177647590637,0.2603739798069,-0.07034634053707123,0.9976573586463928,74,140
33,1100,2,0.07742970436811447,0.2617361545562744,-0.07052376121282578,0.9971584677696228,74,141
33,1100,3,0.0774419829249382,0.26200348138809204,-0.07051306217908859,0.9979468584060669,74,141
33,1100,4,0.0751892551779747,0.2573702335357666,-0.08629937469959259,0.9980645775794983,72,138
33,1100,5,0.07347548007965088,0.25642797350883484,-0.08650396764278412,0.9985650777816772,70,138
33,1100,6,0.07173333317041397,0.2556420862674713,-0.0865790992975235,0.9990494251251221,68,138
33,1100,7,0.07191384583711624,0.2650090754032135,-0.016302872449159622,0.9988512992858887,69,143
33,1100,8,0.06314151734113693,0.25779473781585693,-0.08852388709783554,0.9985787868499756,60,139
33,1100,9,0.07635637372732162,0.28534772992134094,-0.05781681835651398,0.996529221534729,73,154
33,1100,10,0.07359091937541962,0.28110092878341675,-0.07976219058036804,0.9967717528343201,70,151
33,1100,11,0.07699310779571533,0.3268507122993469,0.05631864443421364,0.9997265338897705,73,176
33,1100,12,0.04343174770474434,0.3294147253036499,-0.11518040299415588,0.99986732006073,41,177
33,1100,13,0.09692185372114182,0.4172722399234772,0.09223125129938126,0.45106157660484314,93,225
33,1100,14,0.02786923013627529,0.4290406405925751,-0.16027230024337769,0.9362821578979492,26,231
33,1100,15,0.12851916253566742,0.4798864424228668,0.04288221150636673,0.387246698141098,123,259
33,1100,16,0.018067557364702225,0.5158870220184326,-0.2058287262916565,0.8168233633041382,17,278
33,1100,17,0.1356392502784729,0.5015676617622375,0.03940828517079353,0.3991241455078125,130,270
33,1100,18,0.009683449752628803,0.5383985042572021,-0.2292533814907074,0.7739768624305725,9,290
33,1100,19,0.13879753649234772,0.4993897080421448,0.012111117132008076,0.39807334542274475,133,269
33,1100,20,0.017555488273501396,0.5432839393615723,-0.24170340597629547,0.7454183101654053,16,293
33,1100,21,0.13578791916370392,0.49253109097480774,0.03009207174181938,0.36690086126327515,130,265
33,1100,22,0.02166455052793026,0.5349159836769104,-0.21228164434432983,0.6420916318893433,20,288
33,1100,23,0.06840239465236664,0.5091949701309204,0.05768711864948273,0.9999644160270691,65,274
33,1100,24,0.05639313533902168,0.5126680135726929,-0.057818032801151276,0.999971866607666,54,276
33,1100,25,0.06067977100610733,0.6410639882087708,0.08083265274763107,0.6949120163917542,58,346
33,1100,26,0.09916277229785919,0.6309188604354858,-0.06643339991569519,0.9550306797027588,95,340
33,1100,27,0.016234716400504112,0.7450814247131348,0.11118152737617493,0.8955585360527039,15,402
33,1100,28,0.13291218876838684,0.7528129816055298,-0.037026986479759216,0.9762986898422241,127,406
33,1100,29,0.005443038884550333,0.7647542953491211,0.1101166307926178,0.9081538319587708,5,412
33,1100,30,0.13187985122203827,0.7806389927864075,-0.03719549998641014,0.970084547996521,126,421
33,1100,31,0.042344652116298676,0.7735933661460876,0.06419160217046738,0.8419786095619202,40,417
33,1100,32,0.16621781885623932,0.7588819265365601,-0.09849300235509872,0.9215131998062134,159,409
34,1133,0,0.082880899310112,0.27664199471473694,-0.11059778183698654,0.997431218624115,79,149
34,1133,1,0.08444640040397644,0.26540932059288025,-0.09742421656847,0.997888445854187,81,143
34,1133,2,0.0856277197599411,0.265666663646698,-0.09760410338640213,0.9974387884140015,82,143
34,1133,3,0.08683311194181442,0.2657192349433899,-0.09757445752620697,0.998149037361145,83,143
34,1133,4,0.08034072071313858,0.2642258405685425,-0.11078429222106934,0.9982565641403198,77,142
34,1133,5,0.07829026877880096,0.2632508873939514,-0.11100390553474426,0.9987074732780457,75,142
34,1133,6,0.07648397237062454,0.26247042417526245,-0.11109299212694168,0.9991435408592224,73,141
34,1133,7,0.08498990535736084,0.268841952085495,-0.025441238656640053,0.9989637732505798,81,145
34,1133,8,0.0690629631280899,0.2628301978111267,-0.08695439994335175,0.9987186789512634,66,141
34,1133,9,0.08245714008808136,0.28795334696769714,-0.081141896545887,0.99687260389328,79,155
34,1133,10,0.07803653180599213,0.2857987880706787,-0.0998091921210289,0.9970917701721191,74,154
34,1133,11,0.08838096261024475,0.32887840270996094,0.054020900279283524,0.999747633934021,84,177
34,1133,12,0.04434436932206154,0.33071842789649963,-0.10478678345680237,0.9998795390129089,42,178
34,1133,13,0.10398075729608536,0.417479008436203,0.08472545444965363,0.4787261486053467,99,225
34,1133,14,0.03242063149809837,0.4304543137550354,-0.14725781977176666,0.9423430562019348,31,232
34,1133,15,0.13495464622974396,0.4805808663368225,0.03192392736673355,0.43462860584259033,129,259
34,1133,16,0.0208967924118042,0.5184466242790222,-0.1912587583065033,0.8349753618240356,20,279
34,1133,17,0.14130799472332,0.5022029280662537,0.02815273590385914,0.4441787600517273,135,271
34,1133,18,0.012596920132637024,0.5393338799476624,-0.21303389966487885,0.7962656617164612,12,291
34,1133,19,0.14470574259757996,0.5010675191879272,0.003021753393113613,0.44535911083221436,138,270
34,1133,20,0.02007978782057762,0.545850396156311,-0.22609512507915497,0.7705926895141602,19,294
34,1133,21,0.14139917492866516,0.49418386816978455,0.020185057073831558,0.4168078601360321,135,266
34,1133,22,0.02418810874223709,0.5387476682662964,-0.19785158336162567,0.6774619817733765,23,290
34,1133,23,0.07690535485744476,0.5092126727104187,0.05493872985243797,0.9999660849571228,73,274
34,1133,24,0.0636303648352623,0.5127514600753784,-0.055083923041820526,0.9999736547470093,61,276
34,1133,25,0.0615016333758831,0.6359685063362122,0.07509361207485199,0.7084704637527466,59,343
34,1133,26,0.1052631363272667,0.6309360265731812,-0.06857523322105408,0.9573149085044861,101,340
34,1133,27,0.01874474622309208,0.7432785034179688,0.10134551674127579,0.8957109451293945,17,401
34,1133,28,0.1360112875699997,0.7543231248855591,-0.054509326815605164,0.9776750206947327,130,407
34,1133,29,0.0065560294315218925,0.761780321598053,0.09979037940502167,0.9087971448898315,6,411
34,1133,30,0.13491256535053253,0.7833419442176819,-0.05623352900147438,0.9708474278450012,129,423
34,1133,31,0.04240197688341141,0.7751145958900452,0.050720520317554474,0.8523145914077759,40,418
34,1133,32,0.16849060356616974,0.7623964548110962,-0.1219765767455101,0.9281272292137146,161,411
35,1166,0,0.08597947657108307,0.2783564627170563,-0.10882208496332169,0.9976871013641357,82,150
35,1166,1,0.08715654909610748,0.26734018325805664,-0.09637217223644257,0.9980977177619934,83,144
35,1166,2,0.0880742073059082,0.2672872841358185,-0.09654837101697922,0.9976928234100342,84,144
35,1166,3,0.08902325481176376,0.26722943782806396,-0.09652914851903915,0.9983325600624084,85,144
35,1166,4,0.08324793726205826,0.2664712965488434,-0.1103161945939064,0.9984298944473267,79,143
35,1166,5,0.08099644631147385,0.2655835747718811,-0.11052785813808441,0.9988359808921814,77,143
35,1166,6,0.07884788513183594,0.26479801535606384,-0.11060178279876709,0.9992284774780273,75,142
35,1166,7,0.08618186414241791,0.2696177363395691,-0.026512181386351585,0.9990664124488831,82,145
35,1166,8,0.07134746760129929,0.26446792483329773,-0.08962032198905945,0.9988451600074768,68,142
35,1166,9,0.0849122554063797,0.2887924611568451,-0.07991300523281097,0.997183620929718,81,155
35,1166,10,0.08038056641817093,0.287548691034317,-0.09928657859563828,0.9973810315132141,77,155
35,1166,11,0.08914308995008469,0.32882872223854065,0.052805524319410324,0.9997705817222595,85,177
35,1166,12,0.04593723267316818,0.33165842294692993,-0.10098826885223389,0.9998906850814819,44,179
35,1166,13,0.1059735044836998,0.4166497588157654,0.0841657891869545,0.513807475566864,101,224
35,1166,14,0.03393351659178734,0.43145424127578735,-0.14387698471546173,0.9477546811103821,32,232
35,1166,15,0.13531622290611267,0.47904035449028015,0.031023286283016205,0.4844647943973541,129,258
35,1166,16,0.022196561098098755,0.5176683068275452,-0.19635231792926788,0.8512446284294128,21,279
35,1166,17,0.14204832911491394,0.501288652420044,0.026562968268990517,0.49182945489883423,136,270
35,1166,18,0.015033373609185219,0.5384567975997925,-0.21821197867393494,0.8162238597869873,14,290
35,1166,19,0.14538417756557465,0.5003633499145508,0.0019301517168059945,0.49407610297203064,139,270
35,1166,20,0.021757526323199272,0.544087290763855,-0.23145025968551636,0.7931588888168335,20,293
35,1166,21,0.14193004369735718,0.4932173490524292,0.01946389675140381,0.46772250533103943,136,266
35,1166,22,0.026257066056132317,0.5376439690589905,-0.20313331484794617,0.7091659307479858,25,290
35,1166,23,0.07719320803880692,0.5081443786621094,0.05363355204463005,0.9999678730964661,74,274
35,1166,24,0.06540817767381668,0.5112891793251038,-0.05378735065460205,0.9999752044677734,62,276
35,1166,25,0.06177348271012306,0.633759081363678,0.06260453909635544,0.7216275334358215,59,342
35,1166,26,0.10770826786756516,0.6309311389923096,-0.07097385823726654,0.9589601159095764,103,340
35,1166,27,0.01969560980796814,0.742746889591217,0.08465030044317245,0.8955748677253723,18,401
35,1166,28,0.13724972307682037,0.7544516921043396,-0.05515916645526886,0.9786364436149597,131,407
35,1166,29,0.0067041898146271706,0.7616173028945923,0.0827232077717781,0.9093196988105774,6,411
35,1166,30,0.1359259933233261,0.7836104035377502,-0.05661427974700928,0.9711233377456665,130,423
35,1166,31,0.04295918717980385,0.775787889957428,0.03355672210454941,0.8618891835212708,41,418
35,1166,32,0.17106591165065765,0.7634572386741638,-0.12008596211671829,0.9338904619216919,164,412
36,1200,0,0.09029938280582428,0.2770795524120331,-0.10242093354463577,0.9979174137115479,86,149
36,1200,1,0.0916731208562851,0.26604315638542175,-0.09124196320772171,0.998286247253418,88,143
36,1200,2,0.0924767553806305,0.2659229040145874,-0.09142182022333145,0.9979216456413269,88,143
36,1200,3,0.09344863891601562,0.26588138937950134,-0.09139814227819443,0.9984977841377258,89,143
36,1200,4,0.0886269137263298,0.2655442953109741,-0.10381323844194412,0.9985860586166382,85,143
36,1200,5,0.08736243098974228,0.26485002040863037,-0.1040283590555191,0.9989517331123352,83,143
36,1200,6,0.08611106872558594,0.2642126679420471,-0.10410846769809723,0.9993050694465637,82,142
36,1200,7,0.09170065820217133,0.26899856328964233,-0.02837897464632988,0.9991587400436401,88,145
36,1200,8,0.0798238068819046,0.26469844579696655,-0.08579760044813156,0.9989593625068665,76,142
36,1200,9,0.09000693261623383,0.28753674030303955,-0.07646431773900986,0.997463583946228,86,155
36,1200,10,0.08630611002445221,0.28684547543525696,-0.09401557594537735,0.9976414442062378,82,154
36,1200,11,0.09723182022571564,0.3312249481678009,0.04731273278594017,0.9997903108596802,93,178
36,1200,12,0.05767688900232315,0.3319057524204254,-0.09945579618215561,0.9999008774757385,55,179
36,1200,13,0.1128726676106453,0.4184195399284363,0.07673680782318115,0.5441332459449768,108,225
36,1200,14,0.03757455572485924,0.4316144585609436,-0.14159491658210754,0.9526861906051636,36,233
36,1200,15,0.1413276493549347,0.4800926446914673,0.025213688611984253,0.5266911387443542,135,259
36,1200,16,0.027689332142472267,0.5177437663078308,-0.18295638263225555,0.8659427762031555,26,279
36,1200,17,0.14861638844013214,0.5012181997299194,0.021046672016382217,0.5327084064483643,142,270
36,1200,18,0.018631985411047935,0.5377973318099976,-0.20314626395702362,0.8342848420143127,17,290
36,1200,19,0.15215489268302917,0.5004589557647705,-0.0019010694231837988,0.5363324880599976,146,270
36,1200,20,0.02537253312766552,0.5454573035240173,-0.21637707948684692,0.8135583400726318,24,294
36,1200,21,0.14852987229824066,0.49395751953125,0.01734006777405739,0.5122860074043274,142,266
36,1200,22,0.030561529099941254,0.5395221710205078,-0.18960438668727875,0.7378612160682678,29,291
36,1200,23,0.08464368432760239,0.5108525156974792,0.05304506793618202,0.9999697804450989,81,275
36,1200,24,0.07836772501468658,0.512875497341156,-0.05319387838244438,0.9999769926071167,75,276
36,1200,25,0.0688939243555069,0.6295223236083984,0.07408174127340317,0.7365554571151733,66,339
36,1200,26,0.11725078523159027,0.6310138702392578,-0.062278665602207184,0.9619945287704468,112,340
36,1200,27,0.023668143898248672,0.7392930388450623,0.11446937918663025,0.8982062339782715,22,399
36,1200,28,0.14143702387809753,0.7577465176582336,-0.04520469158887863,0.9802696108818054,135,409
36,1200,29,0.009421540424227715,0.7545610070228577,0.11423277854919434,0.9110625386238098,9,407
36,1200,30,0.13802772760391235,0.785693347454071,-0.046190451830625534,0.9726449251174927,132,424
36,1200,31,0.04551788046956062,0.7762935757637024,0.07188089191913605,0.8713281750679016,43,419
36,1200,32,0.1747782677412033,0.7723551988601685,-0.1049405112862587,0.9398219585418701,167,417
37,1233,0,0.09452391415834427,0.2763187885284424,-0.12169333547353745,0.9981247186660767,90,149
37,1233,1,0.0942843034863472,0.2652946710586548,-0.10950561612844467,0.9984559416770935,90,143
37,1233,2,0.09473991394042969,0.2650463879108429,-0.10969226807355881,0.9981276392936707,90,143
37,1233,3,0.0953487679362297,0.26493486762046814,-0.10966287553310394,0.9986464977264404,91,143
37,1233,4,0.09154438227415085,0.26525020599365234,-0.12474743276834488,0.9987266063690186,87,143
37,1233,5,0.08984703570604324,0.264688640832901,-0.12496306002140045,0.9990559816360474,86,142
37,1233,6,0.08828088641166687,0.26417186856269836,-0.12504874169826508,0.9993740320205688,84,142
37,1233,7,0.09247390180826187,0.2683350741863251,-0.041321638971567154,0.9992419481277466,88,144
37,1233,8,0.08182314783334732,0.2646394371986389,-0.11048009246587753,0.9990623593330383,78,142
37,1233,9,0.09319838881492615,0.2866791784763336,-0.09349491447210312,0.9977158308029175,89,154
37,1233,10,0.08917232602834702,0.28635352849960327,-0.11461782455444336,0.9978761076927185,85,154
37,1233,11,0.09733806550502777,0.33133044838905334,0.04170927032828331,0.9998084306716919,93,178
37,1233,12,0.062253810465335846,0.332143098115921,-0.1243104413151741,0.9999101758003235,59,179
37,1233,13,0.11309937387704849,0.4193171262741089,0.0773705244064331,0.5711141228675842,108,226
37,1233,14,0.03870474919676781,0.4314170181751251,-0.16901183128356934,0.9572842717170715,37,232
37,1233,15,0.14252786338329315,0.4798521399497986,0.029880477115511894,0.5653668642044067,136,259
37,1233,16,0.02991296537220478,0.5172866582870483,-0.21885374188423157,0.8792458176612854,28,279
37,1233,17,0.1505516916513443,0.5010680556297302,0.02725081518292427,0.5700145363807678,144,270
37,1233,18,0.021480495110154152,0.538099467754364,-0.24224571883678436,0.850654125213623,20,290
37,1233,19,0.1539131999015808,0.500033438205719,0.0011406033299863338,0.5747830271720886,147,270
37,1233,20,0.027377761900424957,0.5455792546272278,-0.25491392612457275,0.8320194482803345,26,294
37,1233,21,0.15056613087654114,0.49335670471191406,0.018536822870373726,0.5529458522796631,144,266
37,1233,22,0.032631080597639084,0.5389810800552368,-0.22557185590267181,0.7638022303581238,31,291
37,1233,23,0.08785504847764969,0.5117840766906738,0.05510309711098671,0.9999720454216003,84,276
37,1233,24,0.07915861904621124,0.5151916146278381,-0.055244434624910355,0.9999788999557495,75,278
37,1233,25,0.0681677982211113,0.6293817162513733,0.10940120369195938,0.7573004961013794,65,339
37,1233,26,0.11946030706167221,0.6316322088241577,-0.056490086019039154,0.9654357433319092,114,341
37,1233,27,0.024613680317997932,0.7379878163337708,0.17178089916706085,0.906270444393158,23,398
37,1233,28,0.1424635797739029,0.7594375610351562,-0.038713790476322174,0.9821250438690186,136,410
37,1233,29,0.010704235173761845,0.7518802881240845,0.1737341433763504,0.9174344539642334,10,406
37,1233,30,0.13824574649333954,0.7870866656303406,-0.04031217843294144,0.9748705625534058,132,425
37,1233,31,0.049018122255802155,0.7781103253364563,0.12751199305057526,0.882947564125061,47,420
37,1233,32,0.176341712474823,0.7772090435028076,-0.09272883087396622,0.9456561803817749,169,419
38,1266,0,0.10038010776042938,0.275888055562973,-0.1261259764432907,0.9983114004135132,96,148
38,1266,1,0.10051229596138,0.2646656036376953,-0.1118602380156517,0.9986088275909424,96,142
38,1266,2,0.101230189204216,0.2644096314907074,-0.1120384931564331,0.9983130693435669,97,142
38,1266,3,0.10214655846357346,0.26430484652519226,-0.11200159043073654,0.9987803101539612,98,142
38,1266,4,0.09740401059389114,0.264724999666214,-0.12751977145671844,0.9988532066345215,93,142
38,1266,5,0.09582628309726715,0.2642415165901184,-0.1277380883693695,0.9991499185562134,91,142
38,1266,6,0.09415558725595474,0.263788104057312,-0.12783554196357727,0.9994361996650696,90,142
38,1266,7,0.09975963085889816,0.26789262890815735,-0.037595268338918686,0.9993166923522949,95,144
38,1266,8,0.0873388946056366,0.2646709680557251,-0.10812721401453018,0.9991552233695984,83,142
38,1266,9,0.09970870614051819,0.2861917018890381,-0.09574703872203827,0.9979428648948669,95,154
38,1266,10,0.09620870649814606,0.28630584478378296,-0.11739608645439148,0.998087465763092,92,154
38,1266,11,0.10219664126634598,0.33277222514152527,0.04522661492228508,0.9998230934143066,98,179
38,1266,12,0.07022050768136978,0.3324507474899292,-0.12220887839794159,0.9999184608459473,67,179
38,1266,13,0.11940985172986984,0.422079861164093,0.08648546040058136,0.5922206044197083,114,227
38,1266,14,0.048858243972063065,0.43138962984085083,-0.16501352190971375,0.9614311456680298,46,232
38,1266,15,0.14959722757339478,0.480355829000473,0.03240097314119339,0.601106584072113,143,259
38,1266,16,0.0336257666349411,0.5178655385971069,-0.21568270027637482,0.8912509679794312,32,279
38,1266,17,0.1569521278142929,0.5018866062164307,0.02931652031838894,0.6042037010192871,150,271
38,1266,18,0.025934869423508644,0.5398145318031311,-0.23955197632312775,0.8654313087463379,24,291
38,1266,19,0.16024406254291534,0.5006977915763855,0.002303573302924633,0.6099342703819275,153,270
38,1266,20,0.03202323988080025,0.5466200709342957,-0.2519511878490448,0.8486747741699219,30,295
38,1266,21,0.15681180357933044,0.4938491880893707,0.019994135946035385,0.5899212956428528,150,266
38,1266,22,0.03658303990960121,0.5396915078163147,-0.22214113175868988,0.7872011065483093,35,291
38,1266,23,0.09928783774375916,0.5114901065826416,0.056698933243751526,0.9999729990959167,95,276
38,1266,24,0.08690106868743896,0.5145950317382812,-0.0568447969853878,0.9999802112579346,83,277
38,1266,25,0.07854625582695007,0.6292281150817871,0.10377585887908936,0.7720157504081726,75,339
38,1266,26,0.12400839477777481,0.6315930485725403,-0.06589677929878235,0.9681516885757446,119,341
38,1266,27,0.02878996543586254,0.733763575553894,0.1534367948770523,0.91158127784729,27,396
38,1266,28,0.14492544531822205,0.7601475119590759,-0.040021784603595734,0.9836835265159607,139,410
38,1266,29,0.01463320478796959,0.7443346977233887,0.15437763929367065,0.9209094047546387,14,401
38,1266,30,0.13948845863342285,0.7872734069824219,-0.04070259630680084,0.9764381051063538,133,425
38,1266,31,0.05105697736144066,0.7780471444129944,0.10576950013637543,0.8924190998077393,49,420
38,1266,32,0.17993345856666565,0.783953845500946,-0.11212368309497833,0.9507455229759216,172,423
39,1300,0,0.10305030643939972,0.27408871054649353,-0.10340049862861633,0.9984761476516724,98,148
39,1300,1,0.10209602862596512,0.2636628746986389,-0.09178804606199265,0.9987410306930542,98,142
39,1300,2,0.10229171812534332,0.26353955268859863,-0.09196310490369797,0.9984747171401978,98,142
39,1300,3,0.10275750607252121,0.26351961493492126,-0.09194143861532211,0.9988973736763,98,142
39,1300,4,0.10027975589036942,0.2634745240211487,-0.10732338577508926,0.9989638328552246,96,142
39,1300,5,0.09905441105365753,0.2630026936531067,-0.1075315997004509,0.9992319941520691,95,142
39,1300,6,0.09748788923025131,0.262532114982605,-0.10761771351099014,0.9994897842407227,93,141
39,1300,7,0.09927364438772202,0.2672201991081238,-0.03115278109908104,0.9993824362754822,95,144
39,1300,8,0.09067252278327942,0.2639685571193695,-0.099500872194767,0.9992344379425049,87,142
39,1300,9,0.10155345499515533,0.285417765378952,-0.07747524231672287,0.9981449842453003,97,154
39,1300,10,0.09900970011949539,0.28497615456581116,-0.09892788529396057,0.9982746839523315,95,153
39,1300,11,0.10218124091625214,0.3327895700931549,0.047581594437360764,0.9998382329940796,98,179
39,1300,12,0.07330689579248428,0.3328613340854645,-0.1165798231959343,0.9999250769615173,70,179
39,1300,13,0.11918701231479645,0.4221324920654297,0.08592772483825684,0.6014172434806824,114,227
39,1300,14,0.051430243998765945,0.4313632845878601,-0.16165654361248016,0.9645138382911682,49,232
39,1300,15,0.1493220329284668,0.4799543619155884,0.03441188111901283,0.6224146485328674,143,259
39,1300,16,0.03529428318142891,0.5171076655387878,-0.21006342768669128,0.9006655812263489,33,279
39,1300,17,0.15651501715183258,0.5012407898902893,0.030911069363355637,0.6231999397277832,150,270
39,1300,18,0.028044430539011955,0.5396315455436707,-0.23225802183151245,0.8763977289199829,26,291
39,1300,19,0.1599869728088379,0.5005283951759338,0.0050979116931557655,0.6311573386192322,153,270
39,1300,20,0.03408817946910858,0.5458449721336365,-0.2445451319217682,0.8615115880966187,32,294
39,1300,21,0.15666109323501587,0.4939768612384796,0.022235440090298653,0.6124192476272583,150,266
39,1300,22,0.03854372724890709,0.538925290107727,-0.21662233769893646,0.8054059743881226,37,291
39,1300,23,0.09994644671678543,0.5106859803199768,0.0558471716940403,0.9999749064445496,95,275
39,1300,24,0.0886896401643753,0.5133146643638611,-0.055996593087911606,0.9999816417694092,85,277
39,1300,25,0.07986743003129959,0.6292965412139893,0.08464659005403519,0.7773768901824951,76,339
39,1300,26,0.12557950615882874,0.6307774782180786,-0.06624133884906769,0.9694589972496033,120,340
39,1300,27,0.030001381412148476,0.7311804890632629,0.13284000754356384,0.9144682884216309,28,394
39,1300,28,0.14495213329792023,0.7602750062942505,-0.03636974096298218,0.9848740696907043,139,410
39,1300,29,0.015951843932271004,0.7419183850288391,0.13361746072769165,0.9222219586372375,15,400
39,1300,30,0.13866566121578217,0.7873323559761047,-0.0365724116563797,0.9770190119743347,133,425
39,1300,31,0.04980281740427017,0.777981162071228,0.07627356797456741,0.9000756144523621,47,420
39,1300,32,0.17955364286899567,0.7833644151687622,-0.10753729939460754,0.955050528049469,172,423
40,1333,0,0.10544515401124954,0.2739507555961609,-0.11210563033819199,0.9986266493797302,101,147
40,1333,1,0.10676239430904388,0.2633850872516632,-0.09810929000377655,0.9988640546798706,102,142
40,1333,2,0.10767725110054016,0.26332521438598633,-0.0982724204659462,0.9986239671707153,103,142
40,1333,3,0.10881773382425308,0.26334938406944275,-0.0982423797249794,0.9990049600601196,104,142
40,1333,4,0.10337439179420471,0.26300057768821716,-0.11105971783399582,0.9990658760070801,99,142
40,1333,5,0.10189203172922134,0.26244887709617615,-0.11128489673137665,0.9993076920509338,97,141
40,1333,6,0.10027668625116348,0.2619325816631317,-0.11138250678777695,0.9995397925376892,96,141
40,1333,7,0.10793249309062958,0.2669915556907654,-0.028265390545129776,0.9994423389434814,103,144
40,1333,8,0.0945255309343338,0.26395735144615173,-0.0943986028432846,0.9993090629577637,90,142
40,1333,9,0.10583703219890594,0.2853142321109772,-0.0824793130159378,0.9983277916908264,101,154
40,1333,10,0.10152103751897812,0.28469544649124146,-0.10050078481435776,0.9984449148178101,97,153
40,1333,11,0.11243879795074463,0.33327504992485046,0.05043063312768936,0.9998490214347839,107,179
40,1333,12,0.07950937747955322,0.33263230323791504,-0.09351343661546707,0.9999313354492188,76,179
40,1333,13,0.12578611075878143,0.42500752210617065,0.08411615341901779,0.6099523901939392,120,229
40,1333,14,0.0589737668633461,0.43156561255455017,-0.13050612807273865,0.9675556421279907,56,233
40,1333,15,0.15423937141895294,0.48034995794296265,0.012151598930358887,0.648203432559967,148,259
40,1333,16,0.04050367698073387,0.517799973487854,-0.18986572325229645,0.9102615714073181,38,279
40,1333,17,0.16183723509311676,0.5016967058181763,0.004857670050114393,0.6482881903648376,155,270
40,1333,18,0.032598212361335754,0.5402694344520569,-0.2111126035451889,0.8881377577781677,31,291
40,1333,19,0.16486874222755432,0.500761866569519,-0.019908884540200233,0.6573906540870667,158,270
40,1333,20,0.03791613504290581,0.5467236042022705,-0.2325384020805359,0.8748003840446472,36,295
40,1333,21,0.16151325404644012,0.4942367672920227,-0.0001137458166340366,0.6395562291145325,155,266
40,1333,22,0.04334329813718796,0.5400815010070801,-0.19949205219745636,0.8241210579872131,41,291
40,1333,23,0.10863414406776428,0.5093901753425598,0.0521625392138958,0.9999756217002869,104,275
40,1333,24,0.09463388472795486,0.5113062262535095,-0.052340444177389145,0.9999825954437256,90,276
40,1333,25,0.0974346250295639,0.6289538145065308,0.050576101988554,0.7891106009483337,93,339
40,1333,26,0.13229455053806305,0.6306636929512024,-0.07579350471496582,0.9711602330207825,127,340
40,1333,27,0.03904997557401657,0.7234024405479431,0.07678388059139252,0.9186536073684692,37,390
40,1333,28,0.14555397629737854,0.7602368593215942,-0.04058903828263283,0.9859930276870728,139,410
40,1333,29,0.022195957601070404,0.7283147573471069,0.0757463127374649,0.9228963851928711,21,393
40,1333,30,0.1380275934934616,0.787318766117096,-0.0397045835852623,0.9773924946784973,132,425
40,1333,31,0.05038636922836304,0.7782976627349854,0.01645021326839924,0.9077962040901184,48,420
40,1333,32,0.17905853688716888,0.7862008810043335,-0.1112620159983635,0.9590317606925964,171,424
41,1366,0,0.10805176198482513,0.2724589705467224,-0.1187625452876091,0.9987590312957764,103,147
41,1366,1,0.1089853048324585,0.2621690630912781,-0.10403575003147125,0.998969554901123,104,141
41,1366,2,0.10986604541540146,0.2622799575328827,-0.10420694947242737,0.9987529516220093,105,141
41,1366,3,0.11084019392728806,0.262495219707489,-0.10417406260967255,0.9990970492362976,106,141
41,1366,4,0.10527022927999496,0.26140913367271423,-0.11876288056373596,0.9991552233695984,101,141
41,1366,5,0.10351638495922089,0.26080459356307983,-0.11898918449878693,0.9993743300437927,99,140
41,1366,6,0.10141704976558685,0.2602943181991577,-0.11908736079931259,0.99958336353302,97,140
41,1366,7,0.10951150953769684,0.2669486403465271,-0.02794462814927101,0.999493420124054,105,144
41,1366,8,0.09539222717285156,0.2632176876068115,-0.09489069879055023,0.9993739128112793,91,142
41,1366,9,0.10816662758588791,0.28421294689178467,-0.08757184445858002,0.9984874725341797,103,153
41,1366,10,0.10322939604520798,0.2836892306804657,-0.10780954360961914,0.998594343662262,99,153
41,1366,11,0.11275029927492142,0.33324316143989563,0.05343356356024742,0.999853789806366,108,179
41,1366,12,0.08176218718290329,0.3326367139816284,-0.09864887595176697,0.9999365210533142,78,179
41,1366,13,0.12505726516246796,0.4254326820373535,0.08119690418243408,0.5861200094223022,120,229
41,1366,14,0.06080055981874466,0.43159884214401245,-0.13980987668037415,0.9702288508415222,58,233
41,1366,15,0.15366150438785553,0.4805755019187927,0.00864058081060648,0.639942467212677,147,259
41,1366,16,0.04318375885486603,0.5181443691253662,-0.20006181299686432,0.9186392426490784,41,279
41,1366,17,0.161227285861969,0.5018050670623779,0.0012487992644309998,0.643059253692627,154,270
41,1366,18,0.03395495563745499,0.5411186814308167,-0.22293899953365326,0.8982953429222107,32,292
41,1366,19,0.16397352516651154,0.5008751749992371,-0.023489607498049736,0.6554973721504211,157,270
41,1366,20,0.04000352695584297,0.5466012954711914,-0.2372971624135971,0.8863947987556458,38,295
41,1366,21,0.16076943278312683,0.49440816044807434,-0.0038374816067516804,0.6385053992271423,154,266
41,1366,22,0.046338316053152084,0.5398904085159302,-0.20743443071842194,0.8404467105865479,44,291
41,1366,23,0.11047054827213287,0.5084790587425232,0.05286271497607231,0.9999764561653137,106,274
41,1366,24,0.09495673328638077,0.5111404061317444,-0.05303303152322769,0.9999837279319763,91,276
41,1366,25,0.09904420375823975,0.6299286484718323,0.0646790862083435,0.7985031008720398,95,340
41,1366,26,0.13391202688217163,0.6305171251296997,-0.0745031088590622,0.9728302955627441,128,340
41,1366,27,0.038857731968164444,0.7214081287384033,0.08317740261554718,0.9219813346862793,37,389
41,1366,28,0.14557109773159027,0.7602217793464661,-0.03776361420750618,0.9870636463165283,139,410
41,1366,29,0.022313661873340607,0.7260663509368896,0.08259736746549606,0.9246370196342468,21,392
41,1366,30,0.1380733698606491,0.7872799634933472,-0.037911467254161835,0.9780329465866089,132,425
41,1366,31,0.05021360144019127,0.7786502242088318,0.0438397042453289,0.9142287969589233,48,420
41,1366,32,0.1802491843700409,0.7874338626861572,-0.10680337250232697,0.9626397490501404,173,425
42,1400,0,0.11768529564142227,0.27176493406295776,-0.0867452323436737,0.9988780617713928,112,146
42,1400,1,0.11780416965484619,0.26169532537460327,-0.07222720980644226,0.9990642666816711,113,141
42,1400,2,0.11825286597013474,0.26173698902130127,-0.0723804384469986,0.9988687634468079,113,141
42,1400,3,0.11884305626153946,0.26187488436698914,-0.07235059142112732,0.9991801381111145,114,141
42,1400,4,0.11582052707672119,0.2610795497894287,-0.08841408789157867,0.9992356896400452,111,140
42,1400,5,0.11474684625864029,0.2605270445346832,-0.08862927556037903,0.9994342923164368,110,140
42,1400,6,0.11317969113588333,0.26005733013153076,-0.08872013539075851,0.9996227025985718,108,140
42,1400,7,0.11596561223268509,0.26649540662765503,-0.0025352281518280506,0.9995402693748474,111,143
42,1400,8,0.10642353445291519,0.26316478848457336,-0.07359883934259415,0.9994329214096069,102,142
42,1400,9,0.11675974726676941,0.28353673219680786,-0.05776538699865341,0.9986337423324585,112,153
42,1400,10,0.1140202209353447,0.2829365134239197,-0.0797664150595665,0.9987309575080872,109,152
42,1400,11,0.11905352026224136,0.3331587314605713,0.06930933892726898,0.9998640418052673,114,179
42,1400,12,0.08887122571468353,0.33263278007507324,-0.0893421322107315,0.9999418258666992,85,179
42,1400,13,0.13334724307060242,0.42341873049736023,0.0956849679350853,0.582132875919342,128,228
42,1400,14,0.07112129777669907,0.4315607249736786,-0.13945414125919342,0.9725938439369202,68,233
42,1400,15,0.1597825139760971,0.47943753004074097,0.03215192258358002,0.6474429368972778,153,258
42,1400,16,0.05605601146817207,0.5178448557853699,-0.19770368933677673,0.9260876178741455,53,279
42,1400,17,0.1669757217168808,0.5012075304985046,0.026791321113705635,0.6498263478279114,160,270
42,1400,18,0.0459621287882328,0.5406901240348816,-0.22035415470600128,0.9072909951210022,44,291
42,1400,19,0.16969116032123566,0.5008141398429871,0.002201040741056204,0.6643728613853455,162,270
42,1400,20,0.05221879109740257,0.5460690259933472,-0.2318551242351532,0.8966645002365112,50,294
42,1400,21,0.16638751327991486,0.4943865239620209,0.019937194883823395,0.648313581943512,159,266
42,1400,22,0.05755539983510971,0.5393079519271851,-0.20398083329200745,0.8549097776412964,55,291
42,1400,23,0.11693132668733597,0.5079438090324402,0.05274568498134613,0.999977707862854,112,274
42,1400,24,0.1009545624256134,0.5095347762107849,-0.05291109159588814,0.999984860420227,96,275
42,1400,25,0.1133756935596466,0.629395067691803,0.03719688206911087,0.8083457946777344,108,339
42,1400,26,0.13866296410560608,0.6283783316612244,-0.08452535420656204,0.9735900163650513,133,339
42,1400,27,0.050747428089380264,0.7176045179367065,0.07849284261465073,0.9196120500564575,48,387
42,1400,28,0.14687079191207886,0.7602198719978333,-0.04981343075633049,0.9877232313156128,140,410
42,1400,29,0.03460588678717613,0.7168675661087036,0.07970954477787018,0.9188254475593567,33,387
42,1400,30,0.13839170336723328,0.7874608635902405,-0.04892920330166817,0.9770182967185974,132,425
42,1400,31,0.053066786378622055,0.778286874294281,0.0303411316126585,0.9175959229469299,50,420
42,1400,32,0.1820678859949112,0.7880115509033203,-0.11826407164335251,0.9655559659004211,174,425
43,1433,0,0.1207311600446701,0.2700541317462921,-0.09126153588294983,0.9989850521087646,115,145
43,1433,1,0.12009014189243317,0.26030513644218445,-0.07533100247383118,0.999149739742279,115,140
43,1433,2,0.12034310400485992,0.26019755005836487,-0.07548484206199646,0.9989729523658752,115,140
43,1433,3,0.12073592841625214,0.26019683480262756,-0.07545430958271027,0.9992548823356628,115,140
43,1433,4,0.1177373081445694,0.2598714828491211,-0.09219300746917725,0.9993078708648682,113,140
43,1433,5,0.1159798726439476,0.25935444235801697,-0.0924108475446701,0.9994879364967346,111,140
43,1433,6,0.11426939815282822,0.25886133313179016,-0.0925021693110466,0.9996577501296997,109,139
43,1433,7,0.11714355647563934,0.2654277980327606,-0.005573031026870012,0.9995819926261902,112,143
43,1433,8,0.10698860138654709,0.2623520493507385,-0.07543433457612991,0.9994850158691406,102,141
43,1433,9,0.11912529170513153,0.2817404270172119,-0.06009983271360397,0.9987631440162659,114,152
43,1433,10,0.11573534458875656,0.28131523728370667,-0.0831015482544899,0.9988517165184021,111,151
43,1433,11,0.12055434286594391,0.33308401703834534,0.06930002570152283,0.9998693466186523,115,179
43,1433,12,0.09185384213924408,0.3327522575855255,-0.09215705841779709,0.9999455809593201,88,179
43,1433,13,0.1341647058725357,0.42287495732307434,0.09171784669160843,0.5617815256118774,128,228
43,1433,14,0.07240729033946991,0.4318963885307312,-0.14125320315361023,0.9743944406509399,69,233
43,1433,15,0.1594606339931488,0.47943007946014404,0.02819465659558773,0.6400785446166992,153,258
43,1433,16,0.057424452155828476,0.5176640152931213,-0.19962570071220398,0.9322811961174011,55,279
43,1433,17,0.16561616957187653,0.501373827457428,0.02048998512327671,0.6445015072822571,158,270
43,1433,18,0.0490964911878109,0.5404170155525208,-0.2219569832086563,0.914625883102417,47,291
43,1433,19,0.16905038058757782,0.5010412931442261,-0.0035831364803016186,0.6614501476287842,162,270
43,1433,20,0.05434561148285866,0.5458393692970276,-0.23303793370723724,0.905202329158783,52,294
43,1433,21,0.165720134973526,0.49448949098587036,0.015305915847420692,0.6459964513778687,159,267
43,1433,22,0.058910809457302094,0.538939893245697,-0.20565925538539886,0.8670250177383423,56,291
43,1433,23,0.1185799315571785,0.5064931511878967,0.05311457812786102,0.9999783635139465,113,273
43,1433,24,0.1009666845202446,0.5089575052261353,-0.05327562987804413,0.9999856352806091,96,274
43,1433,25,0.12010035663843155,0.6274819374084473,0.03569488227367401,0.8149181604385376,115,338
43,1433,26,0.13847583532333374,0.626579999923706,-0.08682743459939957,0.9741097688674927,132,338
43,1433,27,0.0533524826169014,0.7145363688468933,0.06720544397830963,0.9188172221183777,51,385
43,1433,28,0.14702852070331573,0.7602115869522095,-0.05240210145711899,0.9883295297622681,141,410
43,1433,29,0.038224317133426666,0.7147216200828552,0.06724605709314346,0.9160735607147217,36,385
43,1433,30,0.1389302760362625,0.7874953746795654,-0.051255591213703156,0.9764484763145447,133,425
43,1433,31,0.054368700832128525,0.7784813046455383,0.014024934731423855,0.9212285876274109,52,420
43,1433,32,0.18258662521839142,0.7876519560813904,-0.12063539773225784,0.9681488275527954,175,425
44,1466,0,0.12576830387115479,0.26836347579956055,-0.07604812830686569,0.9990735054016113,120,144
44,1466,1,0.1253068596124649,0.25868919491767883,-0.06271309405565262,0.9991961121559143,120,139
44,1466,2,0.12526355683803558,0.2585616409778595,-0.06287605315446854,0.9990307688713074,120,139
44,1466,3,0.12548322975635529,0.2585173547267914,-0.06286977231502533,0.9992990493774414,120,139
44,1466,4,0.12440910190343857,0.25839847326278687,-0.07734283059835434,0.9993565082550049,119,139
44,1466,5,0.12304875999689102,0.25802376866340637,-0.07752761244773865,0.9995212554931641,118,139
44,1466,6,0.12239978462457657,0.257538765668869,-0.0776248350739479,0.9996739029884338,117,139
44,1466,7,0.12197933346033096,0.26383692026138306,-0.00022583661484532058,0.9996061325073242,117,142
44,1466,8,0.1157853752374649,0.261478066444397,-0.06537597626447678,0.9995034337043762,111,141
44,1466,9,0.12407353520393372,0.2798881232738495,-0.05053753778338432,0.9988660216331482,119,151
44,1466,10,0.12195945531129837,0.27947625517845154,-0.07086221128702164,0.9989466667175293,117,150
44,1466,11,0.12592600286006927,0.33288541436195374,0.06845112890005112,0.9998798370361328,120,179
44,1466,12,0.09854704886674881,0.3312004506587982,-0.08856646716594696,0.9999470114707947,94,178
44,1466,13,0.13857309520244598,0.42277950048446655,0.0981621965765953,0.5727365016937256,133,228
44,1466,14,0.08219734579324722,0.4318283498287201,-0.12994453310966492,0.9766845107078552,78,233
44,1466,15,0.16344612836837769,0.47970592975616455,0.046754561364650726,0.6642975807189941,156,259
44,1466,16,0.06842190772294998,0.518184244632721,-0.17164106667041779,0.937663733959198,65,279
44,1466,17,0.16905474662780762,0.5017794370651245,0.04196838662028313,0.6678467988967896,162,270
44,1466,18,0.057641807943582535,0.5402016043663025,-0.19263964891433716,0.9204695224761963,55,291
44,1466,19,0.17180554568767548,0.501430094242096,0.019071202725172043,0.6847006678581238,164,270
44,1466,20,0.06430309265851974,0.5456811785697937,-0.20447492599487305,0.9123467206954956,61,294
44,1466,21,0.16845235228538513,0.49457719922065735,0.035897400230169296,0.6693740487098694,161,267
44,1466,22,0.06854087859392166,0.5391504168510437,-0.17813248932361603,0.8770921230316162,65,291
44,1466,23,0.12601026892662048,0.5056341290473938,0.05297500267624855,0.9999791979789734,120,273
44,1466,24,0.10531396418809891,0.5077517628669739,-0.05312154442071915,0.9999852180480957,101,274
44,1466,25,0.1445658951997757,0.623198926448822,0.04080718383193016,0.8242260813713074,138,336
44,1466,26,0.13578371703624725,0.626689612865448,-0.11545630544424057,0.9763893485069275,130,338
44,1466,27,0.14488747715950012,0.7419754862785339,0.07073648273944855,0.9256826639175415,139,400
44,1466,28,0.07058562338352203,0.7108851075172424,-0.03688942268490791,0.9885988235473633,67,383
44,1466,29,0.13711591064929962,0.7674763798713684,0.06909763067960739,0.9204179048538208,131,414
44,1466,30,0.0573558583855629,0.7114949226379395,-0.026889793574810028,0.9704989194869995,55,384
44,1466,31,0.17165333032608032,0.783464252948761,0.011579609476029873,0.928016722202301,164,423
44,1466,32,0.07433442026376724,0.779887855052948,-0.06310271471738815,0.9703505039215088,71,421
45,1500,0,0.1270817667245865,0.26759418845176697,-0.10007582604885101,0.9991631507873535,121,144
45,1500,1,0.12687000632286072,0.25800859928131104,-0.0844777449965477,0.9992673397064209,121,139
45,1500,2,0.12694865465164185,0.25789329409599304,-0.08464295417070389,0.9991166591644287,121,139
45,1500,3,0.12718768417835236,0.2578621804714203,-0.08462940156459808,0.999360978603363,122,139
45,1500,4,0.12491364777088165,0.25761693716049194,-0.09938772767782211,0.999415934085846,119,139
45,1500,5,0.12358143925666809,0.25718486309051514,-0.09956399351358414,0.9995647072792053,118,138
45,1500,6,0.12234076857566833,0.256649911403656,-0.09965500980615616,0.9997017979621887,117,138
45,1500,7,0.1238991990685463,0.2636239230632782,-0.005627802107483149,0.9996387362480164,118,142
45,1500,8,0.11551932245492935,0.2612072229385376,-0.07468929141759872,0.999541163444519,110,141
45,1500,9,0.12537525594234467,0.27902650833129883,-0.07021589577198029,0.9989674091339111,120,150
45,1500,10,0.1222623735666275,0.27867257595062256,-0.0909586250782013,0.9990413784980774,117,150
45,1500,11,0.12731310725212097,0.3323546350002289,0.06554854661226273,0.9998887777328491,122,179
45,1500,12,0.10025598853826523,0.3312157392501831,-0.0896492749452591,0.9999465942382812,96,178
45,1500,13,0.1400945633649826,0.422737181186676,0.09557610005140305,0.5667585134506226,134,228
45,1500,14,0.08277016133069992,0.4331654906272888,-0.13003674149513245,0.9783398509025574,79,233
45,1500,15,0.16505473852157593,0.48014265298843384,0.04008303955197334,0.6757195591926575,158,259
45,1500,16,0.07108183205127716,0.5183236598968506,-0.16470059752464294,0.9394763708114624,68,279
45,1500,17,0.17093898355960846,0.5034996867179871,0.03537480905652046,0.6790449619293213,164,271
45,1500,18,0.05994557589292526,0.5401268601417542,-0.1847485899925232,0.9200822710990906,57,291
45,1500,19,0.1725904941558838,0.5030559301376343,0.012134095653891563,0.69703608751297,165,271
45,1500,20,0.06491167098283768,0.545518159866333,-0.19587326049804688,0.9139183759689331,62,294
45,1500,21,0.16893962025642395,0.4957570433616638,0.029137160629034042,0.6811202168464661,162,267
45,1500,22,0.0693812221288681,0.5389887690544128,-0.17066097259521484,0.8799965977668762,66,291
45,1500,23,0.1272478848695755,0.5043158531188965,0.052922267466783524,0.9999779462814331,122,272
45,1500,24,0.1059933677315712,0.5077930092811584,-0.05306888371706009,0.9999822974205017,101,274
45,1500,25,0.14622779190540314,0.6225188374519348,0.0464307926595211,0.8226628303527832,140,336
45,1500,26,0.13566137850284576,0.6269968748092651,-0.11661872267723083,0.9781014919281006,130,338
45,1500,27,0.14878219366073608,0.7484911680221558,0.0788673534989357,0.9298675656318665,142,404
45,1500,28,0.06449513137340546,0.7047048211097717,-0.0362289696931839,0.9883161187171936,61,380
45,1500,29,0.14170019328594208,0.7775712013244629,0.0773182064294815,0.919681191444397,136,419
45,1500,30,0.051248982548713684,0.7025012373924255,-0.026552435010671616,0.9620980024337769,49,379
45,1500,31,0.17485187947750092,0.7845284342765808,0.018778396770358086,0.9325143098831177,167,423
45,1500,32,0.06670108437538147,0.7740046977996826,-0.06620720028877258,0.9717290997505188,64,417
46,1533,0,0.13950563967227936,0.2671871781349182,-0.06919635087251663,0.9992320537567139,133,144
46,1533,1,0.13660570979118347,0.25661423802375793,-0.06025383993983269,0.9993200302124023,131,138
46,1533,2,0.13570407032966614,0.2562962472438812,-0.06042856723070145,0.9991838932037354,130,138
46,1533,3,0.13498634099960327,0.25602248311042786,-0.06041083484888077,0.9994108080863953,129,138
46,1533,4,0.1372195929288864,0.25659841299057007,-0.07973155379295349,0.9994613528251648,131,138
46,1533,5,0.13678641617298126,0.2562558948993683,-0.07990305125713348,0.9995982646942139,131,138
46,1533,6,0.13639196753501892,0.2558108866214752,-0.07996576279401779,0.9997233748435974,130,138
46,1533,7,0.1280636191368103,0.2610245943069458,-0.007343627978116274,0.999667763710022,122,140
46,1533,8,0.12993086874485016,0.26035675406455994,-0.09131824225187302,0.9995721578598022,124,140
46,1533,9,0.1360451728105545,0.27881920337677,-0.04851900041103363,0.9990617036819458,130,150
46,1533,10,0.13590802252292633,0.27846553921699524,-0.07509903609752655,0.9991288781166077,130,150
46,1533,11,0.12818779051303864,0.33092617988586426,0.05852608010172844,0.9998981356620789,123,178
46,1533,12,0.11047150939702988,0.3311043083667755,-0.12083347141742706,0.9999507069587708,106,178
46,1533,13,0.1432802975177765,0.4223695695400238,0.08571252226829529,0.5443691611289978,137,228
46,1533,14,0.0947984904050827,0.43172740936279297,-0.1724420189857483,0.9787977337837219,91,233
46,1533,15,0.1688508242368698,0.48055678606033325,0.036369439214468,0.6673569679260254,162,259
46,1533,16,0.08596449345350266,0.5173351168632507,-0.2080780565738678,0.9436549544334412,82,279
46,1533,17,0.174454003572464,0.5044946074485779,0.035012535750865936,0.6745052933692932,167,272
46,1533,18,0.07699365168809891,0.5396081209182739,-0.23081517219543457,0.925327718257904,73,291
46,1533,19,0.17663651704788208,0.5035775899887085,0.010315831750631332,0.6940744519233704,169,271
46,1533,20,0.08131463080644608,0.5435284972190857,-0.23768146336078644,0.9198300838470459,78,293
46,1533,21,0.1733207106590271,0.4960399568080902,0.02488812617957592,0.6774070262908936,166,267
46,1533,22,0.08678508549928665,0.5372866988182068,-0.2125127762556076,0.8878608345985413,83,290
46,1533,23,0.12911713123321533,0.5046528577804565,0.057063836604356766,0.9999783039093018,123,272
46,1533,24,0.1182258352637291,0.5084434747695923,-0.057195521891117096,0.9999828934669495,113,274
46,1533,25,0.14168763160705566,0.6224241256713867,0.09744283556938171,0.7964244484901428,136,336
46,1533,26,0.14309149980545044,0.6303663849830627,-0.0347832590341568,0.9734792709350586,137,340
46,1533,27,0.10353337228298187,0.7152044773101807,0.14301498234272003,0.9098727107048035,99,386
46,1533,28,0.13858763873577118,0.7448707222938538,0.0015217979671433568,0.9878461956977844,133,402
46,1533,29,0.09359431266784668,0.7222146987915039,0.1440594643354416,0.8985876441001892,89,389
46,1533,30,0.12828035652637482,0.7688342332839966,0.0029125744476914406,0.9593212604522705,123,415
46,1533,31,0.1606394648551941,0.7746595740318298,0.09844552725553513,0.9238818287849426,154,418
46,1533,32,0.1717793047428131,0.7814410924911499,-0.05844061076641083,0.9718602299690247,164,421
47,1566,0,0.1423037052154541,0.26336508989334106,-0.07462096214294434,0.999275267124176,136,142
47,1566,1,0.13935141265392303,0.2539158761501312,-0.06435348838567734,0.9993385076522827,133,137
47,1566,2,0.13855551183223724,0.2536444067955017,-0.06452330946922302,0.9992126226425171,133,136
47,1566,3,0.1379222273826599,0.25339874625205994,-0.06450068950653076,0.9994328618049622,132,136
47,1566,4,0.13931041955947876,0.2540760338306427,-0.08045832812786102,0.9994871020317078,133,137
47,1566,5,0.13834242522716522,0.2538363039493561,-0.08061910420656204,0.999618411064148,132,137
47,1566,6,0.13756264746189117,0.25344687700271606,-0.08067135512828827,0.9997350573539734,132,136
47,1566,7,0.13031695783138275,0.2578509747982025,-0.01214284636080265,0.9996846914291382,125,139
47,1566,8,0.1293582022190094,0.25726258754730225,-0.10200967639684677,0.9995901584625244,124,138
47,1566,9,0.13876505196094513,0.27549558877944946,-0.051748089492321014,0.9991338849067688,133,148
47,1566,10,0.13803890347480774,0.2749948501586914,-0.0775967687368393,0.9991977214813232,132,148
47,1566,11,0.12997153401374817,0.3297944664955139,0.05399765446782112,0.9999033808708191,124,178
47,1566,12,0.11148048937320709,0.3303181231021881,-0.1320866346359253,0.9999536871910095,107,178
47,1566,13,0.14433720707893372,0.42260703444480896,0.084982730448246,0.5040156245231628,138,228
47,1566,14,0.09733698517084122,0.43156325817108154,-0.18816210329532623,0.9792961478233337,93,233
47,1566,15,0.16981253027915955,0.48213326930999756,0.036522772163152695,0.6225348711013794,163,260
47,1566,16,0.08568889647722244,0.5175848603248596,-0.23121072351932526,0.947609007358551,82,279
47,1566,17,0.17502433061599731,0.5070977210998535,0.034771423786878586,0.6357612609863281,168,273
47,1566,18,0.07630737870931625,0.5394934415817261,-0.25544798374176025,0.9303093552589417,73,291
47,1566,19,0.17755170166492462,0.5060797929763794,0.010130610316991806,0.6564786434173584,170,273
47,1566,20,0.08177369087934494,0.5436193943023682,-0.2627943456172943,0.9254371523857117,78,293
47,1566,21,0.1741940975189209,0.4984627068042755,0.024891015142202377,0.6406941413879395,167,269
47,1566,22,0.08606180548667908,0.537258505821228,-0.2359718382358551,0.8954042792320251,82,290
47,1566,23,0.1319953352212906,0.5049550533294678,0.058257684111595154,0.9999787211418152,126,272
47,1566,24,0.1201544776558876,0.5103086829185486,-0.05839931592345238,0.9999837279319763,115,275
47,1566,25,0.14569899439811707,0.6225780248641968,0.0954652652144432,0.7771753072738647,139,336
47,1566,26,0.14543220400810242,0.6357350945472717,-0.021458366885781288,0.967011034488678,139,343
47,1566,27,0.09249106049537659,0.707892656326294,0.1484406590461731,0.8869121670722961,88,382
47,1566,28,0.1482861191034317,0.7611037492752075,0.03309691324830055,0.9865357279777527,142,410
47,1566,29,0.0802629366517067,0.7106847763061523,0.150809183716774,0.8778549432754517,77,383
47,1566,30,0.13729476928710938,0.786542534828186,0.03621324151754379,0.9550835490226746,131,424
47,1566,31,0.13723620772361755,0.7720186114311218,0.10675176233053207,0.9119908213615417,131,416
47,1566,32,0.1801711469888687,0.7870046496391296,-0.025697987526655197,0.9704574942588806,172,424
48,1600,0,0.14699193835258484,0.261996865272522,-0.07660649716854095,0.999258279800415,141,141
48,1600,1,0.1452052742242813,0.2524957060813904,-0.06620298326015472,0.9991960525512695,139,136
48,1600,2,0.14483027160167694,0.25224119424819946,-0.06636694073677063,0.999049961566925,139,136
48,1600,3,0.14460612833499908,0.2520129680633545,-0.06634075939655304,0.9993258714675903,138,136
48,1600,4,0.14465127885341644,0.25281789898872375,-0.08096019923686981,0.9994356036186218,138,136
48,1600,5,0.14367014169692993,0.25269895792007446,-0.08110789209604263,0.9995759725570679,137,136
48,1600,6,0.14298667013645172,0.2523822784423828,-0.08121328800916672,0.9996912479400635,137,136
48,1600,7,0.1390053927898407,0.25677090883255005,-0.012217369861900806,0.9996220469474792,133,138
48,1600,8,0.13537409901618958,0.2566879689693451,-0.09731817990541458,0.9995238184928894,129,138
48,1600,9,0.14447316527366638,0.274679034948349,-0.05264518782496452,0.9991033673286438,138,148
48,1600,10,0.14317356050014496,0.2743605077266693,-0.07939434796571732,0.99918532371521,137,148
48,1600,11,0.13911424577236176,0.3291882872581482,0.05616408586502075,0.9998999238014221,133,177
48,1600,12,0.11893246322870255,0.33033713698387146,-0.12773862481117249,0.9999497532844543,114,178
48,1600,13,0.1495223343372345,0.4236334562301636,0.08535277098417282,0.461271733045578,143,228
48,1600,14,0.10733579099178314,0.433578759431839,-0.1746482253074646,0.980487048625946,103,234
48,1600,15,0.17224138975143433,0.48548686504364014,0.035016585141420364,0.5772190690040588,165,262
48,1600,16,0.10403209179639816,0.5236241817474365,-0.21452941000461578,0.9483844041824341,99,282
48,1600,17,0.17803522944450378,0.509789764881134,0.032777708023786545,0.5967696309089661,170,275
48,1600,18,0.09786482900381088,0.5428487658500671,-0.23695115745067596,0.9301362037658691,93,293
48,1600,19,0.17874866724014282,0.5105165839195251,0.007958339527249336,0.618113100528717,171,275
48,1600,20,0.10270453244447708,0.5451834797859192,-0.24756163358688354,0.9264770150184631,98,294
48,1600,21,0.17625465989112854,0.5025575757026672,0.02338981069624424,0.6024221777915955,169,271
48,1600,22,0.10553174465894699,0.5399367809295654,-0.22080592811107635,0.8961018919944763,101,291
48,1600,23,0.14572300016880035,0.5074165463447571,0.05846859887242317,0.9999770522117615,139,274
48,1600,24,0.13219377398490906,0.5108217597007751,-0.058590181171894073,0.9999818801879883,126,275
48,1600,25,0.15419739484786987,0.6227555871009827,0.10083766281604767,0.7667950987815857,148,336
48,1600,26,0.15343362092971802,0.6357315182685852,-0.0820525661110878,0.9691111445426941,147,343
48,1600,27,0.14578844606876373,0.7366469502449036,0.15860889852046967,0.8950942158699036,139,397
48,1600,28,0.11564722657203674,0.7150616645812988,0.02314472757279873,0.9862683415412903,111,386
48,1600,29,0.1372864991426468,0.7619245052337646,0.15999966859817505,0.8834270238876343,131,411
48,1600,30,0.10070551931858063,0.7173902988433838,0.033215176314115524,0.9484764933586121,96,387
48,1600,31,0.17505232989788055,0.7824645638465881,0.11326994001865387,0.9183704257011414,168,422
48,1600,32,0.12191379070281982,0.7745863795280457,-0.0011505403090268373,0.9715617895126343,117,418
49,1633,0,0.1504017412662506,0.2577063739299774,-0.08561670780181885,0.9991893172264099,144,139
49,1633,1,0.14766211807727814,0.2486562430858612,-0.07497371733188629,0.9989719390869141,141,134
49,1633,2,0.1470176875591278,0.24871930480003357,-0.07516737282276154,0.998803973197937,141,134
49,1633,3,0.14654682576656342,0.24877771735191345,-0.07515959441661835,0.9991896748542786,140,134
49,1633,4,0.1474122852087021,0.24887412786483765,-0.09367002546787262,0.9993337392807007,141,134
49,1633,5,0.14650501310825348,0.24900808930397034,-0.0938481017947197,0.9994887113571167,140,134
49,1633,6,0.14544740319252014,0.24897725880146027,-0.09396763890981674,0.9996155500411987,139,134
49,1633,7,0.13944628834724426,0.25378572940826416,-0.020196855068206787,0.9995489716529846,133,137
49,1633,8,0.13697758316993713,0.2537144124507904,-0.10844780504703522,0.9994074106216431,131,137
49,1633,9,0.14726229012012482,0.27230939269065857,-0.06233395263552666,0.999064564704895,141,147
49,1633,10,0.14595799148082733,0.2716647684574127,-0.08986973017454147,0.9991585612297058,140,146
49,1633,11,0.14208097755908966,0.3291451334953308,0.0525590181350708,0.9999006390571594,136,177
49,1633,12,0.11905011534690857,0.32975855469703674,-0.13750985264778137,0.999946653842926,114,178
49,1633,13,0.15181413292884827,0.4266209006309509,0.08554521203041077,0.42211973667144775,145,230
49,1633,14,0.10795192420482635,0.43547359108924866,-0.16914190351963043,0.9815667271614075,103,235
49,1633,15,0.17360122501850128,0.4877067804336548,0.03656966611742973,0.5351853370666504,166,263
49,1633,16,0.10347986221313477,0.527189314365387,-0.18617092072963715,0.9483950138092041,99,284
49,1633,17,0.1768076866865158,0.5114551782608032,0.03328154236078262,0.5605617761611938,169,276
49,1633,18,0.0981062725186348,0.547285795211792,-0.20631568133831024,0.9287213087081909,94,295
49,1633,19,0.17966370284557343,0.5121909379959106,0.01041638758033514,0.5821753740310669,172,276
49,1633,20,0.1044413149356842,0.5490574836730957,-0.21605321764945984,0.9263458251953125,100,296
49,1633,21,0.17590203881263733,0.5045245885848999,0.02584599331021309,0.5662530064582825,168,272
49,1633,22,0.10672300308942795,0.5437700152397156,-0.1906578540802002,0.8951829671859741,102,293
49,1633,23,0.14798730611801147,0.5066653490066528,0.058460962027311325,0.9999768137931824,142,273
49,1633,24,0.13337841629981995,0.5100255608558655,-0.05858073756098747,0.9999809861183167,128,275
49,1633,25,0.15758806467056274,0.622567892074585,0.10329903662204742,0.7568777799606323,151,336
49,1633,26,0.1539214700460434,0.6354461312294006,-0.09241039305925369,0.9707827568054199,147,343
49,1633,27,0.14913755655288696,0.7448519468307495,0.16175298392772675,0.9031931161880493,143,402
49,1633,28,0.11177580058574677,0.7091257572174072,0.028864897787570953,0.9859148263931274,107,382
49,1633,29,0.13800950348377228,0.7764677405357361,0.16292983293533325,0.8903090357780457,132,419
49,1633,30,0.0950339064002037,0.7119267582893372,0.04074344411492348,0.9432881474494934,91,384
49,1633,31,0.17659932374954224,0.7837855815887451,0.11399510502815247,0.9246634244918823,169,423
49,1633,32,0.11387696117162704,0.7696139812469482,0.008753156289458275,0.9725276231765747,109,415
50,1666,0,0.155445858836174,0.25815048813819885,-0.0737982913851738,0.9991979598999023,149,139
50,1666,1,0.15284855663776398,0.24868421256542206,-0.06574308127164841,0.9989797472953796,146,134
50,1666,2,0.15228699147701263,0.24874256551265717,-0.06592541933059692,0.9987978935241699,146,134
50,1666,3,0.1518620401620865,0.24882493913173676,-0.06589879095554352,0.9991929531097412,145,134
50,1666,4,0.15253792703151703,0.2489165961742401,-0.08532547950744629,0.9993493556976318,146,134
50,1666,5,0.1517435908317566,0.24903883039951324,-0.08553241938352585,0.9995006918907166,145,134
50,1666,6,0.150661900639534,0.24882173538208008,-0.08563747256994247,0.9996300339698792,144,134
50,1666,7,0.14532329142093658,0.2539786696434021,-0.019549092277884483,0.9995384216308594,139,137
50,1666,8,0.14272761344909668,0.2539167106151581,-0.10333029925823212,0.999421238899231,137,137
50,1666,9,0.152151420712471,0.2726004123687744,-0.05239762365818024,0.9990946650505066,146,147
50,1666,10,0.1513228416442871,0.2720060348510742,-0.07985495030879974,0.999200165271759,145,146
50,1666,11,0.14637817442417145,0.3284326493740082,0.053843606263399124,0.9998962879180908,140,177
50,1666,12,0.1258060336112976,0.3296760320663452,-0.13445404171943665,0.999950110912323,120,178
50,1666,13,0.15117290616035461,0.4291677474975586,0.09065867960453033,0.3817322850227356,145,231
50,1666,14,0.11793683469295502,0.43627992272377014,-0.16605396568775177,0.9817708730697632,113,235
50,1666,15,0.16972088813781738,0.5115851759910583,0.04574085399508476,0.48343801498413086,162,276
50,1666,16,0.12268327176570892,0.5287020802497864,-0.17461048066616058,0.9482995271682739,117,285
50,1666,17,0.1738385409116745,0.5339350700378418,0.043108973652124405,0.5074638724327087,166,288
50,1666,18,0.11792013049125671,0.5512480139732361,-0.1936831921339035,0.9272181987762451,113,297
50,1666,19,0.17759163677692413,0.5233297944068909,0.022391119971871376,0.5269849896430969,170,282
50,1666,20,0.12288034707307816,0.5517351627349854,-0.1984902173280716,0.9247250556945801,117,297
50,1666,21,0.17477990686893463,0.5186761021614075,0.03594684973359108,0.5124751329421997,167,280
50,1666,22,0.12642788887023926,0.5454174280166626,-0.17661672830581665,0.8910418748855591,121,294
50,1666,23,0.15603503584861755,0.5102482438087463,0.06057640537619591,0.9999778866767883,149,275
50,1666,24,0.14055737853050232,0.5139988660812378,-0.06069667264819145,0.9999824166297913,134,277
50,1666,25,0.17432333528995514,0.6250561475753784,0.09600638598203659,0.731979489326477,167,337
50,1666,26,0.15390709042549133,0.6370111703872681,-0.028139062225818634,0.9635372757911682,147,343
50,1666,27,0.12976311147212982,0.7222221493721008,0.1520628184080124,0.8754048943519592,124,389
50,1666,28,0.14248865842819214,0.7460564374923706,0.036993417888879776,0.9839581847190857,136,402
50,1666,29,0.11338672786951065,0.7336562275886536,0.15592409670352936,0.8736249208450317,108,396
50,1666,30,0.13219763338565826,0.7739651203155518,0.04167332500219345,0.9357210993766785,126,417
50,1666,31,0.14354082942008972,0.763498842716217,0.11516223102807999,0.9068331122398376,137,412
50,1666,32,0.17587469518184662,0.7808595895767212,-0.015364626422524452,0.9689767360687256,168,421
51,1700,0,0.15332108736038208,0.2590879201889038,-0.07572636753320694,0.9991999864578247,147,139
51,1700,1,0.15146519243717194,0.24897658824920654,-0.06694786250591278,0.9989849925041199,145,134
51,1700,2,0.15085694193840027,0.24906961619853973,-0.06712794303894043,0.9988019466400146,144,134
51,1700,3,0.15047448873519897,0.24915994703769684,-0.0671037882566452,0.9991990327835083,144,134
51,1700,4,0.15116767585277557,0.2492530792951584,-0.0856664702296257,0.9993513226509094,145,134
51,1700,5,0.15064279735088348,0.24934813380241394,-0.08587715774774551,0.9995017051696777,144,134
51,1700,6,0.15014688670635223,0.24910174310207367,-0.08598189055919647,0.999633252620697,144,134
51,1700,7,0.14469939470291138,0.25395870208740234,-0.019664740189909935,0.9995319247245789,138,137
51,1700,8,0.1435413360595703,0.2540209889411926,-0.10030384361743927,0.9994117617607117,137,137
51,1700,9,0.14977003633975983,0.27264270186424255,-0.05357255041599274,0.9991000294685364,143,147
51,1700,10,0.1487465351819992,0.27220970392227173,-0.07913760095834732,0.9992122054100037,142,146
51,1700,11,0.14579005539417267,0.32612553238868713,0.05196860805153847,0.9998929500579834,139,176
51,1700,12,0.12766650319099426,0.3292364478111267,-0.12957607209682465,0.9999515414237976,122,177
51,1700,13,0.1518373042345047,0.429043710231781,0.08738995343446732,0.3463228642940521,145,231
51,1700,14,0.11974157392978668,0.43647411465644836,-0.16103486716747284,0.979537308216095,114,235
51,1700,15,0.17010179162025452,0.5102616548538208,0.042235516011714935,0.4384770095348358,163,275
51,1700,16,0.12490225583314896,0.5293642282485962,-0.1746905893087387,0.9378899931907654,119,285
51,1700,17,0.17268651723861694,0.5279778242111206,0.03911152854561806,0.46229663491249084,165,285
51,1700,18,0.12185145914554596,0.5536627173423767,-0.1939234733581543,0.9137545228004456,116,298
51,1700,19,0.1753610074520111,0.5236663818359375,0.01808350905776024,0.4802226126194,168,282
51,1700,20,0.12765677273273468,0.5530068278312683,-0.19864562153816223,0.9113627672195435,122,298
51,1700,21,0.17335163056850433,0.5159181952476501,0.03225152939558029,0.46662548184394836,166,278
51,1700,22,0.12880413234233856,0.5460835099220276,-0.17695170640945435,0.8729008436203003,123,294
51,1700,23,0.15719686448574066,0.5107181668281555,0.06045136973261833,0.9999780654907227,150,275
51,1700,24,0.14100953936576843,0.5160101056098938,-0.06056715548038483,0.9999831914901733,135,278
51,1700,25,0.17693613469600677,0.6246188282966614,0.08071394264698029,0.7109616994857788,169,337
51,1700,26,0.15316136181354523,0.6368371248245239,-0.033721987158060074,0.9580435752868652,147,343
51,1700,27,0.12976022064685822,0.7110206484794617,0.14365795254707336,0.8518360257148743,124,383
51,1700,28,0.14438657462596893,0.751759946346283,0.022575775161385536,0.9823582768440247,138,405
51,1700,29,0.11224224418401718,0.7184253334999084,0.14618533849716187,0.8549407124519348,107,387
51,1700,30,0.13720199465751648,0.7814810872077942,0.026695532724261284,0.9290181994438171,131,421
51,1700,31,0.13742861151695251,0.7548205256462097,0.10374002903699875,0.8940603137016296,131,407
51,1700,32,0.1814844012260437,0.7854965925216675,-0.027382202446460724,0.9670932292938232,174,424
52,1733,0,0.1585388481616974,0.2575624883174896,-0.07971788197755814,0.999147355556488,152,139
52,1733,1,0.1569439321756363,0.24757501482963562,-0.0733124166727066,0.9989185333251953,150,133
52,1733,2,0.15616844594478607,0.24751004576683044,-0.07350476086139679,0.9987218379974365,149,133
52,1733,3,0.15556739270687103,0.24761773645877838,-0.0734659880399704,0.9991469979286194,149,133
52,1733,4,0.15756353735923767,0.24809426069259644,-0.09167495369911194,0.9993178844451904,151,133
52,1733,5,0.15751591324806213,0.24819378554821014,-0.09190533310174942,0.999477744102478,151,134
52,1733,6,0.15756109356880188,0.24804311990737915,-0.09202666580677032,0.9996254444122314,151,133
52,1733,7,0.150271937251091,0.25265032052993774,-0.02992427535355091,0.9994757175445557,144,136
52,1733,8,0.152469664812088,0.253414511680603,-0.11036130040884018,0.9993916153907776,146,136
52,1733,9,0.1553095430135727,0.27135834097862244,-0.05973139777779579,0.9990715980529785,149,146
52,1733,10,0.15553562343120575,0.27087464928627014,-0.08489753305912018,0.9992164969444275,149,146
52,1733,11,0.15068693459033966,0.325782835483551,0.0383908785879612,0.999891459941864,144,175
52,1733,12,0.13527297973632812,0.32964545488357544,-0.1392265111207962,0.9999547004699707,129,178
52,1733,13,0.1522623598575592,0.43239808082580566,0.07521726191043854,0.31332117319107056,146,233
52,1733,14,0.13052146136760712,0.4421302378177643,-0.16072000563144684,0.9795594811439514,125,238
52,1733,15,0.1685395985841751,0.5217356085777283,0.03888396546244621,0.3964643180370331,161,281
52,1733,16,0.1437595635652542,0.5376979112625122,-0.16148234903812408,0.9358869791030884,138,290
52,1733,17,0.1702326387166977,0.53326016664505,0.037360768765211105,0.41935995221138,163,287
52,1733,18,0.1441754400730133,0.5636209845542908,-0.18055175244808197,0.9092597961425781,138,304
52,1733,19,0.17206817865371704,0.5336238741874695,0.01676296815276146,0.435561865568161,165,288
52,1733,20,0.15169376134872437,0.5609437823295593,-0.18251031637191772,0.9064198136329651,145,302
52,1733,21,0.1732262670993805,0.5241532325744629,0.03074326179921627,0.4229206144809723,166,283
52,1733,22,0.152664914727211,0.551516592502594,-0.16205637156963348,0.8640305399894714,146,297
52,1733,23,0.16327115893363953,0.5183363556861877,0.059923626482486725,0.99997878074646,156,279
52,1733,24,0.14714019000530243,0.5243217945098877,-0.06004038080573082,0.9999843239784241,141,283
52,1733,25,0.19610601663589478,0.6240076422691345,0.0822453424334526,0.6769930720329285,188,336
52,1733,26,0.1526419222354889,0.638309895992279,-0.04355017840862274,0.953912615776062,146,344
52,1733,27,0.14458464086055756,0.6985974907875061,0.1686861515045166,0.8061753511428833,138,377
52,1733,28,0.1476311981678009,0.752731204032898,0.02451290376484394,0.9794127941131592,141,406
52,1733,29,0.13144266605377197,0.6999178528785706,0.17545238137245178,0.814602792263031,126,377
52,1733,30,0.13800764083862305,0.7825899720191956,0.030242061242461205,0.9174715280532837,132,422
52,1733,31,0.1440584659576416,0.7380112409591675,0.14350661635398865,0.8608679175376892,138,398
52,1733,32,0.18250100314617157,0.7859119772911072,-0.024071959778666496,0.9629889130592346,175,424
53,1766,0,0.1642383635044098,0.25694751739501953,-0.0720512792468071,0.9988605976104736,157,138
53,1766,1,0.16150662302970886,0.2465679943561554,-0.0646635890007019,0.9985129237174988,155,133
53,1766,2,0.16066643595695496,0.24639350175857544,-0.06485038250684738,0.9982826113700867,154,133
53,1766,3,0.15999211370944977,0.2463586926460266,-0.0648079663515091,0.9988436102867126,153,133
53,1766,4,0.16190458834171295,0.24704471230506897,-0.08421436697244644,0.9990987777709961,155,133
53,1766,5,0.16113807260990143,0.247029110789299,-0.08445359766483307,0.9993316531181335,154,133
53,1766,6,0.16071531176567078,0.24682334065437317,-0.08458153158426285,0.9995408058166504,154,133
53,1766,7,0.15246303379535675,0.25051501393318176,-0.02167089655995369,0.9992555379867554,146,135
53,1766,8,0.15311108529567719,0.25091782212257385,-0.10574598610401154,0.9992573261260986,146,135
53,1766,9,0.16048595309257507,0.2708137631416321,-0.051445167511701584,0.9988648891448975,154,146
53,1766,10,0.15995343029499054,0.270265132188797,-0.07830329239368439,0.9991113543510437,153,145
53,1766,11,0.15215186774730682,0.32491767406463623,0.04100896790623665,0.9998810291290283,146,175
53,1766,12,0.13591250777244568,0.3285888135433197,-0.1339615285396576,0.9999560117721558,130,177
53,1766,13,0.15118655562400818,0.43088534474372864,0.07705213874578476,0.28339022397994995,145,232
53,1766,14,0.13018031418323517,0.44145339727401733,-0.1605774611234665,0.9778929948806763,124,238
53,1766,15,0.16639240086078644,0.5162951946258545,0.038135867565870285,0.35768774151802063,159,278
53,1766,16,0.14001603424549103,0.5326358079910278,-0.16642321646213531,0.9270091652870178,134,287
53,1766,17,0.16437643766403198,0.5295667052268982,0.03597522899508476,0.3791247308254242,157,285
53,1766,18,0.14118438959121704,0.5616503357887268,-0.186184361577034,0.8979038000106812,135,303
53,1766,19,0.1684875637292862,0.5295848846435547,0.015574080869555473,0.3937421143054962,161,285
53,1766,20,0.1481548398733139,0.5601503252983093,-0.18799634277820587,0.8945824503898621,142,302
53,1766,21,0.171690434217453,0.5222074389457703,0.029458440840244293,0.38217872381210327,164,281
53,1766,22,0.14782781898975372,0.5460403561592102,-0.16707085072994232,0.8466231226921082,141,294
53,1766,23,0.16354523599147797,0.5207639336585999,0.059726033359766006,0.99997878074646,157,281
53,1766,24,0.14635631442070007,0.5272762179374695,-0.0598287507891655,0.9999850392341614,140,284
53,1766,25,0.19559453427791595,0.6228333115577698,0.06402990967035294,0.6587448716163635,187,336
53,1766,26,0.1523696333169937,0.6381592154502869,-0.10374908894300461,0.9532215595245361,146,344
53,1766,27,0.14465278387069702,0.6975354552268982,0.13763834536075592,0.7811336517333984,138,376
53,1766,28,0.14904071390628815,0.7531641721725464,-0.02884061262011528,0.978020429611206,143,406
53,1766,29,0.13150431215763092,0.6992694735527039,0.14422817528247833,0.7888599634170532,126,377
53,1766,30,0.1398068517446518,0.7814016342163086,-0.021955691277980804,0.9117518663406372,134,421
53,1766,31,0.14575964212417603,0.7354607582092285,0.11825574189424515,0.8449287414550781,139,397
53,1766,32,0.1833512932062149,0.785916805267334,-0.07768642157316208,0.9613670706748962,176,424
54,1800,0,0.17425037920475006,0.257076621055603,-0.08333659172058105,0.9988260269165039,167,138
54,1800,1,0.17080360651016235,0.2464594841003418,-0.07647111266851425,0.9984452128410339,163,133
54,1800,2,0.16989392042160034,0.2462843507528305,-0.07666292041540146,0.9981693029403687,163,132
54,1800,3,0.16902931034564972,0.24619333446025848,-0.07659947872161865,0.9987410306930542,162,132
54,1800,4,0.17110644280910492,0.24681153893470764,-0.09713782370090485,0.9990805983543396,164,133
54,1800,5,0.1704220324754715,0.24673309922218323,-0.09736854583024979,0.9993214011192322,163,133
54,1800,6,0.16986975073814392,0.24646872282028198,-0.09749322384595871,0.999539852142334,163,133
54,1800,7,0.1610570251941681,0.25074145197868347,-0.032067082822322845,0.999138593673706,154,135
54,1800,8,0.16187074780464172,0.2510068118572235,-0.12312343716621399,0.9992498755455017,155,135
54,1800,9,0.1705174446105957,0.2710217833518982,-0.06250343471765518,0.9987422227859497,163,146
54,1800,10,0.17052122950553894,0.2704724371433258,-0.09081912040710449,0.9990909099578857,163,146
54,1800,11,0.1572127789258957,0.3236289620399475,0.03685790300369263,0.9998587369918823,150,174
54,1800,12,0.1478300392627716,0.32806622982025146,-0.15707236528396606,0.9999580979347229,141,177
54,1800,13,0.1586947739124298,0.4329327642917633,0.07124655693769455,0.25666317343711853,152,233
54,1800,14,0.13966554403305054,0.4409429728984833,-0.19066646695137024,0.9794396758079529,134,238
54,1800,15,0.16843914985656738,0.5112168192863464,0.03651627525687218,0.3232549726963043,161,276
54,1800,16,0.1567118912935257,0.5365146398544312,-0.19152718782424927,0.9320905208587646,150,289
54,1800,17,0.1699448972940445,0.5399817228317261,0.03569381311535835,0.3435177206993103,163,291
54,1800,18,0.15526004135608673,0.5639687776565552,-0.2131509631872177,0.903322160243988,149,304
54,1800,19,0.1707451343536377,0.5342395305633545,0.014810724183917046,0.356751412153244,163,288
54,1800,20,0.1627015918493271,0.5626147389411926,-0.2104160189628601,0.900193989276886,156,303
54,1800,21,0.1744818389415741,0.5291398167610168,0.02813085727393627,0.34615829586982727,167,285
54,1800,22,0.16433414816856384,0.5510859489440918,-0.19016192853450775,0.8530527949333191,157,297
54,1800,23,0.16937921941280365,0.5203468799591064,0.0606377050280571,0.999976396560669,162,280
54,1800,24,0.15345077216625214,0.525786280632019,-0.0607396736741066,0.9999849200248718,147,283
54,1800,25,0.20634670555591583,0.6201570630073547,0.0902278795838356,0.6461129784584045,198,334
54,1800,26,0.15262757241725922,0.6379833817481995,-0.027631819248199463,0.9468063712120056,146,344
54,1800,27,0.1662324219942093,0.6996570229530334,0.17814111709594727,0.7760564088821411,159,377
54,1800,28,0.15146507322788239,0.7520656585693359,0.05253315344452858,0.976472795009613,145,406
54,1800,29,0.15553562343120575,0.7104858756065369,0.18422271311283112,0.781675398349762,149,383
54,1800,30,0.1425999253988266,0.7782686948776245,0.058491300791502,0.9030447006225586,136,420
54,1800,31,0.1812470555305481,0.7418275475502014,0.14788532257080078,0.8401835560798645,173,400
54,1800,32,0.1831137090921402,0.7856613993644714,0.0014544562436640263,0.9588298201560974,175,424
55,1833,0,0.17519083619117737,0.25653883814811707,-0.06920040398836136,0.998714804649353,168,138
55,1833,1,0.17160898447036743,0.24608905613422394,-0.06255656480789185,0.9982116222381592,164,132
55,1833,2,0.1703711301088333,0.24584715068340302,-0.06274349242448807,0.9978430867195129,163,132
55,1833,3,0.16923663020133972,0.24571703374385834,-0.0626869946718216,0.9984757900238037,162,132
55,1833,4,0.1725119948387146,0.246541827917099,-0.08262394368648529,0.9989966154098511,165,133
55,1833,5,0.17174097895622253,0.2465088963508606,-0.0828455239534378,0.9992743730545044,164,133
55,1833,6,0.17132966220378876,0.2462870329618454,-0.08295537531375885,0.9995191097259521,164,132
55,1833,7,0.1609380841255188,0.2500111758708954,-0.023191537708044052,0.9988898634910583,154,135
55,1833,8,0.16382573544979095,0.250633180141449,-0.12150634825229645,0.9992092251777649,157,135
55,1833,9,0.17101511359214783,0.27038612961769104,-0.04963130131363869,0.9985406398773193,164,146
55,1833,10,0.17110277712345123,0.26982834935188293,-0.07715870440006256,0.9990476369857788,164,145
55,1833,11,0.15582944452762604,0.32208117842674255,0.041149720549583435,0.9998428821563721,149,173
55,1833,12,0.1477009356021881,0.3257950246334076,-0.14597098529338837,0.9999611973762512,141,175
55,1833,13,0.1591515690088272,0.43249115347862244,0.07970499247312546,0.23232612013816833,152,233
55,1833,14,0.14305375516414642,0.4393695592880249,-0.17998071014881134,0.9810113906860352,137,237
55,1833,15,0.17027626931667328,0.5120734572410583,0.05041610449552536,0.29207172989845276,163,276
55,1833,16,0.16050505638122559,0.5353992581367493,-0.18951676785945892,0.9383496642112732,154,289
55,1833,17,0.1718195229768753,0.5375378727912903,0.04993527755141258,0.31128692626953125,164,290
55,1833,18,0.1580645740032196,0.5614081621170044,-0.21282967925071716,0.9119248390197754,151,303
55,1833,19,0.17170828580856323,0.5324847102165222,0.02932128496468067,0.32325479388237,164,287
55,1833,20,0.1660713255405426,0.5608887672424316,-0.20675641298294067,0.9090644717216492,159,302
55,1833,21,0.1750355362892151,0.5268616676330566,0.041491709649562836,0.3136141896247864,168,284
55,1833,22,0.16784211993217468,0.55025714635849,-0.1863943189382553,0.8654913902282715,161,297
55,1833,23,0.16857321560382843,0.5196772217750549,0.06043274328112602,0.9999755620956421,161,280
55,1833,24,0.1526692807674408,0.5252962112426758,-0.06053478643298149,0.9999855160713196,146,283
55,1833,25,0.20824362337589264,0.6202185153961182,0.08757121115922928,0.6167480945587158,199,334
55,1833,26,0.15230830013751984,0.6390401124954224,-0.021790234372019768,0.934462308883667,146,345
55,1833,27,0.16671983897686005,0.7015713453292847,0.16937093436717987,0.7491093277931213,160,378
55,1833,28,0.15065185725688934,0.7516587376594543,0.050037089735269547,0.9727500677108765,144,405
55,1833,29,0.155109241604805,0.7148386836051941,0.17514683306217194,0.7605001330375671,148,386
55,1833,30,0.1418704390525818,0.7775965332984924,0.05539661645889282,0.8911855816841125,136,419
55,1833,31,0.18446731567382812,0.7436055541038513,0.14179165661334991,0.8193764686584473,177,401
55,1833,32,0.18369625508785248,0.785444974899292,0.0020119030959904194,0.953122615814209,176,424
56,1866,0,0.18111245334148407,0.2558498978614807,-0.06886699795722961,0.9986371397972107,173,138
56,1866,1,0.1775437891483307,0.24568919837474823,-0.060992468148469925,0.9980285167694092,170,132
56,1866,2,0.17643046379089355,0.24555008113384247,-0.06117122247815132,0.9975785613059998,169,132
56,1866,3,0.17538100481033325,0.2454824447631836,-0.06111573055386543,0.9982764720916748,168,132
56,1866,4,0.17861464619636536,0.24599957466125488,-0.08112132549285889,0.9989277124404907,171,132
56,1866,5,0.1782749593257904,0.24598151445388794,-0.08133482933044434,0.9992291927337646,171,132
56,1866,6,0.17812155187129974,0.24578306078910828,-0.08143983036279678,0.9994965195655823,170,132
56,1866,7,0.1680998057126999,0.25017249584198,-0.018071530386805534,0.9986480474472046,161,135
56,1866,8,0.1716783195734024,0.25029295682907104,-0.11695685982704163,0.9991495013237,164,135
56,1866,9,0.1772509068250656,0.27019762992858887,-0.048503708094358444,0.9983661770820618,170,145
56,1866,10,0.1777721792459488,0.2694630026817322,-0.07607079297304153,0.998996376991272,170,145
56,1866,11,0.16444024443626404,0.32215091586112976,0.04453979805111885,0.999828577041626,157,173
56,1866,12,0.1533719003200531,0.32548943161964417,-0.14392103254795074,0.9999633431434631,147,175
56,1866,13,0.16482345759868622,0.42746949195861816,0.07979552447795868,0.21123981475830078,158,230
56,1866,14,0.15040865540504456,0.4366621971130371,-0.1769527643918991,0.9825105667114258,144,235
56,1866,15,0.1773921698331833,0.5033935904502869,0.04104616492986679,0.2646028995513916,170,271
56,1866,16,0.172288715839386,0.5226413011550903,-0.18655382096767426,0.9433836340904236,165,282
56,1866,17,0.1805259883403778,0.5373559594154358,0.03691970184445381,0.2831607162952423,173,290
56,1866,18,0.1731201708316803,0.5551741123199463,-0.21153010427951813,0.9184034466743469,166,299
56,1866,19,0.18160605430603027,0.5277581214904785,0.016074882820248604,0.2940864562988281,174,284
56,1866,20,0.18055324256420135,0.5514844059944153,-0.20560277998447418,0.915768027305603,173,297
56,1866,21,0.18237711489200592,0.51591956615448,0.03143426030874252,0.285180002450943,175,278
56,1866,22,0.18132103979587555,0.5399876236915588,-0.18401111662387848,0.8740412592887878,174,291
56,1866,23,0.1761326789855957,0.5176107883453369,0.0602361299097538,0.9999753832817078,169,279
56,1866,24,0.15757234394550323,0.5199095606803894,-0.060338813811540604,0.999985933303833,151,280
56,1866,25,0.21208687126636505,0.6166107058525085,0.08461163192987442,0.6001852750778198,203,332
56,1866,26,0.15333959460258484,0.639327883720398,-0.024358075112104416,0.9322569370269775,147,345
56,1866,27,0.191214457154274,0.7187780141830444,0.16305691003799438,0.7510108351707458,183,388
56,1866,28,0.15026327967643738,0.7557024955749512,0.036052342504262924,0.9727354645729065,144,408
56,1866,29,0.17824655771255493,0.7433041334152222,0.16653962433338165,0.7585591673851013,171,401
56,1866,30,0.1414080709218979,0.7805975675582886,0.041104305535554886,0.8856073021888733,135,421
56,1866,31,0.20946557819843292,0.7600228786468506,0.11612050235271454,0.8210374116897583,201,410
56,1866,32,0.18262891471385956,0.7873343229293823,-0.0056283967569470406,0.9533073306083679,175,425
57,1900,0,0.18262240290641785,0.2554466426372528,-0.06420658528804779,0.9984591007232666,175,137
57,1900,1,0.17909519374370575,0.2453353852033615,-0.05629919469356537,0.9976721405982971,171,132
57,1900,2,0.17788028717041016,0.24512995779514313,-0.056467246264219284,0.9970905184745789,170,132
57,1900,3,0.17678682506084442,0.24500037729740143,-0.056427255272865295,0.9979543685913086,169,132
57,1900,4,0.1800117790699005,0.24584349989891052,-0.07619895040988922,0.9987523555755615,172,132
57,1900,5,0.1795215904712677,0.2458714246749878,-0.07639498263597488,0.9990943074226379,172,132
57,1900,6,0.1787629872560501,0.2457214891910553,-0.07648403197526932,0.999420166015625,171,132
57,1900,7,0.16812381148338318,0.24960796535015106,-0.01330916304141283,0.9983299970626831,161,134
57,1900,8,0.17147906124591827,0.25014758110046387,-0.1095438227057457,0.9989852905273438,164,135
57,1900,9,0.1782248169183731,0.26941314339637756,-0.04413503408432007,0.998047411441803,171,145
57,1900,10,0.1782691776752472,0.2688845098018646,-0.07137641310691833,0.9988620281219482,171,145
57,1900,11,0.16239652037620544,0.32146063446998596,0.048727210611104965,0.99981689453125,155,173
57,1900,12,0.15460146963596344,0.3244805932044983,-0.14158082008361816,0.9999641180038452,148,175
57,1900,13,0.16451211273670197,0.4275197684764862,0.08318992704153061,0.19187673926353455,157,230
57,1900,14,0.15272045135498047,0.4337948262691498,-0.1734265834093094,0.9834263920783997,146,234
57,1900,15,0.17577776312828064,0.5015748143196106,0.043095652014017105,0.23972880840301514,168,270
57,1900,16,0.17340119183063507,0.51860511302948,-0.16980640590190887,0.9468262791633606,166,280
57,1900,17,0.17814037203788757,0.5329692363739014,0.03907473385334015,0.25755026936531067,171,287
57,1900,18,0.17403724789619446,0.5494946241378784,-0.19221575558185577,0.9222401976585388,167,296
57,1900,19,0.18138200044631958,0.5270050764083862,0.018005164340138435,0.2675340473651886,174,284
57,1900,20,0.1817956417798996,0.5457954406738281,-0.19071130454540253,0.9198001623153687,174,294
57,1900,21,0.18040314316749573,0.514569103717804,0.03330469876527786,0.2593005299568176,173,277
57,1900,22,0.18212488293647766,0.53458571434021,-0.16911818087100983,0.8779864311218262,174,288
57,1900,23,0.17496715486049652,0.5144396424293518,0.060011252760887146,0.9999719858169556,167,277
57,1900,24,0.15863467752933502,0.5163881778717041,-0.06011786684393883,0.9999846816062927,152,278
57,1900,25,0.21087360382080078,0.6166350841522217,0.07559000700712204,0.5601139068603516,202,332
57,1900,26,0.1553126722574234,0.641838550567627,-0.022678306326270103,0.9069558382034302,149,346
57,1900,27,0.1855570375919342,0.7421740889549255,0.1417967826128006,0.7127453088760376,178,400
57,1900,28,0.15267528593540192,0.7562500238418579,0.03189936652779579,0.9612661004066467,146,408
57,1900,29,0.1784706860780716,0.7518527507781982,0.14471842348575592,0.7215644717216492,171,406
57,1900,30,0.14388519525527954,0.7818735837936401,0.03606965392827988,0.8535398244857788,138,422
57,1900,31,0.19602665305137634,0.7810636162757874,0.10049884766340256,0.7862790822982788,188,421
57,1900,32,0.18152876198291779,0.7871280312538147,-0.015967590734362602,0.9368969798088074,174,425
58,1933,0,0.193361297249794,0.2555680274963379,-0.07807780057191849,0.9985471963882446,185,138
58,1933,1,0.18974342942237854,0.24544323980808258,-0.07195337116718292,0.9977784156799316,182,132
58,1933,2,0.18858839571475983,0.2452477365732193,-0.07212010025978088,0.9972228407859802,181,132
58,1933,3,0.18750375509262085,0.24512150883674622,-0.07205726206302643,0.998033881187439,180,132
58,1933,4,0.18978071212768555,0.24588902294635773,-0.09291265904903412,0.9988142251968384,182,132
58,1933,5,0.188710018992424,0.2459113448858261,-0.093113474547863,0.9991415143013,181,132
58,1933,6,0.18757988512516022,0.24576067924499512,-0.0932018831372261,0.9994503855705261,180,132
58,1933,7,0.17894335091114044,0.2497010976076126,-0.03293847665190697,0.9983659386634827,171,134
58,1933,8,0.179645374417305,0.2502255439758301,-0.12779372930526733,0.999032735824585,172,135
58,1933,9,0.1886216253042221,0.26950085163116455,-0.059425968676805496,0.9981030225753784,181,145
58,1933,10,0.18835024535655975,0.2689635157585144,-0.08810983598232269,0.9989144802093506,180,145
58,1933,11,0.16943827271461487,0.3215634524822235,0.03517364710569382,0.9998222589492798,162,173
58,1933,12,0.16424527764320374,0.32452866435050964,-0.16523724794387817,0.9999670386314392,157,175
58,1933,13,0.164960578083992,0.42900988459587097,0.07250015437602997,0.17460542917251587,158,231
58,1933,14,0.16187940537929535,0.43356940150260925,-0.18640129268169403,0.9849533438682556,155,234
58,1933,15,0.17490458488464355,0.5082257986068726,0.04297415539622307,0.21698613464832306,167,274
58,1933,16,0.18675900995731354,0.5173179507255554,-0.17256899178028107,0.9516093134880066,179,279
58,1933,17,0.1768140196800232,0.535156786441803,0.03859228268265724,0.23385605216026306,169,288
58,1933,18,0.18960265815258026,0.5460963845252991,-0.19459176063537598,0.9286872148513794,182,294
58,1933,19,0.17966125905513763,0.5319917798042297,0.017485106363892555,0.24287132918834686,172,287
58,1933,20,0.19699405133724213,0.5413321852684021,-0.19383741915225983,0.9264309406280518,189,292
58,1933,21,0.17892222106456757,0.5204002261161804,0.03288456052541733,0.23526546359062195,171,281
58,1933,22,0.19619011878967285,0.5315678119659424,-0.17236047983169556,0.8870359063148499,188,287
58,1933,23,0.17886266112327576,0.5121713876724243,0.061498019844293594,0.9999728798866272,171,276
58,1933,24,0.16297556459903717,0.5141407251358032,-0.06158480793237686,0.9999855756759644,156,277
58,1933,25,0.21771322190761566,0.614864706993103,0.09019852429628372,0.5536770820617676,209,332
58,1933,26,0.15731565654277802,0.63868248462677,-0.0178757905960083,0.9120265245437622,151,344
58,1933,27,0.21595172584056854,0.7399406433105469,0.14433914422988892,0.7269027829170227,207,399
58,1933,28,0.15153604745864868,0.7576282024383545,0.03513278439640999,0.9635258316993713,145,409
58,1933,29,0.20782223343849182,0.7634760141372681,0.14547543227672577,0.7332490086555481,199,412
58,1933,30,0.14293643832206726,0.7834972739219666,0.03817451372742653,0.8565558791160583,137,423
58,1933,31,0.24183307588100433,0.7754819989204407,0.10210952162742615,0.7974744439125061,232,418
58,1933,32,0.18179000914096832,0.7872976660728455,-0.018946239724755287,0.9402589797973633,174,425
59,1966,0,0.19237937033176422,0.2561708688735962,-0.08727793395519257,0.9985824823379517,184,138
59,1966,1,0.18957805633544922,0.24636080861091614,-0.08225739747285843,0.9977835416793823,181,133
59,1966,2,0.18860562145709991,0.24607761204242706,-0.08243200182914734,0.9972407817840576,181,132
59,1966,3,0.18767394125461578,0.24582929909229279,-0.08237604796886444,0.9980216026306152,180,132
59,1966,4,0.18985705077648163,0.24687576293945312,-0.10185153782367706,0.9988270998001099,182,133
59,1966,5,0.18892964720726013,0.24682219326496124,-0.10205304622650146,0.9991572499275208,181,133
59,1966,6,0.18824179470539093,0.24661362171173096,-0.10214819014072418,0.9994603395462036,180,133
59,1966,7,0.17973241209983826,0.24972602725028992,-0.04582228511571884,0.9983400702476501,172,134
59,1966,8,0.18067488074302673,0.25038906931877136,-0.13414011895656586,0.9990485906600952,173,135
59,1966,9,0.1881749927997589,0.26953041553497314,-0.06943976879119873,0.9980973601341248,180,145
59,1966,10,0.18782180547714233,0.2690154016017914,-0.09636393189430237,0.9989359378814697,180,145
59,1966,11,0.17184948921203613,0.3215813636779785,0.02377595752477646,0.9998238682746887,164,173
59,1966,12,0.16248954832553864,0.3251252770423889,-0.17042236030101776,0.999969482421875,155,175
59,1966,13,0.16523322463035583,0.4286404848098755,0.061244118958711624,0.1586376577615738,158,231
59,1966,14,0.1624951958656311,0.4341747462749481,-0.18665502965450287,0.9862909913063049,155,234
59,1966,15,0.17409375309944153,0.5079882740974426,0.03430299088358879,0.1959969401359558,167,274
59,1966,16,0.1890345960855484,0.5169033408164978,-0.17133134603500366,0.9558265209197998,181,279
59,1966,17,0.17588017880916595,0.5350593328475952,0.032383210957050323,0.2116982638835907,168,288
59,1966,18,0.19170626997947693,0.5444635152816772,-0.1931811422109604,0.9343579411506653,184,294
59,1966,19,0.17796851694583893,0.5329324007034302,0.012041779235005379,0.21982266008853912,170,287
59,1966,20,0.1992705762386322,0.5404104590415955,-0.19081325829029083,0.9322695732116699,191,291
59,1966,21,0.17805515229701996,0.5251544713973999,0.02545049972832203,0.21287329494953156,170,283
59,1966,22,0.19888806343078613,0.5313268303871155,-0.17021340131759644,0.894763708114624,190,286
59,1966,23,0.17860449850559235,0.510340690612793,0.061705492436885834,0.9999724626541138,171,275
59,1966,24,0.16238358616828918,0.5128841400146484,-0.06178458407521248,0.9999859929084778,155,276
59,1966,25,0.2174724042415619,0.612337052822113,0.10387732088565826,0.5417768359184265,208,330
59,1966,26,0.15866942703723907,0.6347715854644775,-0.013831318356096745,0.9162372946739197,152,342
59,1966,27,0.21853354573249817,0.739189088344574,0.1537833958864212,0.7375072836875916,209,399
59,1966,28,0.15044502913951874,0.7582201361656189,0.036023128777742386,0.9652706384658813,144,409
59,1966,29,0.21172048151493073,0.7657812833786011,0.1542913317680359,0.7409796714782715,203,413
59,1966,30,0.14184889197349548,0.7856726050376892,0.03854772821068764,0.8573559522628784,136,424
59,1966,31,0.244668647646904,0.7704301476478577,0.10510201752185822,0.8065428137779236,234,416
59,1966,32,0.18114174902439117,0.7872320413589478,-0.020744681358337402,0.9428513050079346,173,425
60,2000,0,0.1944499909877777,0.26061081886291504,-0.04530204460024834,0.9981787204742432,186,140
60,2000,1,0.19200706481933594,0.24994947016239166,-0.03931102901697159,0.9967111945152283,184,134
60,2000,2,0.19067546725273132,0.24947696924209595,-0.03944787755608559,0.9960502982139587,183,134
60,2000,3,0.18937984108924866,0.24905909597873688,-0.0393860824406147,0.9970206022262573,181,134
60,2000,4,0.1938682198524475,0.250650018453598,-0.0575171560049057,0.9982994198799133,186,135
60,2000,5,0.19394263625144958,0.2505607604980469,-0.05771498382091522,0.998817503452301,186,135
60,2000,6,0.1937924176454544,0.2503369450569153,-0.057813409715890884,0.9992335438728333,186,135
60,2000,7,0.1825479120016098,0.25317251682281494,-0.007655282039195299,0.9974988102912903,175,136
60,2000,8,0.18933214247226715,0.2548030912876129,-0.08959928154945374,0.9987350106239319,181,137
60,2000,9,0.19071732461452484,0.27339479327201843,-0.029480833560228348,0.997196614742279,183,147
60,2000,10,0.19199426472187042,0.2732589542865753,-0.054466597735881805,0.9985341429710388,184,147
60,2000,11,0.1727057844400406,0.322890967130661,0.05369654670357704,0.999782145023346,165,174
60,2000,12,0.17172132432460785,0.3274678587913513,-0.1297101378440857,0.9999690651893616,164,176
60,2000,13,0.1727350801229477,0.4325900375843048,0.0790448933839798,0.14401188492774963,165,233
60,2000,14,0.1758689433336258,0.4343804717063904,-0.1446649134159088,0.9871940612792969,168,234
60,2000,15,0.1833113133907318,0.5195559859275818,0.04831917583942413,0.1772649884223938,175,280
60,2000,16,0.20562802255153656,0.5115969777107239,-0.12281598895788193,0.9592751860618591,197,276
60,2000,17,0.18312063813209534,0.5393850803375244,0.04844463989138603,0.1921776980161667,175,291
60,2000,18,0.21175961196422577,0.534433126449585,-0.14175014197826385,0.9391157627105713,203,288
60,2000,19,0.18692359328269958,0.5329634547233582,0.029676655307412148,0.19948701560497284,179,287
60,2000,20,0.21676106750965118,0.5318612456321716,-0.136296346783638,0.9370666146278381,208,287
60,2000,21,0.18769291043281555,0.5286415815353394,0.04037334769964218,0.19310134649276733,180,285
60,2000,22,0.214267298579216,0.5219808220863342,-0.12017714232206345,0.9011893272399902,205,281
60,2000,23,0.1784750372171402,0.512567400932312,0.06050047650933266,0.9999604225158691,171,276
60,2000,24,0.17678236961364746,0.5137104988098145,-0.060594022274017334,0.9999823570251465,169,277
60,2000,25,0.21182136237621307,0.6257593631744385,0.10190141201019287,0.5310362577438354,203,337
60,2000,26,0.18465279042720795,0.6342582702636719,-0.020719805732369423,0.9199034571647644,177,342
60,2000,27,0.214285746216774,0.7578094601631165,0.13903824985027313,0.7524003982543945,205,409
60,2000,28,0.16729441285133362,0.7600135803222656,0.034066732972860336,0.9667400121688843,160,410
60,2000,29,0.21019959449768066,0.7852256298065186,0.13791987299919128,0.7500595450401306,201,424
60,2000,30,0.15796424448490143,0.7853313684463501,0.03680238872766495,0.860178530216217,151,424
60,2000,31,0.23093342781066895,0.7736393213272095,0.09384312480688095,0.816726565361023,221,417
60,2000,32,0.1900569647550583,0.7871794104576111,-0.010990658774971962,0.9448486566543579,182,425
61,2033,0,0.1981157511472702,0.2615245580673218,-0.047221455723047256,0.9982844591140747,190,141
61,2033,1,0.1948823779821396,0.25084659457206726,-0.04238708317279816,0.9969339370727539,187,135
61,2033,2,0.19328424334526062,0.2503608763217926,-0.04253479093313217,0.9963253736495972,185,135
61,2033,3,0.19173508882522583,0.24995741248130798,-0.04248679056763649,0.9972217082977295,184,134
61,2033,4,0.19725359976291656,0.2517622709274292,-0.06021896377205849,0.9984098672866821,189,135
61,2033,5,0.19755372405052185,0.2518306374549866,-0.060423895716667175,0.9988951683044434,189,135
61,2033,6,0.19797231256961823,0.251811683177948,-0.060513269156217575,0.9992836117744446,190,135
61,2033,7,0.18323497474193573,0.2539861798286438,-0.011357341893017292,0.9976873993873596,175,137
61,2033,8,0.19193266332149506,0.2562302052974701,-0.09244721382856369,0.9988255500793457,184,138
61,2033,9,0.1934935748577118,0.27413269877433777,-0.031287822872400284,0.99737149477005,185,148
61,2033,10,0.19569486379623413,0.2743229269981384,-0.05575427785515785,0.9986213445663452,187,148
61,2033,11,0.171039417386055,0.3232768177986145,0.052531756460666656,0.9997777342796326,164,174
61,2033,12,0.17420096695423126,0.3287845849990845,-0.1279357373714447,0.999970018863678,167,177
61,2033,13,0.17030952870845795,0.4332965016365051,0.07899277657270432,0.13241560757160187,163,233
61,2033,14,0.1754433661699295,0.4344540536403656,-0.1451367437839508,0.9881291389465332,168,234
61,2033,15,0.18321935832500458,0.5195220708847046,0.04614509269595146,0.16081291437149048,175,280
61,2033,16,0.2053326666355133,0.5101227760314941,-0.12649860978126526,0.9626007080078125,197,275
61,2033,17,0.18414027988910675,0.5399460792541504,0.045445382595062256,0.17555288970470428,176,291
61,2033,18,0.2113814353942871,0.5334349274635315,-0.1441980004310608,0.9438410401344299,202,288
61,2033,19,0.18764890730381012,0.5322397351264954,0.026761839166283607,0.1820979118347168,180,287
61,2033,20,0.2163809835910797,0.5309782028198242,-0.1400512158870697,0.9418339729309082,207,286
61,2033,21,0.18826395273208618,0.5291153192520142,0.037907686084508896,0.17622531950473785,180,285
61,2033,22,0.2138722836971283,0.5212701559066772,-0.12395084649324417,0.9081496596336365,205,281
61,2033,23,0.17614631354808807,0.5147867202758789,0.05914604663848877,0.9999613165855408,169,277
61,2033,24,0.18306490778923035,0.5137529969215393,-0.05928324535489082,0.9999831318855286,175,277
61,2033,25,0.16729618608951569,0.6383737325668335,0.13556848466396332,0.5565531253814697,160,344
61,2033,26,0.22487084567546844,0.6268205046653748,0.00425462843850255,0.9258127212524414,215,338
61,2033,27,0.158588245511055,0.7610282301902771,0.18732571601867676,0.7720784544944763,152,410
61,2033,28,0.23999500274658203,0.7521474361419678,0.06689537316560745,0.9694198369979858,230,406
61,2033,29,0.1511380970478058,0.7863014340400696,0.18929098546504974,0.769749104976654,145,424
61,2033,30,0.23575130105018616,0.7789055705070496,0.07141461968421936,0.8722800016403198,226,420
61,2033,31,0.18226005136966705,0.7789246439933777,0.15935900807380676,0.8287931084632874,174,420
61,2033,32,0.2685841917991638,0.7619851231575012,0.03434364125132561,0.9483298063278198,257,411
62,2066,0,0.20322544872760773,0.2633865773677826,-0.050786301493644714,0.9983341097831726,195,142
62,2066,1,0.20104576647281647,0.25265899300575256,-0.043774526566267014,0.997002124786377,193,136
62,2066,2,0.19987958669662476,0.25234299898147583,-0.043922390788793564,0.9963811635971069,191,136
62,2066,3,0.19874726235866547,0.25208717584609985,-0.0438564158976078,0.9972519278526306,190,136
62,2066,4,0.20253126323223114,0.25308114290237427,-0.0630231648683548,0.9984502196311951,194,136
62,2066,5,0.20252491533756256,0.25301092863082886,-0.06322473287582397,0.99892258644104,194,136
62,2066,6,0.20262271165847778,0.2528711259365082,-0.06332002580165863,0.9993041753768921,194,136
62,2066,7,0.1922716647386551,0.25649628043174744,-0.005159185267984867,0.9976422786712646,184,138
62,2066,8,0.19832608103752136,0.2574779987335205,-0.09268428385257721,0.9988449811935425,190,139
62,2066,9,0.19927707314491272,0.276105135679245,-0.032519157975912094,0.9973161220550537,191,149
62,2066,10,0.20030845701694489,0.27597999572753906,-0.058896712958812714,0.9986140727996826,192,149
62,2066,11,0.18439339101314545,0.3248959183692932,0.06303876638412476,0.9997546672821045,177,175
62,2066,12,0.1814432442188263,0.3295445144176483,-0.13000842928886414,0.9999710917472839,174,177
62,2066,13,0.17828910052776337,0.43658164143562317,0.0996851846575737,0.12002066522836685,171,235
62,2066,14,0.18783020973205566,0.43374815583229065,-0.1507997363805771,0.989060640335083,180,234
62,2066,15,0.18853972852230072,0.5231856107711792,0.06897953152656555,0.14523997902870178,180,282
62,2066,16,0.21986709535121918,0.505616307258606,-0.12377868592739105,0.9645558595657349,211,273
62,2066,17,0.18896348774433136,0.5433779954910278,0.06930695474147797,0.1589178889989853,181,293
62,2066,18,0.2288164496421814,0.5298280119895935,-0.1426837146282196,0.9452342391014099,219,286
62,2066,19,0.19238148629665375,0.538100004196167,0.049612484872341156,0.16484296321868896,184,290
62,2066,20,0.23378580808639526,0.5253034830093384,-0.1381399780511856,0.9431861639022827,224,283
62,2066,21,0.19266991317272186,0.5313132405281067,0.06042780727148056,0.15949352085590363,184,286
62,2066,22,0.23006390035152435,0.5163142085075378,-0.12128178775310516,0.9082136154174805,220,278
62,2066,23,0.19457463920116425,0.5125192999839783,0.06067122891545296,0.9999590516090393,186,276
62,2066,24,0.18096835911273956,0.513799250125885,-0.060783613473176956,0.9999827742576599,173,277
62,2066,25,0.22937189042568207,0.6244848966598511,0.10733772814273834,0.5411874055862427,220,337
62,2066,26,0.199019193649292,0.6315051317214966,-0.005127476062625647,0.9281655550003052,191,341
62,2066,27,0.25285881757736206,0.7550868391990662,0.15615281462669373,0.7790942192077637,242,407
62,2066,28,0.17208804190158844,0.7560962438583374,0.059404194355010986,0.9705560207366943,165,408
62,2066,29,0.25083127617836,0.7788256406784058,0.15671129524707794,0.7713729739189148,240,420
62,2066,30,0.1601128876209259,0.7815338373184204,0.06355147808790207,0.8667718172073364,153,422
62,2066,31,0.2822518050670624,0.7550353407859802,0.10156404227018356,0.8357689380645752,270,407
62,2066,32,0.20182964205741882,0.7772550582885742,0.010202359408140182,0.9502056837081909,193,419
63,2100,0,0.2081805020570755,0.2635147273540497,-0.06167574226856232,0.9984419941902161,199,142
63,2100,1,0.20487190783023834,0.2529394030570984,-0.05537565052509308,0.9971773028373718,196,136
63,2100,2,0.2033153474330902,0.25264787673950195,-0.055518101900815964,0.9965953826904297,195,136
63,2100,3,0.20172728598117828,0.2524060904979706,-0.0554472915828228,0.9974044561386108,193,136
63,2100,4,0.20618249475955963,0.25342586636543274,-0.07605619728565216,0.9985432624816895,197,136
63,2100,5,0.20583654940128326,0.25343459844589233,-0.07624395936727524,0.9989898204803467,197,136
63,2100,6,0.20534266531467438,0.25336647033691406,-0.07632654160261154,0.999347448348999,197,136
63,2100,7,0.1926073580980301,0.25653791427612305,-0.017422033473849297,0.997765839099884,184,138
63,2100,8,0.1989196240901947,0.2576468884944916,-0.11054212599992752,0.9989197850227356,190,139
63,2100,9,0.2032288759946823,0.27643704414367676,-0.04345747083425522,0.9974716901779175,195,149
63,2100,10,0.20433232188224792,0.2763417363166809,-0.07184012979269028,0.9987050294876099,196,149
63,2100,11,0.18606974184513092,0.32583287358283997,0.054164282977581024,0.9997616410255432,178,175
63,2100,12,0.18244433403015137,0.33013707399368286,-0.15046186745166779,0.9999731779098511,175,178
63,2100,13,0.17997702956199646,0.4369266629219055,0.09405974298715591,0.10946225374937057,172,235
63,2100,14,0.18676404654979706,0.43375036120414734,-0.15648913383483887,0.9900496602058411,179,234
63,2100,15,0.19043760001659393,0.527028501033783,0.05956319347023964,0.13168607652187347,182,284
63,2100,16,0.22221900522708893,0.5061146020889282,-0.13370059430599213,0.967650294303894,213,273
63,2100,17,0.1909041553735733,0.5462682843208313,0.05883704498410225,0.1446957141160965,183,294
63,2100,18,0.23184630274772644,0.5296728610992432,-0.1541173756122589,0.9495800137519836,222,286
63,2100,19,0.19457437098026276,0.5416833162307739,0.03875655308365822,0.15007391571998596,186,292
63,2100,20,0.23665446043014526,0.5241474509239197,-0.14927034080028534,0.947684109210968,227,283
63,2100,21,0.19472736120224,0.5338661670684814,0.050772227346897125,0.1451253741979599,186,288
63,2100,22,0.23307964205741882,0.5162047743797302,-0.13115474581718445,0.9144884347915649,223,278
63,2100,23,0.19472044706344604,0.5097272992134094,0.06144317612051964,0.9999573230743408,186,275
63,2100,24,0.17953072488307953,0.5136594772338867,-0.0615440234541893,0.9999827742576599,172,277
63,2100,25,0.2368740439414978,0.6214863061904907,0.10687283426523209,0.5347920060157776,227,335
63,2100,26,0.18275319039821625,0.6375352144241333,0.002217009663581848,0.9323969483375549,175,344
63,2100,27,0.2600150406360626,0.7515103816986084,0.16952382028102875,0.7881487607955933,249,405
63,2100,28,0.15605944395065308,0.759900689125061,0.07007099688053131,0.9722539782524109,149,410
63,2100,29,0.2574656903743744,0.7739884257316589,0.17188596725463867,0.7776276469230652,247,417
63,2100,30,0.14487224817276,0.7833524346351624,0.07441224902868271,0.8671313524246216,139,423
63,2100,31,0.28898733854293823,0.7463962435722351,0.11681225150823593,0.8446359038352966,277,403
63,2100,32,0.1863056868314743,0.7833934426307678,0.013786864466965199,0.952987015247345,178,423
64,2133,0,0.21129488945007324,0.26628750562667847,-0.05228165537118912,0.9985671639442444,202,143
64,2133,1,0.20923808217048645,0.25602519512176514,-0.04581277072429657,0.9974159598350525,200,138
64,2133,2,0.20825591683387756,0.2557404935359955,-0.045954931527376175,0.9968885779380798,199,138
64,2133,3,0.20734712481498718,0.2555038630962372,-0.04590855538845062,0.9976237416267395,199,137
64,2133,4,0.21044638752937317,0.25637686252593994,-0.06479578465223312,0.9986629486083984,202,138
64,2133,5,0.21043583750724792,0.2562958598136902,-0.06500449776649475,0.9990746974945068,202,138
64,2133,6,0.21051935851573944,0.25614097714424133,-0.06509275734424591,0.9994001984596252,202,138
64,2133,7,0.20099644362926483,0.25969168543815613,-0.008703175000846386,0.9979619383811951,192,140
64,2133,8,0.20652928948402405,0.2608213424682617,-0.09407076984643936,0.9990100264549255,198,140
64,2133,9,0.20793351531028748,0.2786349654197693,-0.03394686058163643,0.997654914855957,199,150
64,2133,10,0.2088850438594818,0.278586745262146,-0.059923090040683746,0.9987907409667969,200,150
64,2133,11,0.18858136236667633,0.32845795154571533,0.06602988392114639,0.9997441172599792,181,177
64,2133,12,0.19158965349197388,0.33239975571632385,-0.1346210390329361,0.9999732375144958,183,179
64,2133,13,0.19042634963989258,0.436556339263916,0.09396795183420181,0.10388989746570587,182,235
64,2133,14,0.19778846204280853,0.43448808789253235,-0.15568993985652924,0.9908530116081238,189,234
64,2133,15,0.20842386782169342,0.5250313878059387,0.05734582990407944,0.12141748517751694,200,283
64,2133,16,0.23336170613765717,0.5055156946182251,-0.13953198492527008,0.9704972505569458,224,272
64,2133,17,0.20969727635383606,0.5408510565757751,0.05710487440228462,0.13548041880130768,201,292
64,2133,18,0.24177885055541992,0.5267331600189209,-0.16009590029716492,0.9539127349853516,232,284
64,2133,19,0.2128506749868393,0.5306373834609985,0.03712177649140358,0.14037007093429565,204,286
64,2133,20,0.24656887352466583,0.5202147364616394,-0.15522508323192596,0.9521198272705078,236,280
64,2133,21,0.2136794477701187,0.5313192009925842,0.04890228062868118,0.13571591675281525,205,286
64,2133,22,0.24280217289924622,0.512468695640564,-0.13701829314231873,0.9214401245117188,233,276
64,2133,23,0.189788356423378,0.5103827118873596,0.06142498925328255,0.9999576807022095,182,275
64,2133,24,0.20170974731445312,0.5134035348892212,-0.061538297683000565,0.9999832510948181,193,277
64,2133,25,0.18681035935878754,0.6339823603630066,0.12018060684204102,0.5616721510887146,179,342
64,2133,26,0.23983648419380188,0.625078022480011,-0.0035135343205183744,0.9378631711006165,230,337
64,2133,27,0.16372238099575043,0.7570463418960571,0.1654941886663437,0.8042395710945129,157,408
64,2133,28,0.2675769627094269,0.7504016160964966,0.049174562096595764,0.9746447801589966,256,405
64,2133,29,0.15256530046463013,0.7789682745933533,0.16784286499023438,0.7969458699226379,146,420
64,2133,30,0.2674933075904846,0.7749791145324707,0.05187580734491348,0.8798248767852783,256,418
64,2133,31,0.1896108090877533,0.776432991027832,0.13813376426696777,0.8540685176849365,182,419
64,2133,32,0.29862067103385925,0.7441434264183044,0.013625101186335087,0.9563137292861938,286,401
65,2166,0,0.21148452162742615,0.26666486263275146,-0.04912826046347618,0.9986807107925415,203,143
65,2166,1,0.20856724679470062,0.2564466595649719,-0.043294508010149,0.9976301193237305,200,138
65,2166,2,0.2070959359407425,0.2561642825603485,-0.04343182593584061,0.997150182723999,198,138
65,2166,3,0.20563863217830658,0.2559488117694855,-0.04338199272751808,0.9978176355361938,197,138
65,2166,4,0.21099570393562317,0.257018506526947,-0.062276266515254974,0.998772144317627,202,138
65,2166,5,0.21145232021808624,0.2571055591106415,-0.06248457357287407,0.9991525411605835,202,138
65,2166,6,0.21203498542308807,0.25715258717536926,-0.0625748559832573,0.9994495511054993,203,138
65,2166,7,0.1994364857673645,0.2600908577442169,-0.008228600956499577,0.9981309771537781,191,140
65,2166,8,0.20834782719612122,0.2620258331298828,-0.0938430204987526,0.9990937113761902,200,141
65,2166,9,0.207463338971138,0.2788867950439453,-0.03131945803761482,0.9978093504905701,199,150
65,2166,10,0.20969150960445404,0.27921953797340393,-0.0573163703083992,0.9988684058189392,201,150
65,2166,11,0.1873176246881485,0.32998690009117126,0.06786573678255081,0.9997201561927795,179,178
65,2166,12,0.19394031167030334,0.33517593145370483,-0.13440291583538055,0.9999741911888123,186,180
65,2166,13,0.18759392201900482,0.4368482828140259,0.09801296889781952,0.09547935426235199,180,235
65,2166,14,0.19789563119411469,0.4345841705799103,-0.15647239983081818,0.9916272163391113,189,234
65,2166,15,0.20485202968120575,0.5232753157615662,0.06300541758537292,0.11020977795124054,196,282
65,2166,16,0.2332797646522522,0.5035132765769958,-0.14021824300289154,0.9732151031494141,223,271
65,2166,17,0.20598763227462769,0.5405619144439697,0.06334421783685684,0.12388407438993454,197,291
65,2166,18,0.24229198694229126,0.5237657427787781,-0.16083379089832306,0.9580695629119873,232,282
65,2166,19,0.21045830845832825,0.5315378904342651,0.043545372784137726,0.12827587127685547,202,287
65,2166,20,0.24690435826778412,0.5163957476615906,-0.15390954911708832,0.9563893675804138,237,278
65,2166,21,0.21073657274246216,0.5306553840637207,0.054321251809597015,0.12408672273159027,202,286
65,2166,22,0.24369525909423828,0.5091490149497986,-0.13668526709079742,0.9281567931175232,233,274
65,2166,23,0.18689647316932678,0.5116268396377563,0.06164725869894028,0.9999592304229736,179,276
65,2166,24,0.20541764795780182,0.5124788284301758,-0.06177592650055885,0.9999842047691345,197,276
65,2166,25,0.17773239314556122,0.6354624629020691,0.1286180317401886,0.5842167139053345,170,343
65,2166,26,0.2443574070930481,0.6239506602287292,0.006485608872026205,0.9428063631057739,234,336
65,2166,27,0.1554711014032364,0.7574512362480164,0.17875881493091583,0.8193405866622925,149,409
65,2166,28,0.27235332131385803,0.7444824576377869,0.0627799704670906,0.9768424034118652,261,402
65,2166,29,0.14478251338005066,0.7792760729789734,0.1816074699163437,0.814831554889679,138,420
65,2166,30,0.27244850993156433,0.7695574760437012,0.0670856460928917,0.891299307346344,261,415
65,2166,31,0.180471733212471,0.7811896204948425,0.16395150125026703,0.8631673455238342,173,421
65,2166,32,0.3019629120826721,0.7375289797782898,0.04135192930698395,0.9593183994293213,289,398
66,2200,0,0.21713575720787048,0.2710478901863098,-0.027877338230609894,0.9987815618515015,208,146
66,2200,1,0.21553851664066315,0.2604023814201355,-0.023046165704727173,0.9978236556053162,206,140
66,2200,2,0.21428366005420685,0.2600148916244507,-0.023169707506895065,0.9973852634429932,205,140
66,2200,3,0.2129822075366974,0.259647399187088,-0.023133274167776108,0.9979995489120483,204,140
66,2200,4,0.21786317229270935,0.2608480751514435,-0.04108084365725517,0.998868465423584,209,140
66,2200,5,0.21835298836231232,0.26073509454727173,-0.04128499701619148,0.9992185235023499,209,140
66,2200,6,0.21892523765563965,0.26053696870803833,-0.04135660082101822,0.9994906187057495,210,140
66,2200,7,0.20754383504390717,0.263124942779541,0.006329723633825779,0.9982925057411194,199,142
66,2200,8,0.21679873764514923,0.2644609808921814,-0.07477164268493652,0.9991617798805237,208,142
66,2200,9,0.2139165997505188,0.28168055415153503,-0.011934179812669754,0.9979666471481323,205,152
66,2200,10,0.21592147648334503,0.28205612301826477,-0.03661319240927696,0.9989359974861145,207,152
66,2200,11,0.19288891553878784,0.331554651260376,0.0762719064950943,0.9997174739837646,185,179
66,2200,12,0.20314478874206543,0.3355453908443451,-0.11496453732252121,0.9999722838401794,195,181
66,2200,13,0.2001015543937683,0.43601343035697937,0.10495208203792572,0.09356816112995148,192,235
66,2200,14,0.2115141898393631,0.43456512689590454,-0.13553304970264435,0.9920232892036438,203,234
66,2200,15,0.2214941382408142,0.5156688094139099,0.06960953772068024,0.10335887968540192,212,278
66,2200,16,0.24647565186023712,0.4992351531982422,-0.10876704007387161,0.9744197130203247,236,269
66,2200,17,0.22364826500415802,0.5287600755691528,0.07012610882520676,0.11839274317026138,214,285
66,2200,18,0.25579026341438293,0.5180068016052246,-0.12471313774585724,0.9597473740577698,245,279
66,2200,19,0.22805263102054596,0.5179169178009033,0.05207942798733711,0.12235697358846664,218,279
66,2200,20,0.25882914662361145,0.5121681690216064,-0.11959853768348694,0.9578399658203125,248,276
66,2200,21,0.22723202407360077,0.5149883031845093,0.06158798560500145,0.11817141622304916,218,278
66,2200,22,0.25494393706321716,0.5060690641403198,-0.10557954013347626,0.9301978945732117,244,273
66,2200,23,0.19422219693660736,0.5126844644546509,0.060912661254405975,0.9999595880508423,186,276
66,2200,24,0.21656300127506256,0.5121204853057861,-0.061073724180459976,0.9999843835830688,207,276
66,2200,25,0.184052973985672,0.6347528696060181,0.12217027693986893,0.6119922399520874,176,342
66,2200,26,0.25281205773353577,0.6248493194580078,0.0004014102159999311,0.9473479986190796,242,337
66,2200,27,0.15690398216247559,0.7564082145690918,0.17410780489444733,0.8328239917755127,150,408
66,2200,28,0.2792209982872009,0.7455824017524719,0.05365876853466034,0.97878098487854,268,402
66,2200,29,0.14692315459251404,0.7774955630302429,0.17710964381694794,0.8302714824676514,141,419
66,2200,30,0.2789209187030792,0.7700778841972351,0.056417666375637054,0.9014385342597961,267,415
66,2200,31,0.18108482658863068,0.7844709157943726,0.149586483836174,0.870454728603363,173,423
66,2200,32,0.3106801211833954,0.7434517741203308,0.02466028928756714,0.9618476629257202,298,401
67,2233,0,0.21694199740886688,0.27349838614463806,-0.01610896736383438,0.9988670945167542,208,147
67,2233,1,0.21465842425823212,0.26285552978515625,-0.012829695828258991,0.9979904890060425,206,141
67,2233,2,0.2132861167192459,0.2623906135559082,-0.012946512550115585,0.997585117816925,204,141
67,2233,3,0.21189247071743011,0.2619740962982178,-0.012902081944048405,0.9981500506401062,203,141
67,2233,4,0.21763581037521362,0.26351198554039,-0.030337221920490265,0.9989563822746277,208,142
67,2233,5,0.21853041648864746,0.2634908854961395,-0.030544111505150795,0.999279797077179,209,142
67,2233,6,0.2195443958044052,0.263453871011734,-0.030623482540249825,0.9995303750038147,210,142
67,2233,7,0.20713374018669128,0.2657090723514557,0.008957820944488049,0.9984219670295715,198,143
67,2233,8,0.2177419364452362,0.26867854595184326,-0.07030458003282547,0.9992273449897766,209,145
67,2233,9,0.2140280306339264,0.28372374176979065,-0.0030108108185231686,0.9980791211128235,205,153
67,2233,10,0.21663251519203186,0.2846883535385132,-0.027064038440585136,0.9989929795265198,207,153
67,2233,11,0.19341732561588287,0.3319825530052185,0.07571351528167725,0.9996917843818665,185,179
67,2233,12,0.20605991780757904,0.3360555171966553,-0.11327772587537766,0.9999725818634033,197,181
67,2233,13,0.19569382071495056,0.4362182915210724,0.113897405564785,0.08653637021780014,187,235
67,2233,14,0.21224305033683777,0.4340555667877197,-0.13389872014522552,0.992332398891449,203,234
67,2233,15,0.21344082057476044,0.5097824931144714,0.09538769721984863,0.09411198645830154,204,275
67,2233,16,0.24623927474021912,0.4976671636104584,-0.10962739586830139,0.9763182997703552,236,268
67,2233,17,0.21659636497497559,0.5292583703994751,0.09871181845664978,0.10885102301836014,207,285
67,2233,18,0.2558862268924713,0.5165566802024841,-0.1259085237979889,0.9626036286354065,245,278
67,2233,19,0.2207244336605072,0.5197494626045227,0.08108223229646683,0.1123872920870781,211,280
67,2233,20,0.25974756479263306,0.5111197233200073,-0.12062977999448776,0.9606512188911438,249,276
67,2233,21,0.22041814029216766,0.5151374340057373,0.0879809558391571,0.10861238837242126,211,278
67,2233,22,0.25594401359558105,0.5047290325164795,-0.10629461705684662,0.9343902468681335,245,272
67,2233,23,0.19439633190631866,0.5166044235229492,0.06005435064435005,0.9999608397483826,186,278
67,2233,24,0.22114934027194977,0.512878954410553,-0.06023472547531128,0.9999851584434509,212,276
67,2233,25,0.18555061519145966,0.6362364292144775,0.13128778338432312,0.6375229954719543,178,343
67,2233,26,0.25483229756355286,0.6251177787780762,0.008692692965269089,0.9509502649307251,244,337
67,2233,27,0.1574438065290451,0.7558577060699463,0.18039725720882416,0.8462157845497131,151,408
67,2233,28,0.2798582911491394,0.7462265491485596,0.05730225145816803,0.9804263710975647,268,402
67,2233,29,0.14767242968082428,0.7764394879341125,0.18316715955734253,0.8447458148002625,141,419
67,2233,30,0.279727965593338,0.7708053588867188,0.06050252541899681,0.9103060960769653,268,416
67,2233,31,0.18147680163383484,0.7851547598838806,0.16910861432552338,0.8775362968444824,174,423
67,2233,32,0.309550017118454,0.7426290512084961,0.03536594659090042,0.9633745551109314,297,401
68,2266,0,0.22328729927539825,0.27385392785072327,-0.029919173568487167,0.9989367127418518,214,147
68,2266,1,0.22181694209575653,0.2633432447910309,-0.024649454280734062,0.9981269836425781,212,142
68,2266,2,0.22058402001857758,0.2629483640193939,-0.024794097989797592,0.9977557063102722,211,141
68,2266,3,0.2190198004245758,0.26261505484580994,-0.024743014946579933,0.998278796672821,210,141
68,2266,4,0.22466441988945007,0.26394402980804443,-0.042792677879333496,0.9990246891975403,215,142
68,2266,5,0.2255229502916336,0.2639179229736328,-0.04299724102020264,0.99932861328125,216,142
68,2266,6,0.2259683609008789,0.26384586095809937,-0.043085552752017975,0.999559760093689,216,142
68,2266,7,0.21454741060733795,0.2667470872402191,0.006679152138531208,0.9985402822494507,205,144
68,2266,8,0.22394825518131256,0.26872870326042175,-0.07482540607452393,0.9992777109146118,214,145
68,2266,9,0.22104662656784058,0.28412672877311707,-0.013989677652716637,0.9981908798217773,212,153
68,2266,10,0.22345304489135742,0.28503745794296265,-0.03891247138381004,0.9990408420562744,214,153
68,2266,11,0.20161780714988708,0.3335697650909424,0.0724957287311554,0.9996765851974487,193,180
68,2266,12,0.2136416733264923,0.336130291223526,-0.12006453424692154,0.9999710917472839,205,181
68,2266,13,0.2107553333044052,0.4359431862831116,0.10861291736364365,0.08480427414178848,202,235
68,2266,14,0.22267702221870422,0.43421226739883423,-0.1349991261959076,0.9927008748054504,213,234
68,2266,15,0.23807014524936676,0.5071206092834473,0.07927290350198746,0.08900280296802521,228,273
68,2266,16,0.25982990860939026,0.4968917965888977,-0.1204860582947731,0.9780496954917908,249,268
68,2266,17,0.24150028824806213,0.5209144949913025,0.08054640144109726,0.10549379885196686,231,281
68,2266,18,0.26906731724739075,0.5151674151420593,-0.13845545053482056,0.9652091264724731,258,278
68,2266,19,0.24537643790245056,0.5165948271751404,0.06151122599840164,0.10882484912872314,235,278
68,2266,20,0.2725371718406677,0.5102655291557312,-0.13363060355186462,0.9632653594017029,261,275
68,2266,21,0.24456310272216797,0.5120528340339661,0.07104647904634476,0.10543490946292877,234,276
68,2266,22,0.2681976854801178,0.5028623938560486,-0.11761333048343658,0.938407838344574,257,271
68,2266,23,0.2057069092988968,0.5181074142456055,0.06227738410234451,0.9999596476554871,197,279
68,2266,24,0.22858764231204987,0.5131319165229797,-0.06246199831366539,0.9999849796295166,219,277
68,2266,25,0.18715085089206696,0.6371135115623474,0.14044052362442017,0.6593542098999023,179,344
68,2266,26,0.26092463731765747,0.6258702874183655,0.010059733875095844,0.9546425342559814,250,337
68,2266,27,0.15770015120506287,0.7548547983169556,0.18917463719844818,0.8576258420944214,151,407
68,2266,28,0.28487586975097656,0.7464147210121155,0.059254247695207596,0.9820534586906433,273,403
68,2266,29,0.1461641490459442,0.7758975028991699,0.19176767766475677,0.8576542735099792,140,418
68,2266,30,0.2826015055179596,0.7741569876670837,0.06251441687345505,0.9185126423835754,271,418
68,2266,31,0.1817813366651535,0.785554051399231,0.17190486192703247,0.8839392066001892,174,424
68,2266,32,0.31729698181152344,0.7475576400756836,0.03139295428991318,0.9655017256736755,304,403
69,2300,0,0.2305838018655777,0.275202214717865,-0.03350940719246864,0.9990047216415405,221,148
69,2300,1,0.22826236486434937,0.2649131417274475,-0.02891629934310913,0.9982559084892273,219,143
69,2300,2,0.22700795531272888,0.26447540521621704,-0.0290497038513422,0.9979190826416016,217,142
69,2300,3,0.2256999909877777,0.26411283016204834,-0.02900165133178234,0.9983976483345032,216,142
69,2300,4,0.23036174476146698,0.2653792202472687,-0.047705091536045074,0.999091386795044,221,143
69,2300,5,0.23078680038452148,0.2652221620082855,-0.0479092039167881,0.999377429485321,221,143
69,2300,6,0.2313016951084137,0.26502540707588196,-0.04799073934555054,0.9995896816253662,222,143
69,2300,7,0.21819227933883667,0.2673920691013336,0.0021866571623831987,0.9986507296562195,209,144
69,2300,8,0.2280621975660324,0.2691178321838379,-0.07805366814136505,0.9993315935134888,218,145
69,2300,9,0.2275058776140213,0.28530779480934143,-0.01743929833173752,0.9982908964157104,218,154
69,2300,10,0.22945886850357056,0.2861069440841675,-0.043255094438791275,0.9990915656089783,220,154
69,2300,11,0.20295320451259613,0.33409905433654785,0.07206234335899353,0.9996722936630249,194,180
69,2300,12,0.21432505548000336,0.33657604455947876,-0.12070317566394806,0.9999718070030212,205,181
69,2300,13,0.20807938277721405,0.4359199106693268,0.1085403710603714,0.07897554337978363,199,235
69,2300,14,0.22146227955818176,0.43368420004844666,-0.1372445523738861,0.9930649995803833,212,234
69,2300,15,0.22870443761348724,0.5025159120559692,0.08049000799655914,0.08162534981966019,219,271
69,2300,16,0.25903213024139404,0.4970543086528778,-0.12466888874769211,0.9798397421836853,248,268
69,2300,17,0.23402179777622223,0.5227175951004028,0.0822572186589241,0.09835807979106903,224,282
69,2300,18,0.268698126077652,0.5149622559547424,-0.14306071400642395,0.9680176377296448,257,278
69,2300,19,0.23795856535434723,0.5180723667144775,0.06374900043010712,0.10137215256690979,228,279
69,2300,20,0.2723695933818817,0.5099005103111267,-0.13763189315795898,0.9661580324172974,261,275
69,2300,21,0.23752029240131378,0.5135375261306763,0.07242731750011444,0.09834996610879898,228,277
69,2300,22,0.26846787333488464,0.5029335021972656,-0.12165971845388412,0.9429631233215332,257,271
69,2300,23,0.20677725970745087,0.5181735157966614,0.06302870810031891,0.9999598264694214,198,279
69,2300,24,0.22905413806438446,0.5131379961967468,-0.06321394443511963,0.9999854564666748,219,277
69,2300,25,0.18853430449962616,0.6368212699890137,0.14246700704097748,0.6796405911445618,180,343
69,2300,26,0.2623206377029419,0.6259678602218628,0.006530993618071079,0.9578903317451477,251,338
69,2300,27,0.1576419621706009,0.7539939284324646,0.18899518251419067,0.8687586784362793,151,407
69,2300,28,0.28460371494293213,0.7473515868186951,0.05698676407337189,0.9835348129272461,273,403
69,2300,29,0.1460677981376648,0.7756638526916504,0.19148403406143188,0.8699616193771362,140,418
69,2300,30,0.2823173403739929,0.7758416533470154,0.06049603223800659,0.9259600639343262,271,418
69,2300,31,0.18145093321800232,0.785862386226654,0.17307709157466888,0.8911035656929016,174,424
69,2300,32,0.317756325006485,0.7497918605804443,0.02674064040184021,0.9675562977790833,305,404
70,2333,0,0.24064679443836212,0.27456358075141907,-0.03560265153646469,0.9990630745887756,231,148
70,2333,1,0.23868443071842194,0.26428917050361633,-0.03169664368033409,0.9983758330345154,229,142
70,2333,2,0.2378786951303482,0.26386457681655884,-0.03183227404952049,0.9980679750442505,228,142
70,2333,3,0.23714496195316315,0.2635100185871124,-0.03178465738892555,0.9985101222991943,227,142
70,2333,4,0.2392588108778,0.26472869515419006,-0.049851223826408386,0.9991493821144104,229,142
70,2333,5,0.23902300000190735,0.26457929611206055,-0.050055764615535736,0.9994187355041504,229,142
70,2333,6,0.23880356550216675,0.2644229829311371,-0.05014126002788544,0.9996141791343689,229,142
70,2333,7,0.23014245927333832,0.2668870985507965,0.00411183713003993,0.9987513422966003,220,144
70,2333,8,0.23459677398204803,0.2686019837856293,-0.08192076534032822,0.999373197555542,225,145
70,2333,9,0.2376396209001541,0.28496307134628296,-0.020153408870100975,0.9983717203140259,228,153
70,2333,10,0.2381458431482315,0.28564491868019104,-0.04553891345858574,0.9991229176521301,228,154
70,2333,11,0.21601006388664246,0.3339182436466217,0.08182822912931442,0.9996525645256042,207,180
70,2333,12,0.22102689743041992,0.3366169333457947,-0.12186489999294281,0.9999695420265198,212,181
70,2333,13,0.22228574752807617,0.4358392357826233,0.1160794347524643,0.07594563812017441,213,235
70,2333,14,0.23231405019760132,0.4336891174316406,-0.145008847117424,0.993392825126648,223,234
70,2333,15,0.24717198312282562,0.50334632396698,0.07656123489141464,0.0773930773139,237,271
70,2333,16,0.2700554132461548,0.4955359697341919,-0.12582822144031525,0.9810943007469177,259,267
70,2333,17,0.25028714537620544,0.5220158696174622,0.07731585204601288,0.0953744649887085,240,281
70,2333,18,0.27965429425239563,0.5135276317596436,-0.14468775689601898,0.9698095321655273,268,277
70,2333,19,0.2539747655391693,0.5183308124542236,0.05822620913386345,0.09808967262506485,243,279
70,2333,20,0.2828974723815918,0.5088695287704468,-0.13894668221473694,0.9679316282272339,271,274
70,2333,21,0.2531738579273224,0.513448178768158,0.06800750643014908,0.09529445320367813,243,277
70,2333,22,0.27843108773231506,0.5016560554504395,-0.12215054780244827,0.9455536007881165,267,270
70,2333,23,0.2183985412120819,0.5179164409637451,0.06516502052545547,0.9999586343765259,209,279
70,2333,24,0.23541848361492157,0.5128052234649658,-0.06534654647111893,0.9999852180480957,226,276
70,2333,25,0.200313001871109,0.6365590691566467,0.13533072173595428,0.6956762671470642,192,343
70,2333,26,0.26740026473999023,0.6264566779136658,0.0043332260102033615,0.9601626396179199,256,338
70,2333,27,0.1610027253627777,0.7511212825775146,0.18745198845863342,0.8767867088317871,154,405
70,2333,28,0.2865702509880066,0.7474270462989807,0.0558142252266407,0.9847824573516846,275,403
70,2333,29,0.1492164433002472,0.7643001675605774,0.19037918746471405,0.8800510764122009,143,412
70,2333,30,0.2820628583431244,0.7758315205574036,0.05895693600177765,0.9324221014976501,270,418
70,2333,31,0.18194441497325897,0.7857161164283752,0.16341686248779297,0.8957861661911011,174,424
70,2333,32,0.32006165385246277,0.7656455636024475,0.026476562023162842,0.9692350029945374,307,413
71,2366,0,0.2433193176984787,0.27426040172576904,-0.031801335513591766,0.9990741610527039,233,148
71,2366,1,0.24035653471946716,0.26413437724113464,-0.02603771723806858,0.9983768463134766,230,142
71,2366,2,0.23920156061649323,0.2637234926223755,-0.026158858090639114,0.9981019496917725,229,142
71,2366,3,0.23812435567378998,0.2633626461029053,-0.026112113147974014,0.9985061287879944,228,142
71,2366,4,0.2413841038942337,0.26454830169677734,-0.045990247279405594,0.999148964881897,231,142
71,2366,5,0.24111118912696838,0.26439329981803894,-0.04618708789348602,0.999430775642395,231,142
71,2366,6,0.24098460376262665,0.26420363783836365,-0.04627109691500664,0.9996141791343689,231,142
71,2366,7,0.22934965789318085,0.2666485011577606,0.010053126141428947,0.9987800121307373,220,143
71,2366,8,0.23436054587364197,0.2682531774044037,-0.08110614866018295,0.999397873878479,224,144
71,2366,9,0.23954014480113983,0.28482967615127563,-0.01446427870541811,0.9983488917350769,229,153
71,2366,10,0.24045361578464508,0.28536850214004517,-0.041864801198244095,0.999114990234375,230,154
71,2366,11,0.21720057725906372,0.33379805088043213,0.08358723670244217,0.9996514320373535,208,180
71,2366,12,0.2222868651151657,0.33663317561149597,-0.12406392395496368,0.9999701976776123,213,181
71,2366,13,0.21898852288722992,0.43562406301498413,0.11365772783756256,0.07164616882801056,210,235
71,2366,14,0.23285967111587524,0.43354037404060364,-0.14739738404750824,0.9937700629234314,223,234
71,2366,15,0.2426009178161621,0.5042428970336914,0.07538007944822311,0.07396454364061356,232,272
71,2366,16,0.27065250277519226,0.4957409203052521,-0.12895439565181732,0.9827582240104675,259,267
71,2366,17,0.2452697604894638,0.5227605700492859,0.07683126628398895,0.09523864835500717,235,282
71,2366,18,0.2803378403186798,0.51421719789505,-0.15004467964172363,0.9724558591842651,269,277
71,2366,19,0.24870909750461578,0.5190871357917786,0.057316746562719345,0.09794683009386063,238,280
71,2366,20,0.28374719619750977,0.508955180644989,-0.1392621546983719,0.9707179665565491,272,274
71,2366,21,0.2482498586177826,0.5141729712486267,0.06742533296346664,0.09495069086551666,238,277
71,2366,22,0.2797371447086334,0.5015283823013306,-0.12322922050952911,0.9501199722290039,268,270
71,2366,23,0.2196292132139206,0.5169261693954468,0.06523717194795609,0.9999514818191528,210,279
71,2366,24,0.23035530745983124,0.5114324688911438,-0.0654042586684227,0.9999834895133972,221,276
71,2366,25,0.20789320766925812,0.6361752152442932,0.11325206607580185,0.6888085007667542,199,343
71,2366,26,0.25574561953544617,0.6271020174026489,-0.03405333310365677,0.961412787437439,245,338
71,2366,27,0.18719157576560974,0.7540903687477112,0.15801887214183807,0.8800474405288696,179,407
71,2366,28,0.26988232135772705,0.7623570561408997,0.01715882681310177,0.9855493307113647,259,411
71,2366,29,0.17960579693317413,0.768319308757782,0.1603652685880661,0.885540783405304,172,414
71,2366,30,0.27039116621017456,0.787045419216156,0.021135419607162476,0.9368613362312317,259,425
71,2366,31,0.18460819125175476,0.7855984568595886,0.13184969127178192,0.8981530666351318,177,424
71,2366,32,0.3054580092430115,0.7888652682304382,-0.01680510863661766,0.9700937271118164,293,425
72,2400,0,0.24612513184547424,0.27409639954566956,-0.03033333644270897,0.9989820718765259,236,148
72,2400,1,0.24453634023666382,0.26388734579086304,-0.022823870182037354,0.9982430338859558,234,142
72,2400,2,0.24359606206417084,0.2634594142436981,-0.022949689999222755,0.9979426860809326,233,142
72,2400,3,0.24269196391105652,0.2630881667137146,-0.022908087819814682,0.9983901977539062,232,142
72,2400,4,0.24599352478981018,0.264366090297699,-0.04282606393098831,0.9990755319595337,236,142
72,2400,5,0.24618694186210632,0.26421549916267395,-0.043029047548770905,0.9993839859962463,236,142
72,2400,6,0.24648547172546387,0.26404595375061035,-0.043126754462718964,0.9995819330215454,236,142
72,2400,7,0.23710499703884125,0.26660531759262085,0.015683062374591827,0.9987026453018188,227,143
72,2400,8,0.2420400083065033,0.2680072784423828,-0.07510717213153839,0.9993568658828735,232,144
72,2400,9,0.2433878630399704,0.2846977710723877,-0.01225512009114027,0.9981526136398315,233,153
72,2400,10,0.2445298135280609,0.28524163365364075,-0.03959820419549942,0.9989843368530273,234,154
72,2400,11,0.22665086388587952,0.33425024151802063,0.0878867655992508,0.99960857629776,217,180
72,2400,12,0.23061925172805786,0.3368748724460602,-0.12394937127828598,0.9999672770500183,221,181
72,2400,13,0.23140141367912292,0.43559569120407104,0.12016306817531586,0.06704682856798172,222,235
72,2400,14,0.24189820885658264,0.43461909890174866,-0.14739899337291718,0.9938715100288391,232,234
72,2400,15,0.2515980005264282,0.5110568404197693,0.07890572398900986,0.06863651424646378,241,275
72,2400,16,0.28198662400245667,0.4962776005268097,-0.12625351548194885,0.9834873676300049,270,267
72,2400,17,0.2538270354270935,0.5275090336799622,0.07949637621641159,0.08942683786153793,243,284
72,2400,18,0.29124149680137634,0.5151302814483643,-0.14690157771110535,0.9732978940010071,279,278
72,2400,19,0.25719764828681946,0.5246022343635559,0.05943083018064499,0.0918830931186676,246,283
72,2400,20,0.29636475443840027,0.5099244117736816,-0.13832876086235046,0.9714655876159668,284,275
72,2400,21,0.2566773295402527,0.5182205438613892,0.07004841417074203,0.0891646221280098,246,279
72,2400,22,0.2914191484451294,0.5025227069854736,-0.12181099504232407,0.9507866501808167,279,271
72,2400,23,0.23231172561645508,0.5173748731613159,0.06575977057218552,0.9999446272850037,223,279
72,2400,24,0.24088162183761597,0.5141069889068604,-0.06590123474597931,0.9999812841415405,231,277
72,2400,25,0.22106505930423737,0.6370840668678284,0.11638213694095612,0.6626524329185486,212,344
72,2400,26,0.26308560371398926,0.6275414228439331,-0.02803017944097519,0.9584588408470154,252,338
72,2400,27,0.19229598343372345,0.7544822692871094,0.16563932597637177,0.8699359893798828,184,407
72,2400,28,0.2628706693649292,0.7621402144432068,0.02769957296550274,0.9845477938652039,252,411
72,2400,29,0.18375301361083984,0.7689675092697144,0.1683763563632965,0.8801125884056091,176,415
72,2400,30,0.26811107993125916,0.7862334847450256,0.028660409152507782,0.9358146786689758,257,424
72,2400,31,0.18604923784732819,0.7861345410346985,0.13552460074424744,0.8876190185546875,178,424
72,2400,32,0.30299440026283264,0.7864120006561279,-0.009500110521912575,0.9668477177619934,290,424
73,2433,0,0.248348206281662,0.273840993642807,-0.026358162984251976,0.9990085959434509,238,147
73,2433,1,0.24476583302021027,0.2636423707008362,-0.020676234737038612,0.9983100891113281,234,142
73,2433,2,0.24311013519763947,0.2632274627685547,-0.0208059661090374,0.9980418682098389,233,142
73,2433,3,0.24143844842910767,0.262870728969574,-0.020763715729117393,0.9984567165374756,231,141
73,2433,4,0.24761705100536346,0.2641061544418335,-0.03975743055343628,0.9991059303283691,237,142
73,2433,5,0.2481558471918106,0.2639569342136383,-0.039965249598026276,0.9994111061096191,238,142
73,2433,6,0.24878211319446564,0.26378458738327026,-0.04004726931452751,0.9995958209037781,238,142
73,2433,7,0.23551912605762482,0.2664678990840912,0.012605355121195316,0.9987741708755493,226,143
73,2433,8,0.2451878935098648,0.2678219676017761,-0.07415923476219177,0.9993864893913269,235,144
73,2433,9,0.24437282979488373,0.2845476269721985,-0.009826508350670338,0.9981973767280579,234,153
73,2433,10,0.2470737099647522,0.28507110476493835,-0.03584567457437515,0.9990038275718689,237,153
73,2433,11,0.22350634634494781,0.33495956659317017,0.08479710668325424,0.999602198600769,214,180
73,2433,12,0.23416395485401154,0.33825168013572693,-0.11882123351097107,0.9999682307243347,224,182
73,2433,13,0.2275381088256836,0.4355590343475342,0.12090935558080673,0.06325221806764603,218,235
73,2433,14,0.24219337105751038,0.4353531301021576,-0.1402140110731125,0.9942417740821838,232,235
73,2433,15,0.24592839181423187,0.5037146806716919,0.09173586964607239,0.0642986074090004,236,272
73,2433,16,0.2805485725402832,0.49644166231155396,-0.12009651213884354,0.9849846959114075,269,268
73,2433,17,0.25062692165374756,0.526471734046936,0.0938413217663765,0.08598737418651581,240,284
73,2433,18,0.2905043363571167,0.5157146453857422,-0.13833795487880707,0.9757212400436401,278,278
73,2433,19,0.25374335050582886,0.5196990370750427,0.07489228248596191,0.08824773132801056,243,280
73,2433,20,0.2944127023220062,0.5105074048042297,-0.13077610731124878,0.9740357995033264,282,275
73,2433,21,0.2538001239299774,0.5181705355644226,0.08350041508674622,0.08575405180454254,243,279
73,2433,22,0.2906894087791443,0.5031442642211914,-0.1158919706940651,0.9551079273223877,279,271
73,2433,23,0.22943954169750214,0.5169309377670288,0.06475893408060074,0.9999452233314514,220,279
73,2433,24,0.24596081674098969,0.5139814019203186,-0.0649263933300972,0.9999817609786987,236,277
73,2433,25,0.22082139551639557,0.6368183493614197,0.10508470237255096,0.6844799518585205,211,343
73,2433,26,0.27836892008781433,0.6261163353919983,-0.013220359571278095,0.9610886573791504,267,338
73,2433,27,0.18049336969852448,0.7447073459625244,0.12467657774686813,0.8802635073661804,173,402
73,2433,28,0.28768572211265564,0.7594236731529236,0.03299674391746521,0.9858630299568176,276,410
73,2433,29,0.1647205501794815,0.7524378299713135,0.12487807869911194,0.8903165459632874,158,406
73,2433,30,0.2803001403808594,0.784977376461029,0.03556952625513077,0.9416648745536804,269,423
73,2433,31,0.183245450258255,0.7875322699546814,0.10381943732500076,0.895854651927948,175,425
73,2433,32,0.3206855058670044,0.7822721004486084,-0.008518672548234463,0.9693083167076111,307,422
74,2466,0,0.2526322305202484,0.2723541557788849,-0.013365285471081734,0.9989226460456848,242,147
74,2466,1,0.2509244680404663,0.2622579038143158,-0.005155796185135841,0.9980247616767883,240,141
74,2466,2,0.24981650710105896,0.2620460093021393,-0.005295711103826761,0.9976578950881958,239,141
74,2466,3,0.24868059158325195,0.26186561584472656,-0.005251569673418999,0.9981403946876526,238,141
74,2466,4,0.25346505641937256,0.26234516501426697,-0.02402849681675434,0.9989522695541382,243,141
74,2466,5,0.25380051136016846,0.2621816098690033,-0.024237100034952164,0.9993093609809875,243,141
74,2466,6,0.25447505712509155,0.2619304060935974,-0.02433560974895954,0.9995087385177612,244,141
74,2466,7,0.24416062235832214,0.26599031686782837,0.033913735300302505,0.9985383749008179,234,143
74,2466,8,0.2521388828754425,0.26614096760749817,-0.05244821682572365,0.9992597103118896,242,143
74,2466,9,0.2504865527153015,0.28283601999282837,0.004004254471510649,0.9978234171867371,240,152
74,2466,10,0.2522985637187958,0.2832208573818207,-0.021959424018859863,0.9987819790840149,242,152
74,2466,11,0.23752044141292572,0.3345198333263397,0.10041877627372742,0.9996141195297241,228,180
74,2466,12,0.24003051221370697,0.33721020817756653,-0.10954319685697556,0.9999687671661377,230,182
74,2466,13,0.2405875325202942,0.4344448745250702,0.13412263989448547,0.05859311297535896,230,234
74,2466,14,0.2503819167613983,0.4337201714515686,-0.1393805295228958,0.9945417046546936,240,234
74,2466,15,0.25849834084510803,0.5061195492744446,0.1071476936340332,0.0601142980158329,248,273
74,2466,16,0.2860604226589203,0.49662357568740845,-0.12186359614133835,0.9858160614967346,274,268
74,2466,17,0.26043039560317993,0.5265423059463501,0.11045683920383453,0.08167193084955215,250,284
74,2466,18,0.29464957118034363,0.5159507989883423,-0.14100751280784607,0.9768030047416687,282,278
74,2466,19,0.2637350857257843,0.5204508900642395,0.09052769094705582,0.08369062095880508,253,281
74,2466,20,0.2986529767513275,0.510325014591217,-0.13354848325252533,0.9751672148704529,286,275
74,2466,21,0.26384469866752625,0.5182143449783325,0.09866420179605484,0.08116931468248367,253,279
74,2466,22,0.29503145813941956,0.5033261775970459,-0.11810386180877686,0.956537663936615,283,271
74,2466,23,0.2493489384651184,0.5159236192703247,0.0647340938448906,0.9999483227729797,239,278
74,2466,24,0.2431362271308899,0.5138162970542908,-0.06489305198192596,0.9999825358390808,233,277
74,2466,25,0.28133925795555115,0.6299821138381958,0.09127487242221832,0.6744339466094971,270,340
74,2466,26,0.246760755777359,0.6382244229316711,-0.049520671367645264,0.9639137387275696,236,344
74,2466,27,0.2836645841598511,0.7487596273422241,0.12638676166534424,0.8866496682167053,272,404
74,2466,28,0.18699298799037933,0.7389672994613647,0.0059347618371248245,0.9866008758544922,179,399
74,2466,29,0.27418169379234314,0.7716963887214661,0.12710395455360413,0.8961437344551086,263,416
74,2466,30,0.17256520688533783,0.7391790151596069,0.011012712493538857,0.9431464076042175,165,399
74,2466,31,0.31415459513664246,0.783379852771759,0.09539709985256195,0.9019324779510498,301,423
74,2466,32,0.18816211819648743,0.790485680103302,-0.020056791603565216,0.971206784248352,180,426
75,2500,0,0.2549876570701599,0.2723184823989868,-0.014367347583174706,0.9987753629684448,244,147
75,2500,1,0.25216612219810486,0.26216718554496765,-0.008021154440939426,0.9978009462356567,242,141
75,2500,2,0.25075289607048035,0.26193922758102417,-0.008161702193319798,0.9974955916404724,240,141
75,2500,3,0.2491074502468109,0.26173481345176697,-0.008125810883939266,0.9979747533798218,239,141
75,2500,4,0.25516387820243835,0.2622888386249542,-0.02707630954682827,0.9988241195678711,244,141
75,2500,5,0.2559284567832947,0.2621173858642578,-0.02728516422212124,0.9992554187774658,245,141
75,2500,6,0.256815105676651,0.26190653443336487,-0.02736940234899521,0.9994583129882812,246,141
75,2500,7,0.24413397908210754,0.2659124732017517,0.024904495105147362,0.9984867572784424,234,143
75,2500,8,0.25518083572387695,0.26660725474357605,-0.06125038117170334,0.9992221593856812,244,143
75,2500,9,0.2520941495895386,0.2828029692173004,0.0015046020271256566,0.9976786971092224,242,152
75,2500,10,0.2546132802963257,0.2831919491291046,-0.024400893598794937,0.9986992478370667,244,152
75,2500,11,0.23506928980350494,0.3343715965747833,0.09277448058128357,0.9995947480201721,225,180
75,2500,12,0.241489976644516,0.3372111916542053,-0.1103418692946434,0.999968945980072,231,182
75,2500,13,0.23723043501377106,0.43429556488990784,0.12647105753421783,0.0555080808699131,227,234
75,2500,14,0.24820402264595032,0.43360212445259094,-0.13648219406604767,0.9946754574775696,238,234
75,2500,15,0.25774210691452026,0.5087251663208008,0.09520722925662994,0.057591281831264496,247,274
75,2500,16,0.2847439646720886,0.49684154987335205,-0.12233858555555344,0.9871177077293396,273,268
75,2500,17,0.26115354895591736,0.5267186760902405,0.09711345285177231,0.08224736154079437,250,284
75,2500,18,0.2936413586139679,0.5159795880317688,-0.14083357155323029,0.9789689183235168,281,278
75,2500,19,0.2646609842777252,0.5225380659103394,0.07749584317207336,0.08447187393903732,254,282
75,2500,20,0.29849931597709656,0.5094586610794067,-0.13357320427894592,0.9774777889251709,286,275
75,2500,21,0.2638408839702606,0.5192671418190002,0.08665534108877182,0.08184617757797241,253,280
75,2500,22,0.29550716280937195,0.5031895041465759,-0.11850883811712265,0.9605348706245422,283,271
75,2500,23,0.23941469192504883,0.5149614810943604,0.06323803216218948,0.9999411106109619,229,278
75,2500,24,0.2527225613594055,0.512641429901123,-0.06342140585184097,0.9999806880950928,242,276
75,2500,25,0.24871324002742767,0.6352970600128174,0.08271578699350357,0.6752223968505859,238,343
75,2500,26,0.27747106552124023,0.6352790594100952,-0.03489187732338905,0.9627536535263062,266,343
75,2500,27,0.20727667212486267,0.7374958992004395,0.09989295899868011,0.886898398399353,198,398
75,2500,28,0.2764910161495209,0.7444785237312317,0.012064696289598942,0.9870550632476807,265,402
75,2500,29,0.18943126499652863,0.7416288256645203,0.10000576823949814,0.9003143310546875,181,400
75,2500,30,0.26491254568099976,0.7625528573989868,0.016008857637643814,0.9470804333686829,254,411
75,2500,31,0.20143309235572815,0.7863684296607971,0.08006606996059418,0.9015709161758423,193,424
75,2500,32,0.3093374967575073,0.7866326570510864,-0.012824608944356441,0.9713221788406372,296,424
76,2533,0,0.26146209239959717,0.27204999327659607,-0.01726783625781536,0.9985865950584412,251,146
76,2533,1,0.25987282395362854,0.26202264428138733,-0.0105665884912014,0.9975595474243164,249,141
76,2533,2,0.25888457894325256,0.2617710828781128,-0.010698980651795864,0.9972155094146729,248,141
76,2533,3,0.2578374743461609,0.26153504848480225,-0.010657100938260555,0.9977518320083618,247,141
76,2533,4,0.2620193362236023,0.2620714604854584,-0.02921138145029545,0.9986902475357056,251,141
76,2533,5,0.2626262605190277,0.2618264853954315,-0.029422562569379807,0.9991675615310669,252,141
76,2533,6,0.2633145749568939,0.261522501707077,-0.029515527188777924,0.9994017481803894,252,141
76,2533,7,0.253134548664093,0.26580101251602173,0.023551296442747116,0.9983111619949341,243,143
76,2533,8,0.2611485421657562,0.2663278579711914,-0.060163699090480804,0.9991441369056702,250,143
76,2533,9,0.2590623199939728,0.2822347581386566,-0.0006867820047773421,0.9973132610321045,248,152
76,2533,10,0.26082643866539,0.2826348543167114,-0.02606637217104435,0.9984989166259766,250,152
76,2533,11,0.2409924417734146,0.3321065306663513,0.0911945104598999,0.999510645866394,231,179
76,2533,12,0.25045448541641235,0.3354281783103943,-0.106951504945755,0.9999649524688721,240,181
76,2533,13,0.24545128643512726,0.4335480332374573,0.12364434450864792,0.05240539833903313,235,234
76,2533,14,0.2582928240299225,0.4333448112010956,-0.13283437490463257,0.9946445822715759,247,234
76,2533,15,0.26698192954063416,0.5084807276725769,0.08783087879419327,0.05422952026128769,256,274
76,2533,16,0.29124176502227783,0.4962717592716217,-0.11575578898191452,0.9878787398338318,279,267
76,2533,17,0.27028390765190125,0.525641918182373,0.08997274190187454,0.07866621762514114,259,283
76,2533,18,0.2993183434009552,0.5156065821647644,-0.13309985399246216,0.9801159501075745,287,278
76,2533,19,0.2730623483657837,0.5197098851203918,0.0709993839263916,0.08065975457429886,262,280
76,2533,20,0.30308350920677185,0.5094822645187378,-0.12671028077602386,0.9786381721496582,290,275
76,2533,21,0.27351707220077515,0.5185904502868652,0.07930649816989899,0.07817352563142776,262,280
76,2533,22,0.3003229796886444,0.5030840039253235,-0.1121680811047554,0.9623536467552185,288,271
76,2533,23,0.24519358575344086,0.51495760679245,0.06191994622349739,0.9999347925186157,235,278
76,2533,24,0.2599565386772156,0.512366533279419,-0.06210249289870262,0.9999789595603943,249,276
76,2533,25,0.2557063698768616,0.6370506286621094,0.09212233126163483,0.6802096366882324,245,344
76,2533,26,0.2837814688682556,0.6345018148422241,-0.029916290193796158,0.9619041681289673,272,342
76,2533,27,0.20540721714496613,0.7227643132209778,0.12382936477661133,0.8862394094467163,197,390
76,2533,28,0.2872127592563629,0.7453824281692505,0.013187042437493801,0.9871129989624023,275,402
76,2533,29,0.18386803567409515,0.7249746918678284,0.12496473640203476,0.9006871581077576,176,391
76,2533,30,0.2776307761669159,0.7689434885978699,0.020581575110554695,0.9488595128059387,266,415
76,2533,31,0.19692978262901306,0.7844725251197815,0.09721016138792038,0.8984209299087524,189,423
76,2533,32,0.31682103872299194,0.7849489450454712,0.0014568999176844954,0.9704463481903076,304,423
77,2566,0,0.26660647988319397,0.27171581983566284,-0.02523646131157875,0.9983523488044739,255,146
77,2566,1,0.2640167474746704,0.2615314722061157,-0.019996142014861107,0.9972773194313049,253,141
77,2566,2,0.2628546953201294,0.2611888349056244,-0.0201476588845253,0.9969496726989746,252,141
77,2566,3,0.26175209879875183,0.26085373759269714,-0.020121539011597633,0.9975230693817139,251,140
77,2566,4,0.2659379243850708,0.26175475120544434,-0.0380740612745285,0.9985164403915405,255,141
77,2566,5,0.26626187562942505,0.261540949344635,-0.038288284093141556,0.9990720748901367,255,141
77,2566,6,0.2667069435119629,0.2612600028514862,-0.03838242590427399,0.9993327260017395,256,141
77,2566,7,0.25590085983276367,0.26440590620040894,0.012096728198230267,0.9982207417488098,245,142
77,2566,8,0.26310911774635315,0.2656923532485962,-0.06850822269916534,0.9990785717964172,252,143
77,2566,9,0.2632521986961365,0.28192707896232605,-0.008910932578146458,0.9970294833183289,252,152
77,2566,10,0.26465854048728943,0.28243157267570496,-0.03328654542565346,0.9983428120613098,254,152
77,2566,11,0.24363917112350464,0.3301318287849426,0.07784653455018997,0.9994747042655945,233,178
77,2566,12,0.2503727376461029,0.3338288366794586,-0.10827510058879852,0.9999639391899109,240,180
77,2566,13,0.24542368948459625,0.43165668845176697,0.1093784049153328,0.04888848587870598,235,233
77,2566,14,0.2572742700576782,0.43303462862968445,-0.13562029600143433,0.9948490858078003,246,233
77,2566,15,0.2638337016105652,0.5080285668373108,0.07856272906064987,0.05018450319766998,253,274
77,2566,16,0.2906317710876465,0.4963790774345398,-0.11823957413434982,0.9888045191764832,279,268
77,2566,17,0.26688385009765625,0.5251532196998596,0.080140121281147,0.07386381924152374,256,283
77,2566,18,0.29920798540115356,0.5156736969947815,-0.13589830696582794,0.9816218018531799,287,278
77,2566,19,0.2694222331047058,0.5159920454025269,0.06246144697070122,0.07565134763717651,258,278
77,2566,20,0.3036917448043823,0.5096799731254578,-0.1294948011636734,0.9802317023277283,291,275
77,2566,21,0.27002331614494324,0.5179933905601501,0.07066412270069122,0.07340098917484283,259,279
77,2566,22,0.3004700541496277,0.5032368898391724,-0.1146814152598381,0.9650400280952454,288,271
77,2566,23,0.2473047524690628,0.5145837068557739,0.06004265323281288,0.999933123588562,237,277
77,2566,24,0.25965678691864014,0.5121984481811523,-0.06023084744811058,0.9999788999557495,249,276
77,2566,25,0.25903284549713135,0.6384422779083252,0.09366954863071442,0.6814056038856506,248,344
77,2566,26,0.2874530553817749,0.6343948245048523,-0.010547924786806107,0.960436999797821,275,342
77,2566,27,0.20427267253398895,0.7195139527320862,0.12705263495445251,0.8827466368675232,196,388
77,2566,28,0.28867143392562866,0.7468681335449219,0.036760345101356506,0.9874529242515564,277,403
77,2566,29,0.1805914044380188,0.7209566831588745,0.1288325935602188,0.901194155216217,173,389
77,2566,30,0.28071650862693787,0.7725138068199158,0.04194984585046768,0.951791524887085,269,417
77,2566,31,0.19469816982746124,0.7843847870826721,0.10677846521139145,0.8935897946357727,186,423
77,2566,32,0.32145071029663086,0.7836694717407227,0.016686080023646355,0.970384418964386,308,423
78,2600,0,0.27504226565361023,0.26857972145080566,-0.027984576299786568,0.9981258511543274,264,145
78,2600,1,0.2728545367717743,0.25786644220352173,-0.02129775658249855,0.996500551700592,261,139
78,2600,2,0.2718498408794403,0.2576121687889099,-0.021451184526085854,0.9959431290626526,260,139
78,2600,3,0.270896315574646,0.25737372040748596,-0.021418996155261993,0.9967126846313477,260,138
78,2600,4,0.27442094683647156,0.257802277803421,-0.039099328219890594,0.9981884360313416,263,139
78,2600,5,0.2746041715145111,0.2574690580368042,-0.03930708393454552,0.9988545179367065,263,139
78,2600,6,0.2749197781085968,0.2570413649082184,-0.03941221535205841,0.9991713166236877,263,138
78,2600,7,0.26521745324134827,0.26112833619117737,0.012322887778282166,0.9975782632827759,254,141
78,2600,8,0.2721213102340698,0.26103195548057556,-0.06914199888706207,0.9988412261009216,261,140
78,2600,9,0.2721533477306366,0.27960121631622314,-0.011337525211274624,0.9962124824523926,261,150
78,2600,10,0.2730298936367035,0.2797466814517975,-0.03557758405804634,0.9979697465896606,262,151
78,2600,11,0.2550601363182068,0.32919731736183167,0.07781810313463211,0.9994734525680542,244,177
78,2600,12,0.25931769609451294,0.3327898681163788,-0.10890849679708481,0.9999633431434631,248,179
78,2600,13,0.2576272785663605,0.4298146367073059,0.10682942718267441,0.04548819363117218,247,232
78,2600,14,0.2664371728897095,0.43199729919433594,-0.13723406195640564,0.9951602220535278,255,233
78,2600,15,0.2766924202442169,0.5077715516090393,0.07698071748018265,0.04649088531732559,265,274
78,2600,16,0.29712486267089844,0.4964805841445923,-0.1187758669257164,0.9893704056739807,285,268
78,2600,17,0.2792196273803711,0.5244165062904358,0.07856905460357666,0.06898817420005798,268,283
78,2600,18,0.3053112328052521,0.5165312886238098,-0.1367872804403305,0.9822384715080261,293,278
78,2600,19,0.28081652522087097,0.5164399743080139,0.06023096665740013,0.07063305377960205,269,278
78,2600,20,0.30967482924461365,0.5106067657470703,-0.1307724118232727,0.9809492826461792,297,275
78,2600,21,0.2825998067855835,0.5170460343360901,0.06891307979822159,0.06850341707468033,271,279
78,2600,22,0.3072412610054016,0.5040854215621948,-0.11563025414943695,0.9659844040870667,294,272
78,2600,23,0.26445192098617554,0.5117682218551636,0.05976942926645279,0.999933660030365,253,276
78,2600,24,0.26329734921455383,0.5104472637176514,-0.05993044748902321,0.9999783635139465,252,275
78,2600,25,0.28816932439804077,0.62782883644104,0.0902300551533699,0.6627365350723267,276,339
78,2600,26,0.27775561809539795,0.630023717880249,-0.05478431656956673,0.9627212882041931,266,340
78,2600,27,0.2862320840358734,0.7368673086166382,0.12534967064857483,0.8871646523475647,274,397
78,2600,28,0.21514634788036346,0.7190870046615601,0.0081448620185256,0.9875583648681641,206,388
78,2600,29,0.27871543169021606,0.7644647359848022,0.12577050924301147,0.9026798605918884,267,412
78,2600,30,0.2005210965871811,0.7182315587997437,0.014375650323927402,0.9494924545288086,192,387
78,2600,31,0.3172141909599304,0.7786381244659424,0.0935320109128952,0.8981020450592041,304,420
78,2600,32,0.21392028033733368,0.778695285320282,-0.009788946248590946,0.9716202020645142,205,420
79,2633,0,0.27879244089126587,0.26655447483062744,-0.03371797502040863,0.9980030059814453,267,143
79,2633,1,0.2754432260990143,0.2559114992618561,-0.027184002101421356,0.9960018992424011,264,138
79,2633,2,0.27410268783569336,0.2556014358997345,-0.027341051027178764,0.9953606724739075,263,138
79,2633,3,0.2726477384567261,0.25530675053596497,-0.027314122766256332,0.9962335228919983,261,137
79,2633,4,0.2769576609134674,0.2559744715690613,-0.04419504478573799,0.9979921579360962,265,138
79,2633,5,0.27667519450187683,0.25568312406539917,-0.044391024857759476,0.9987322688102722,265,138
79,2633,6,0.27668076753616333,0.25528284907341003,-0.04449505731463432,0.9990748167037964,265,137
79,2633,7,0.26549217104911804,0.2589397728443146,0.007067101076245308,0.997291088104248,254,139
79,2633,8,0.27143123745918274,0.2589179277420044,-0.0703313797712326,0.9987399578094482,260,139
79,2633,9,0.27507033944129944,0.278143972158432,-0.017614241689443588,0.9958314895629883,264,150
79,2633,10,0.2760095000267029,0.27816301584243774,-0.040966495871543884,0.9978268146514893,264,150
79,2633,11,0.25610479712486267,0.32783207297325134,0.06767389923334122,0.9994864463806152,245,177
79,2633,12,0.2595292925834656,0.33151179552078247,-0.11087803542613983,0.9999642968177795,249,179
79,2633,13,0.25498512387275696,0.4282589852809906,0.09513702243566513,0.04241025075316429,244,231
79,2633,14,0.26424506306648254,0.43025481700897217,-0.1365414708852768,0.9955394864082336,253,232
79,2633,15,0.27682849764823914,0.5077972412109375,0.0705045685172081,0.04324778914451599,265,274
79,2633,16,0.2975476384162903,0.4965558648109436,-0.11762035638093948,0.990199625492096,285,268
79,2633,17,0.27987226843833923,0.5243699550628662,0.0716264620423317,0.06478647142648697,268,283
79,2633,18,0.3059822916984558,0.5166183710098267,-0.13567732274532318,0.9834937453269958,293,278
79,2633,19,0.280359148979187,0.5167361497879028,0.05277027189731598,0.06632603704929352,269,279
79,2633,20,0.3097649812698364,0.5109356641769409,-0.12995018064975739,0.9823288321495056,297,275
79,2633,21,0.2802997827529907,0.5126829743385315,0.06238926574587822,0.06429290026426315,269,276
79,2633,22,0.30668747425079346,0.5047458410263062,-0.11480285972356796,0.9682597517967224,294,272
79,2633,23,0.2655666768550873,0.5082303285598755,0.05650285258889198,0.9999333620071411,254,274
79,2633,24,0.26382172107696533,0.5082871913909912,-0.05663479492068291,0.9999779462814331,253,274
79,2633,25,0.28645166754722595,0.6281856894493103,0.08984240144491196,0.6364331841468811,274,339
79,2633,26,0.2753331959247589,0.621385395526886,-0.05714772641658783,0.9649202227592468,264,335
79,2633,27,0.2906939685344696,0.7436665296554565,0.12913309037685394,0.8884090781211853,279,401
79,2633,28,0.21073280274868011,0.7128350138664246,-0.0001234428636962548,0.9879205226898193,202,384
79,2633,29,0.28103187680244446,0.7753240466117859,0.12998881936073303,0.9017208814620972,269,418
79,2633,30,0.196377232670784,0.7135248780250549,0.005578715819865465,0.9490956664085388,188,385
79,2633,31,0.315841406583786,0.7771394848823547,0.1005667895078659,0.9011134505271912,303,419
79,2633,32,0.21064238250255585,0.7764571309089661,-0.01693158969283104,0.9732722640037537,202,419
80,2666,0,0.2817423939704895,0.26545825600624084,-0.03129406273365021,0.9981341361999512,270,143
80,2666,1,0.27957212924957275,0.25507304072380066,-0.025348754599690437,0.9963119029998779,268,137
80,2666,2,0.2781888544559479,0.2548844814300537,-0.02549552358686924,0.995710551738739,267,137
80,2666,3,0.27644869685173035,0.25473159551620483,-0.025462418794631958,0.9965306520462036,265,137
80,2666,4,0.28219231963157654,0.2551022171974182,-0.04145115613937378,0.9981441497802734,270,137
80,2666,5,0.28274255990982056,0.25490161776542664,-0.04164685681462288,0.9988223314285278,271,137
80,2666,6,0.28281986713409424,0.2546282410621643,-0.041724953800439835,0.9991445541381836,271,137
80,2666,7,0.27054187655448914,0.25909218192100525,0.007233768701553345,0.997491180896759,259,139
80,2666,8,0.2799219489097595,0.2591601014137268,-0.0684310644865036,0.9988198280334473,268,139
80,2666,9,0.27827441692352295,0.27758243680000305,-0.016944842413067818,0.996127188205719,267,149
80,2666,10,0.2804003953933716,0.27757561206817627,-0.03866394981741905,0.9979766607284546,269,149
80,2666,11,0.2588924467563629,0.3281753957271576,0.06801092624664307,0.9995077252388,248,177
80,2666,12,0.2699783444404602,0.3336424231529236,-0.10632488131523132,0.9999651312828064,259,180
80,2666,13,0.2591959834098816,0.42826610803604126,0.09906326234340668,0.04081834852695465,248,231
80,2666,14,0.27381256222724915,0.4321574866771698,-0.12238612771034241,0.99520343542099,262,233
80,2666,15,0.2795419692993164,0.5070223212242126,0.07162119448184967,0.04184950888156891,268,273
80,2666,16,0.30001693964004517,0.49840179085731506,-0.10357046127319336,0.9905266165733337,288,269
80,2666,17,0.28226229548454285,0.5240005254745483,0.07271795719861984,0.06365781277418137,270,282
80,2666,18,0.3073236346244812,0.5191978812217712,-0.11827287077903748,0.9840316772460938,295,280
80,2666,19,0.2834952175617218,0.5155462026596069,0.05404733866453171,0.06490613520145416,272,278
80,2666,20,0.31185829639434814,0.5148398280143738,-0.11548297107219696,0.982841432094574,299,278
80,2666,21,0.2851809859275818,0.513029932975769,0.06357382237911224,0.06274239718914032,273,277
80,2666,22,0.30859166383743286,0.5083637833595276,-0.10155880451202393,0.9690834879875183,296,274
80,2666,23,0.26609113812446594,0.5093117952346802,0.05476255342364311,0.9999362230300903,255,275
80,2666,24,0.2731708586215973,0.509661853313446,-0.05491778999567032,0.9999786615371704,262,275
80,2666,25,0.2913733124732971,0.6235835552215576,0.07259667664766312,0.6545564532279968,279,336
80,2666,26,0.2906988263130188,0.6219513416290283,-0.02560272067785263,0.9640328288078308,279,335
80,2666,27,0.25157299637794495,0.7236392498016357,0.0997602567076683,0.8912005424499512,241,390
80,2666,28,0.2779630422592163,0.7366085648536682,0.0336424820125103,0.9879695773124695,266,397
80,2666,29,0.24539974331855774,0.7290803790092468,0.10025978088378906,0.9020929336547852,235,393
80,2666,30,0.2653672397136688,0.7650728821754456,0.038979221135377884,0.9491147398948669,254,413
80,2666,31,0.2732630670070648,0.7767326831817627,0.07447810471057892,0.9035764336585999,262,419
80,2666,32,0.2841443419456482,0.7767688035964966,0.011741815134882927,0.9736180901527405,272,419
81,2700,0,0.2846691310405731,0.26501956582069397,-0.0312154870480299,0.9982319474220276,273,143
81,2700,1,0.28100162744522095,0.2540340721607208,-0.026308588683605194,0.9965609312057495,269,137
81,2700,2,0.2791622579097748,0.25386133790016174,-0.026454435661435127,0.9960272908210754,267,137
81,2700,3,0.2772088646888733,0.25378647446632385,-0.026420651003718376,0.9967825412750244,266,137
81,2700,4,0.2843095064163208,0.2543182969093323,-0.04276852682232857,0.9982553124427795,272,137
81,2700,5,0.28497567772865295,0.2542532682418823,-0.042967911809682846,0.9988962411880493,273,137
81,2700,6,0.2855864465236664,0.25408077239990234,-0.04303394630551338,0.9991947412490845,274,137
81,2700,7,0.2708548307418823,0.25880515575408936,-0.0010047793621197343,0.9976937770843506,260,139
81,2700,8,0.281819611787796,0.2590394616127014,-0.0773603543639183,0.9988940358161926,270,139
81,2700,9,0.2803230285644531,0.2773662209510803,-0.01710149459540844,0.9963973164558411,269,149
81,2700,10,0.2835302948951721,0.2774970233440399,-0.03942718729376793,0.9981103539466858,272,149
81,2700,11,0.2585749626159668,0.3282342851161957,0.06102079525589943,0.9995371699333191,248,177
81,2700,12,0.27106228470802307,0.33371949195861816,-0.11197046935558319,0.9999657869338989,260,180
81,2700,13,0.26154547929763794,0.4281877875328064,0.09930549561977386,0.04020361229777336,251,231
81,2700,14,0.2734324634075165,0.4326162338256836,-0.12362570315599442,0.9940935373306274,262,233
81,2700,15,0.28136780858039856,0.4954209625720978,0.07893650978803635,0.041508447378873825,270,267
81,2700,16,0.3014313280582428,0.4995523989200592,-0.10875590890645981,0.9903814792633057,289,269
81,2700,17,0.2849460244178772,0.507971465587616,0.08250537514686584,0.06635627895593643,273,274
81,2700,18,0.3073713183403015,0.5194650292396545,-0.12506701052188873,0.9843618273735046,295,280
81,2700,19,0.28862637281417847,0.5048922300338745,0.06469555199146271,0.06752481311559677,277,272
81,2700,20,0.31170982122421265,0.5161343216896057,-0.12068771570920944,0.9831162095069885,299,278
81,2700,21,0.28805848956108093,0.5011100172996521,0.07149017602205276,0.06530110538005829,276,270
81,2700,22,0.30936723947525024,0.5110219717025757,-0.106239914894104,0.9697868227958679,296,275
81,2700,23,0.26405736804008484,0.5098460912704468,0.05540722236037254,0.9999405145645142,253,275
81,2700,24,0.2754339277744293,0.51053386926651,-0.0555591844022274,0.9999799728393555,264,275
81,2700,25,0.2936652600765228,0.6219180822372437,0.07943464070558548,0.6834232211112976,281,335
81,2700,26,0.2945454716682434,0.6223775744438171,-0.01033750269562006,0.9666063189506531,282,336
81,2700,27,0.24117586016654968,0.715199887752533,0.11125195026397705,0.8995285034179688,231,386
81,2700,28,0.29009297490119934,0.7457987666130066,0.04478045552968979,0.9890081882476807,278,402
81,2700,29,0.23134104907512665,0.7196625471115112,0.11268321424722672,0.9089451432228088,222,388
81,2700,30,0.27935341000556946,0.7762150168418884,0.04986307770013809,0.9534697532653809,268,419
81,2700,31,0.2471122294664383,0.7739329934120178,0.08809320628643036,0.9106312990188599,237,417
81,2700,32,0.31948062777519226,0.7778533697128296,0.018824957311153412,0.9757283926010132,306,420
82,2733,0,0.2890321612358093,0.26512137055397034,-0.03414298966526985,0.9982914924621582,277,143
82,2733,1,0.287153035402298,0.25415852665901184,-0.028318587690591812,0.9967013001441956,275,137
82,2733,2,0.28584325313568115,0.25395533442497253,-0.028465108945965767,0.996147096157074,274,137
82,2733,3,0.28445345163345337,0.2538449764251709,-0.028435850515961647,0.9969027042388916,273,137
82,2733,4,0.2897082269191742,0.2544678747653961,-0.045868027955293655,0.9983230233192444,278,137
82,2733,5,0.2903135418891907,0.2544003129005432,-0.04606214538216591,0.9989198446273804,278,137
82,2733,6,0.2909668982028961,0.25423187017440796,-0.046138960868120193,0.9992122650146484,279,137
82,2733,7,0.2789725065231323,0.25847259163856506,0.0011816051555797458,0.9977884292602539,267,139
82,2733,8,0.28783634305000305,0.2590496242046356,-0.07835085690021515,0.9989011287689209,276,139
82,2733,9,0.2854610085487366,0.27701953053474426,-0.018755901604890823,0.9964343309402466,274,149
82,2733,10,0.28766000270843506,0.2772529423236847,-0.04267948120832443,0.998108983039856,276,149
82,2733,11,0.26610004901885986,0.3280361592769623,0.06184675544500351,0.999538779258728,255,177
82,2733,12,0.27605029940605164,0.3325927257537842,-0.12413572520017624,0.9999633431434631,265,179
82,2733,13,0.2655797302722931,0.42658647894859314,0.10056912899017334,0.03818774223327637,254,230
82,2733,14,0.27931854128837585,0.4312187135219574,-0.1444639265537262,0.9943991303443909,268,232
82,2733,15,0.2814285159111023,0.4972616136074066,0.07272715866565704,0.0391245000064373,270,268
82,2733,16,0.3023954927921295,0.5013290643692017,-0.11444266140460968,0.9900546669960022,290,270
82,2733,17,0.28439995646476746,0.5086299777030945,0.07382135838270187,0.06307554990053177,273,274
82,2733,18,0.30714789032936096,0.5241907238960266,-0.13020190596580505,0.982958972454071,294,283
82,2733,19,0.287433922290802,0.5097938776016235,0.05660353600978851,0.06404925137758255,275,275
82,2733,20,0.31143149733543396,0.5227105021476746,-0.1292293667793274,0.9816267490386963,298,282
82,2733,21,0.28670501708984375,0.5018892288208008,0.06497834622859955,0.06192683428525925,275,271
82,2733,22,0.30891484022140503,0.515174925327301,-0.11337792873382568,0.9672373533248901,296,278
82,2733,23,0.27163442969322205,0.5113683342933655,0.06042848154902458,0.9999433159828186,260,276
82,2733,24,0.27857792377471924,0.5132474899291992,-0.06057151034474373,0.9999803304672241,267,277
82,2733,25,0.298482209444046,0.622803270816803,0.11134457588195801,0.6766599416732788,286,336
82,2733,26,0.30016782879829407,0.632573664188385,-0.01888365112245083,0.9685448408126831,288,341
82,2733,27,0.2871052622795105,0.7353625297546387,0.16107773780822754,0.9018277525901794,275,397
82,2733,28,0.26546263694763184,0.7239723205566406,0.05342531576752663,0.9886079430580139,254,390
82,2733,29,0.278009295463562,0.7659114003181458,0.16284866631031036,0.9091751575469971,266,413
82,2733,30,0.24947626888751984,0.7297654747962952,0.06133265048265457,0.9501408338546753,239,394
82,2733,31,0.3150723874568939,0.7743459939956665,0.14466141164302826,0.9102437496185303,302,418
82,2733,32,0.2612924873828888,0.7785283923149109,0.04820365086197853,0.975089967250824,250,420
83,2766,0,0.2937253415584564,0.26456737518310547,-0.04434628039598465,0.998385488986969,281,142
83,2766,1,0.2905638813972473,0.25323349237442017,-0.03804994001984596,0.9968993067741394,278,136
83,2766,2,0.28910237550735474,0.25287723541259766,-0.03819676861166954,0.9963905811309814,277,136
83,2766,3,0.28770244121551514,0.25270554423332214,-0.038147784769535065,0.997090220451355,276,136
83,2766,4,0.2926664352416992,0.25371477007865906,-0.057582978159189224,0.9984192252159119,280,137
83,2766,5,0.29290151596069336,0.25363054871559143,-0.05777866020798683,0.9989845156669617,281,136
83,2766,6,0.2932443916797638,0.2534269690513611,-0.057855892926454544,0.999259352684021,281,136
83,2766,7,0.2809774577617645,0.25666314363479614,-0.003191270399838686,0.9979254603385925,269,138
83,2766,8,0.2885398864746094,0.25765159726142883,-0.09110746532678604,0.998971164226532,276,139
83,2766,9,0.2891443967819214,0.27639296650886536,-0.027082184329628944,0.9966380596160889,277,149
83,2766,10,0.29099905490875244,0.2767404317855835,-0.05362674966454506,0.9982268810272217,279,149
83,2766,11,0.26892930269241333,0.3271535336971283,0.06267382949590683,0.9995599985122681,258,176
83,2766,12,0.2755933701992035,0.33188220858573914,-0.13257011771202087,0.9999648928642273,264,179
83,2766,13,0.2666221261024475,0.42660415172576904,0.0984933003783226,0.03668411448597908,255,230
83,2766,14,0.2768624424934387,0.43071243166923523,-0.1504620760679245,0.9946730732917786,265,232
83,2766,15,0.2814162075519562,0.49782228469848633,0.06720282137393951,0.03781237453222275,270,268
83,2766,16,0.303303599357605,0.5017396211624146,-0.12181555479764938,0.9907752275466919,291,270
83,2766,17,0.2850676476955414,0.5133389234542847,0.06806571036577225,0.06180340796709061,273,277
83,2766,18,0.3072884678840637,0.5252088308334351,-0.14005596935749054,0.9841244220733643,294,283
83,2766,19,0.2867821753025055,0.5105766654014587,0.047660768032073975,0.06260877847671509,275,275
83,2766,20,0.31129100918769836,0.5239772200584412,-0.13522668182849884,0.9828668832778931,298,282
83,2766,21,0.28656718134880066,0.5039343237876892,0.05821714922785759,0.06060045585036278,275,272
83,2766,22,0.30967074632644653,0.5161266922950745,-0.11923152953386307,0.969325840473175,297,278
83,2766,23,0.2746831774711609,0.5130535960197449,0.060414869338274,0.9999460577964783,263,277
83,2766,24,0.2798294723033905,0.5167106986045837,-0.06055913865566254,0.9999812841415405,268,279
83,2766,25,0.29861193895339966,0.6255647540092468,0.10672600567340851,0.6892997622489929,286,337
83,2766,26,0.29906168580055237,0.636735737323761,0.004275255370885134,0.9680135250091553,287,343
83,2766,27,0.26097264885902405,0.7246471047401428,0.1610124707221985,0.9071376919746399,250,391
83,2766,28,0.27469998598098755,0.7393411993980408,0.09623552858829498,0.9890319108963013,263,399
83,2766,29,0.24894477427005768,0.7359386682510376,0.1643306463956833,0.9126052260398865,238,397
83,2766,30,0.2701282203197479,0.7576476335525513,0.10489844530820847,0.952168881893158,259,409
83,2766,31,0.310598224401474,0.7762478590011597,0.13633547723293304,0.9152333736419678,298,419
83,2766,32,0.2902129292488098,0.7809213399887085,0.07600994408130646,0.976049542427063,278,421
84,2800,0,0.2967812120914459,0.25912439823150635,-0.05103100463747978,0.9984585046768188,284,139
84,2800,1,0.2932245433330536,0.24921323359012604,-0.04411076381802559,0.9970842599868774,281,134
84,2800,2,0.29195913672447205,0.24919289350509644,-0.04426220804452896,0.9966035485267639,280,134
84,2800,3,0.29065316915512085,0.24923472106456757,-0.0442114882171154,0.997269868850708,279,134
84,2800,4,0.29591259360313416,0.24932344257831573,-0.06306300312280655,0.9985013008117676,284,134
84,2800,5,0.29653120040893555,0.24929393827915192,-0.06327040493488312,0.9990324378013611,284,134
84,2800,6,0.297050803899765,0.2490912824869156,-0.06335385888814926,0.9992966055870056,285,134
84,2800,7,0.2863990366458893,0.2542833089828491,-0.005322548560798168,0.9980428814888,274,137
84,2800,8,0.2933723032474518,0.2548150420188904,-0.09090470522642136,0.9990009665489197,281,137
84,2800,9,0.29396092891693115,0.27218738198280334,-0.032488539814949036,0.996778130531311,282,146
84,2800,10,0.2960050404071808,0.27218395471572876,-0.05832992494106293,0.9982779026031494,284,146
84,2800,11,0.280487984418869,0.3267582654953003,0.06199876591563225,0.9995736479759216,269,176
84,2800,12,0.28221264481544495,0.3315249979496002,-0.13137300312519073,0.9999646544456482,270,179
84,2800,13,0.27610525488853455,0.4267059564590454,0.09240321069955826,0.03522639349102974,265,230
84,2800,14,0.2810291647911072,0.43094906210899353,-0.15473785996437073,0.9937314391136169,269,232
84,2800,15,0.2905143201351166,0.4985293447971344,0.05536944046616554,0.03518619015812874,278,269
84,2800,16,0.30531132221221924,0.5038080811500549,-0.1413104236125946,0.9858250617980957,293,272
84,2800,17,0.29299965500831604,0.5162564516067505,0.055260512977838516,0.05768023803830147,281,278
84,2800,18,0.30838340520858765,0.5299118161201477,-0.1598520278930664,0.9764786958694458,296,286
84,2800,19,0.2963238060474396,0.5171645283699036,0.0351981595158577,0.05844183266162872,284,279
84,2800,20,0.3129388988018036,0.528553307056427,-0.15708377957344055,0.9743978977203369,300,285
84,2800,21,0.2940995991230011,0.5059768557548523,0.046359769999980927,0.05662980303168297,282,273
84,2800,22,0.3121979534626007,0.5196473598480225,-0.1398785412311554,0.955824613571167,299,280
84,2800,23,0.28424957394599915,0.5124110579490662,0.062312059104442596,0.9999482035636902,272,276
84,2800,24,0.28607749938964844,0.5166621208190918,-0.06241675838828087,0.9999818801879883,274,278
84,2800,25,0.310429185628891,0.624610960483551,0.10522680729627609,0.6750178933143616,298,337
84,2800,26,0.30520907044410706,0.636337161064148,6.0374335589585826e-05,0.967242956161499,293,343
84,2800,27,0.27073895931243896,0.7240042686462402,0.15659628808498383,0.8929365873336792,259,390
84,2800,28,0.2866136431694031,0.7469494938850403,0.042491789907217026,0.9887855052947998,275,403
84,2800,29,0.25679251551628113,0.7352380752563477,0.1590995192527771,0.8986397385597229,246,397
84,2800,30,0.2792986035346985,0.7767401933670044,0.04504600539803505,0.9498559832572937,268,419
84,2800,31,0.28111594915390015,0.7740325331687927,0.1287354677915573,0.9049263000488281,269,417
84,2800,32,0.31922557950019836,0.7808102965354919,-0.00649978406727314,0.9753379225730896,306,421
85,2833,0,0.2988074719905853,0.2590765058994293,-0.055628709495067596,0.998520016670227,286,139
85,2833,1,0.294512540102005,0.24877916276454926,-0.05106094852089882,0.997246503829956,282,134
85,2833,2,0.29305893182754517,0.24862654507160187,-0.051218677312135696,0.9968029260635376,281,134
85,2833,3,0.29172560572624207,0.2485465407371521,-0.051177527755498886,0.9974323511123657,280,134
85,2833,4,0.29779765009880066,0.24907130002975464,-0.06833389401435852,0.9985710382461548,285,134
85,2833,5,0.2986051142215729,0.24900959432125092,-0.06853701174259186,0.9990764856338501,286,134
85,2833,6,0.2993742525577545,0.24879664182662964,-0.06861197203397751,0.9993305206298828,287,134
85,2833,7,0.28725099563598633,0.2533968687057495,-0.019818641245365143,0.9981659650802612,275,136
85,2833,8,0.29302698373794556,0.25401806831359863,-0.09722945094108582,0.9990432262420654,281,137
85,2833,9,0.2954758405685425,0.2719939351081848,-0.03962728753685951,0.9969634413719177,283,146
85,2833,10,0.2976805567741394,0.27220821380615234,-0.06322043389081955,0.9983674883842468,285,146
85,2833,11,0.28020229935646057,0.3267075717449188,0.0418618805706501,0.9996010065078735,268,176
85,2833,12,0.28239503502845764,0.33132901787757874,-0.1321858912706375,0.9999666810035706,271,178
85,2833,13,0.27956289052963257,0.4266197681427002,0.07216674834489822,0.034992020577192307,268,230
85,2833,14,0.28448250889778137,0.4310848116874695,-0.1529274731874466,0.9939616918563843,273,232
85,2833,15,0.2915908396244049,0.4981669783592224,0.044840823858976364,0.033419884741306305,279,269
85,2833,16,0.3066088557243347,0.5063688158988953,-0.137340247631073,0.9863171577453613,294,273
85,2833,17,0.2940909266471863,0.5163636207580566,0.04552816227078438,0.054994747042655945,282,278
85,2833,18,0.30936700105667114,0.5329488515853882,-0.15303833782672882,0.9771829843521118,296,287
85,2833,19,0.2965763509273529,0.5192263722419739,0.02619614452123642,0.05567009374499321,284,280
85,2833,20,0.31450945138931274,0.5307813882827759,-0.1541045606136322,0.9751558899879456,301,286
85,2833,21,0.29561203718185425,0.5068245530128479,0.036569807678461075,0.05396254360675812,283,273
85,2833,22,0.314126580953598,0.5229328274726868,-0.1389889270067215,0.9569368362426758,301,282
85,2833,23,0.28660526871681213,0.5106144547462463,0.05998960882425308,0.9999510645866394,275,275
85,2833,24,0.286888062953949,0.5150859355926514,-0.0600787028670311,0.9999829530715942,275,278
85,2833,25,0.3110242784023285,0.6219388842582703,0.10834705829620361,0.6740613579750061,298,335
85,2833,26,0.30599984526634216,0.6359137892723083,-0.003902927041053772,0.968527615070343,293,343
85,2833,27,0.27633699774742126,0.7210596203804016,0.16234800219535828,0.8871641159057617,265,389
85,2833,28,0.29033681750297546,0.7483335733413696,0.042522113770246506,0.9892304539680481,278,404
85,2833,29,0.2644127309322357,0.7322899103164673,0.1652047336101532,0.8921339511871338,253,395
85,2833,30,0.2823144793510437,0.7757076621055603,0.04543198272585869,0.9513009190559387,271,418
85,2833,31,0.27787402272224426,0.7687785625457764,0.13637970387935638,0.901403546333313,266,415
85,2833,32,0.3232840895652771,0.7807785868644714,0.0005976477987132967,0.9762359261512756,310,421
86,2866,0,0.3104158937931061,0.2591419219970703,-0.06392014026641846,0.9980616569519043,297,139
86,2866,1,0.3069755733013153,0.24901778995990753,-0.05664537847042084,0.9965234994888306,294,134
86,2866,2,0.3058474659919739,0.24890543520450592,-0.05681178718805313,0.9959640502929688,293,134
86,2866,3,0.3047657310962677,0.24884046614170074,-0.05677516758441925,0.9968396425247192,292,134
86,2866,4,0.30848386883735657,0.24919185042381287,-0.07455825060606003,0.9981452822685242,296,134
86,2866,5,0.3084391951560974,0.24912643432617188,-0.07475301623344421,0.9987432956695557,296,134
86,2866,6,0.3084089159965515,0.24891145527362823,-0.07486210018396378,0.9991203546524048,296,134
86,2866,7,0.2990509867668152,0.25358864665031433,-0.019092312082648277,0.9977793097496033,287,136
86,2866,8,0.3018714189529419,0.2540602385997772,-0.09990446269512177,0.9986961483955383,289,137
86,2866,9,0.307099312543869,0.2720412611961365,-0.046519048511981964,0.996501088142395,294,146
86,2866,10,0.3077845573425293,0.2719897925853729,-0.07109279185533524,0.9980510473251343,295,146
86,2866,11,0.2950066030025482,0.32591328024864197,0.0413750596344471,0.9996061325073242,283,175
86,2866,12,0.28772443532943726,0.3311105966567993,-0.1348985880613327,0.9999650716781616,276,178
86,2866,13,0.29214373230934143,0.4268043339252472,0.0692330151796341,0.03383363038301468,280,230
86,2866,14,0.2892052233219147,0.4310975670814514,-0.15312334895133972,0.9936797022819519,277,232
86,2866,15,0.30004024505615234,0.5006265044212341,0.03541135415434837,0.03182391822338104,288,270
86,2866,16,0.3078041672706604,0.5093508958816528,-0.1353527009487152,0.9846892356872559,295,275
86,2866,17,0.30082595348358154,0.5235418677330017,0.03445810452103615,0.052502717822790146,288,282
86,2866,18,0.30969899892807007,0.5357853770256042,-0.1528388112783432,0.9735406637191772,297,289
86,2866,19,0.3038690984249115,0.5267104506492615,0.016868339851498604,0.05316894128918648,291,284
86,2866,20,0.31521257758140564,0.5345852971076965,-0.15270020067691803,0.9714555144309998,302,288
86,2866,21,0.30385345220565796,0.5145454406738281,0.027728257700800896,0.051356762647628784,291,277
86,2866,22,0.3151375949382782,0.5257335901260376,-0.13540305197238922,0.9502733945846558,302,283
86,2866,23,0.29736748337745667,0.5072612762451172,0.059671785682439804,0.999947726726532,285,273
86,2866,24,0.2892451286315918,0.5129327774047852,-0.05974734202027321,0.9999811053276062,277,276
86,2866,25,0.31399616599082947,0.6166107058525085,0.1439380794763565,0.6252370476722717,301,332
86,2866,26,0.31403833627700806,0.6259377002716064,-0.027628356590867043,0.9654529094696045,301,338
86,2866,27,0.3058268427848816,0.718228280544281,0.21735015511512756,0.8593959808349609,293,387
86,2866,28,0.29548895359039307,0.7399179339408875,0.04278365895152092,0.9856760501861572,283,399
86,2866,29,0.30051231384277344,0.7324953079223633,0.2212074100971222,0.8603298664093018,288,395
86,2866,30,0.28531521558761597,0.760192334651947,0.04725945368409157,0.9330976605415344,273,410
86,2866,31,0.3189176619052887,0.7526803612709045,0.19230149686336517,0.878957986831665,306,406
86,2866,32,0.3188706338405609,0.7807024717330933,0.0033682959619909525,0.9705414772033691,306,421
87,2900,0,0.31317049264907837,0.2542698085308075,-0.06285111606121063,0.9980295300483704,300,137
87,2900,1,0.3084738850593567,0.2453332096338272,-0.05650695785880089,0.9965415596961975,296,132
87,2900,2,0.30728113651275635,0.24554972350597382,-0.056678298860788345,0.9959895014762878,294,132
87,2900,3,0.3061443865299225,0.24577738344669342,-0.056644365191459656,0.9968780875205994,293,132
87,2900,4,0.3096299171447754,0.24540559947490692,-0.07303774356842041,0.9981276988983154,297,132
87,2900,5,0.3092992901802063,0.2455538958311081,-0.0732235386967659,0.9987078905105591,296,132
87,2900,6,0.30892953276634216,0.24550732970237732,-0.07331689447164536,0.9991016983985901,296,132
87,2900,7,0.29985684156417847,0.2519926428794861,-0.023847853764891624,0.9978151321411133,287,136
87,2900,8,0.30121690034866333,0.25169679522514343,-0.09865396469831467,0.9986514449119568,289,135
87,2900,9,0.3090444505214691,0.2695010304450989,-0.04747595638036728,0.9965295195579529,296,145
87,2900,10,0.30985912680625916,0.2691774070262909,-0.07024616748094559,0.9980446696281433,297,145
87,2900,11,0.29212090373039246,0.3257897198200226,0.028880881145596504,0.9996263980865479,280,175
87,2900,12,0.2905859351158142,0.3310728371143341,-0.13402016460895538,0.9999651908874512,278,178
87,2900,13,0.2897866666316986,0.42685285210609436,0.056458957493305206,0.033694133162498474,278,230
87,2900,14,0.29258763790130615,0.4318068325519562,-0.14456532895565033,0.993395984172821,280,233
87,2900,15,0.3007504343986511,0.5018224120140076,0.03246442601084709,0.0323764942586422,288,270
87,2900,16,0.30950817465782166,0.5102499127388,-0.1235896497964859,0.9848469495773315,297,275
87,2900,17,0.30186495184898376,0.5264191627502441,0.03289864584803581,0.05313132330775261,289,284
87,2900,18,0.311314195394516,0.5357715487480164,-0.13993297517299652,0.9735602736473083,298,289
87,2900,19,0.3068344295024872,0.5284281969070435,0.015394649468362331,0.053771212697029114,294,285
87,2900,20,0.31719815731048584,0.5334425568580627,-0.14133726060390472,0.9715365171432495,304,288
87,2900,21,0.3073778748512268,0.524086594581604,0.025131292641162872,0.05153576657176018,295,283
87,2900,22,0.31697890162467957,0.5259453654289246,-0.1244516372680664,0.9499929547309875,304,284
87,2900,23,0.29888010025024414,0.5060063004493713,0.05598713457584381,0.9999451041221619,286,273
87,2900,24,0.2932429611682892,0.5128018856048584,-0.05606059730052948,0.9999797940254211,281,276
87,2900,25,0.31656414270401,0.6037710309028625,0.16291017830371857,0.5759690999984741,303,326
87,2900,26,0.3131813108921051,0.6231592297554016,-0.023519035428762436,0.9612715840339661,300,336
87,2900,27,0.3102248013019562,0.6865327954292297,0.2449692189693451,0.825305163860321,297,370
87,2900,28,0.2947736382484436,0.7368167638778687,0.05066586285829544,0.9824641942977905,282,397
87,2900,29,0.30855792760849,0.716586172580719,0.2498828023672104,0.8277111649513245,296,386
87,2900,30,0.28544583916664124,0.7550979852676392,0.05636248365044594,0.917832612991333,274,407
87,2900,31,0.3243938684463501,0.7291393876075745,0.2287219911813736,0.8538827896118164,311,393
87,2900,32,0.3173825144767761,0.7804979085922241,0.02068343199789524,0.9659305810928345,304,421
88,2933,0,0.31740301847457886,0.25476306676864624,-0.06577123701572418,0.9981315732002258,304,137
88,2933,1,0.3153430223464966,0.24538679420948029,-0.05764525756239891,0.9966617822647095,302,132
88,2933,2,0.3143478333950043,0.24566145241260529,-0.057811278849840164,0.9961298704147339,301,132
88,2933,3,0.3134353756904602,0.24595026671886444,-0.057792678475379944,0.9970077872276306,300,132
88,2933,4,0.31652572751045227,0.24566729366779327,-0.0751015692949295,0.9981984496116638,303,132
88,2933,5,0.316643089056015,0.24585427343845367,-0.075288325548172,0.9987514615058899,303,132
88,2933,6,0.31686165928840637,0.24584563076496124,-0.07538428157567978,0.9991278648376465,304,132
88,2933,7,0.3072897791862488,0.2521859109401703,-0.018532821908593178,0.997911274433136,294,136
88,2933,8,0.31231212615966797,0.25173917412757874,-0.09650717675685883,0.9986847639083862,299,135
88,2933,9,0.31418412923812866,0.269674152135849,-0.04747603088617325,0.99672931432724,301,145
88,2933,10,0.3148373067378998,0.2693679630756378,-0.07138245552778244,0.9981443881988525,302,145
88,2933,11,0.30387258529663086,0.3257999122142792,0.039405543357133865,0.9996463060379028,291,175
88,2933,12,0.2957790791988373,0.33140239119529724,-0.13257934153079987,0.9999659657478333,283,178
88,2933,13,0.30817171931266785,0.4259418249130249,0.06818585097789764,0.0398714616894722,295,230
88,2933,14,0.2933603823184967,0.4319831132888794,-0.1559954732656479,0.9938467144966125,281,233
88,2933,15,0.3277141749858856,0.49617457389831543,0.02770519256591797,0.04595739394426346,314,267
88,2933,16,0.30857664346694946,0.5138604044914246,-0.16072265803813934,0.9860252141952515,296,277
88,2933,17,0.3322654068470001,0.5170179009437561,0.024466203525662422,0.07158311456441879,318,279
88,2933,18,0.31014567613601685,0.5413906574249268,-0.18313002586364746,0.9755211472511292,297,292
88,2933,19,0.3346400856971741,0.5187426805496216,0.004181244410574436,0.07391234487295151,321,280
88,2933,20,0.315621554851532,0.5400175452232361,-0.18479041755199432,0.9737108945846558,302,291
88,2933,21,0.3323354721069336,0.51320880651474,0.01840255968272686,0.07002563029527664,319,277
88,2933,22,0.31559181213378906,0.5316171646118164,-0.1620834767818451,0.9536948204040527,302,287
88,2933,23,0.30487915873527527,0.5074917078018188,0.05616115406155586,0.9999363422393799,292,274
88,2933,24,0.30232536792755127,0.5137722492218018,-0.05624217912554741,0.9999757409095764,290,277
88,2933,25,0.30845096707344055,0.6169861555099487,0.13921213150024414,0.5353289842605591,296,333
88,2933,26,0.32829657196998596,0.6248967051506042,-0.034196026623249054,0.9564350843429565,315,337
88,2933,27,0.2970346510410309,0.7293887734413147,0.20275412499904633,0.7993358373641968,285,393
88,2933,28,0.30487337708473206,0.7370555400848389,0.03766905888915062,0.9781064987182617,292,398
88,2933,29,0.2912013828754425,0.7575200796127319,0.20598459243774414,0.8067288398742676,279,409
88,2933,30,0.2937427759170532,0.7555732727050781,0.04328272119164467,0.905207633972168,281,408
88,2933,31,0.31552374362945557,0.7496339678764343,0.18020103871822357,0.8381715416908264,302,404
88,2933,32,0.32956838607788086,0.7840264439582825,0.007703045848757029,0.960692822933197,316,423
89,2966,0,0.32161790132522583,0.2554863691329956,-0.06112908944487572,0.9982221126556396,308,137
89,2966,1,0.3184524178504944,0.2455194890499115,-0.05364116281270981,0.9967751502990723,305,132
89,2966,2,0.31720516085624695,0.2459736317396164,-0.053799405694007874,0.9962923526763916,304,132
89,2966,3,0.3158327639102936,0.2463465929031372,-0.05377011373639107,0.9971358776092529,303,133
89,2966,4,0.3198048770427704,0.24583828449249268,-0.07140127569437027,0.9982495903968811,307,132
89,2966,5,0.31936952471733093,0.24599824845790863,-0.07159488648176193,0.9987884163856506,306,132
89,2966,6,0.31938785314559937,0.2459571808576584,-0.07169224321842194,0.9991419315338135,306,132
89,2966,7,0.3077942728996277,0.25234171748161316,-0.01602291502058506,0.9980183839797974,295,136
89,2966,8,0.3133211135864258,0.2520269453525543,-0.09532100707292557,0.9987090229988098,300,136
89,2966,9,0.31737983226776123,0.27002641558647156,-0.04342980682849884,0.996881902217865,304,145
89,2966,10,0.31835171580314636,0.26992854475975037,-0.06771580874919891,0.9982122182846069,305,145
89,2966,11,0.30133742094039917,0.3248998820781708,0.04407130181789398,0.999664843082428,289,175
89,2966,12,0.29749786853790283,0.3314172625541687,-0.1285284161567688,0.9999661445617676,285,178
89,2966,13,0.30737289786338806,0.4236098825931549,0.07139930129051208,0.041319072246551514,295,228
89,2966,14,0.2931038737297058,0.43218994140625,-0.15590375661849976,0.9941412806510925,281,233
89,2966,15,0.32348647713661194,0.4921347200870514,0.03242919594049454,0.04803691804409027,310,265
89,2966,16,0.30995017290115356,0.5157301425933838,-0.1475716084241867,0.9865444302558899,297,278
89,2966,17,0.3297989070415497,0.5170596241950989,0.03044147975742817,0.07487903535366058,316,279
89,2966,18,0.3103148639202118,0.5437313914299011,-0.16725455224514008,0.976417064666748,297,293
89,2966,19,0.3313561975955963,0.5170288681983948,0.01172390766441822,0.07727766782045364,318,279
89,2966,20,0.3160804212093353,0.539067804813385,-0.16626586019992828,0.974755585193634,303,291
89,2966,21,0.3300859332084656,0.507946789264679,0.0239645354449749,0.07294145971536636,316,274
89,2966,22,0.316268652677536,0.5304699540138245,-0.1473037302494049,0.9553838968276978,303,286
89,2966,23,0.30337661504745483,0.5097932815551758,0.05641015246510506,0.9999343752861023,291,275
89,2966,24,0.30597859621047974,0.5143963098526001,-0.05649906396865845,0.9999744892120361,293,277
89,2966,25,0.3064515292644501,0.6222082376480103,0.13258907198905945,0.5176882147789001,294,335
89,2966,26,0.335633784532547,0.6267587542533875,-0.03109123930335045,0.9574522972106934,322,338
89,2966,27,0.29395124316215515,0.7403150200843811,0.1911303848028183,0.8036773800849915,282,399
89,2966,28,0.30682432651519775,0.740388810634613,0.030879953876137733,0.9791727066040039,294,399
89,2966,29,0.28690555691719055,0.7661325335502625,0.19413839280605316,0.8118588924407959,275,413
89,2966,30,0.29529762268066406,0.7598900198936462,0.035069845616817474,0.9090457558631897,283,410
89,2966,31,0.3078484535217285,0.7698085904121399,0.16771823167800903,0.8440160155296326,295,415
89,2966,32,0.3317454755306244,0.7858836054801941,0.0016081042122095823,0.9626584649085999,318,424
90,3000,0,0.3224816620349884,0.2586525082588196,-0.0627497211098671,0.9983417391777039,309,139
90,3000,1,0.3208739459514618,0.24860814213752747,-0.055442504584789276,0.9969717264175415,308,134
90,3000,2,0.3200790286064148,0.24879969656467438,-0.05560905858874321,0.9965147376060486,307,134
90,3000,3,0.3193085491657257,0.24894538521766663,-0.055583611130714417,0.9973157644271851,306,134
90,3000,4,0.32248589396476746,0.2490069568157196,-0.07234939187765121,0.9983643293380737,309,134
90,3000,5,0.32286888360977173,0.2491091638803482,-0.0725461095571518,0.9988667964935303,309,134
90,3000,6,0.3221943974494934,0.2490028440952301,-0.07263480871915817,0.9991956353187561,309,134
90,3000,7,0.31425192952156067,0.2544220983982086,-0.016157951205968857,0.9981381297111511,301,137
90,3000,8,0.3177492022514343,0.2552421987056732,-0.094394251704216,0.9987804293632507,305,137
90,3000,9,0.3203771412372589,0.2715238332748413,-0.04468555003404617,0.9971074461936951,307,146
90,3000,10,0.3211764991283417,0.2716965079307556,-0.06795619428157806,0.9983406066894531,308,146
90,3000,11,0.3091302216053009,0.32621970772743225,0.04600321874022484,0.9996829032897949,296,176
90,3000,12,0.30496710538864136,0.3326050043106079,-0.12732602655887604,0.9999681711196899,292,179
90,3000,13,0.3207722008228302,0.4242074489593506,0.0711049884557724,0.04977092891931534,307,229
90,3000,14,0.3001119792461395,0.4356459975242615,-0.1640494167804718,0.994572639465332,288,235
90,3000,15,0.3455306887626648,0.4894508123397827,0.03461994603276253,0.062389299273490906,331,264
90,3000,16,0.31293216347694397,0.5251052379608154,-0.1889311671257019,0.9877491593360901,300,283
90,3000,17,0.35193607211112976,0.5123879909515381,0.03305910900235176,0.09277945011854172,337,276
90,3000,18,0.3117351233959198,0.5521435141563416,-0.21323536336421967,0.9785051345825195,299,298
90,3000,19,0.35516443848609924,0.5131574273109436,0.011842455714941025,0.09704679250717163,340,277
90,3000,20,0.3177838623523712,0.5513558983802795,-0.21553745865821838,0.9770122766494751,305,297
90,3000,21,0.35096219182014465,0.5048434734344482,0.025199437513947487,0.09165431559085846,336,272
90,3000,22,0.31843623518943787,0.5421583652496338,-0.19101525843143463,0.9592934250831604,305,292
90,3000,23,0.3099544644355774,0.5122287273406982,0.05579965561628342,0.9999347925186157,297,276
90,3000,24,0.3134503960609436,0.5157918334007263,-0.05590780824422836,0.9999749660491943,300,278
90,3000,25,0.31170815229415894,0.6328265070915222,0.13163329660892487,0.5083168745040894,299,341
90,3000,26,0.34932050108909607,0.6270133852958679,-0.028827030211687088,0.9580855965614319,335,338
90,3000,27,0.2956291139125824,0.744872510433197,0.19180801510810852,0.8110309839248657,283,402
90,3000,28,0.33489087224006653,0.745901882648468,0.025532033294439316,0.9803040623664856,321,402
90,3000,29,0.2852983772754669,0.7694585919380188,0.19434179365634918,0.819038450717926,273,415
90,3000,30,0.32424721121788025,0.767438530921936,0.02845730073750019,0.913331925868988,311,414
90,3000,31,0.31941893696784973,0.7701138257980347,0.16450931131839752,0.8517029881477356,306,415
90,3000,32,0.36074429750442505,0.7898626923561096,-0.013957234099507332,0.9647353887557983,346,426
91,3033,0,0.3253818154335022,0.26176127791404724,-0.06161641329526901,0.9984807968139648,312,141
91,3033,1,0.3229254484176636,0.25119444727897644,-0.05506932735443115,0.9972148537635803,310,135
91,3033,2,0.32198774814605713,0.25108298659324646,-0.05524193495512009,0.9967929124832153,309,135
91,3033,3,0.3211360275745392,0.250977098941803,-0.055233608931303024,0.9975334405899048,308,135
91,3033,4,0.3246201276779175,0.25175178050994873,-0.07070176303386688,0.9984963536262512,311,135
91,3033,5,0.3249654471874237,0.25176554918289185,-0.0708889439702034,0.9989569783210754,311,135
91,3033,6,0.32520371675491333,0.2516200840473175,-0.07096268236637115,0.9992581009864807,312,135
91,3033,7,0.31599101424217224,0.25525325536727905,-0.011932741850614548,0.9982897043228149,303,137
91,3033,8,0.32081279158592224,0.2565491795539856,-0.08688033372163773,0.9988731145858765,307,138
91,3033,9,0.3228197693824768,0.27363237738609314,-0.04395129904150963,0.9973509907722473,309,147
91,3033,10,0.32355138659477234,0.27399754524230957,-0.06583373993635178,0.99847811460495,310,147
91,3033,11,0.31139591336250305,0.3266761898994446,0.05048082396388054,0.9997025728225708,298,176
91,3033,12,0.3064606785774231,0.3332119584083557,-0.11942975223064423,0.9999701976776123,294,179
91,3033,13,0.32248562574386597,0.42515629529953003,0.0732022374868393,0.06181430444121361,309,229
91,3033,14,0.29927101731300354,0.43561282753944397,-0.15984171628952026,0.9950243830680847,287,235
91,3033,15,0.34764692187309265,0.4896131753921509,0.03500663861632347,0.09181403368711472,333,264
91,3033,16,0.3142155706882477,0.5238264203071594,-0.17911723256111145,0.9888980388641357,301,282
91,3033,17,0.3540838658809662,0.5117047429084778,0.03271878510713577,0.12793488800525665,339,276
91,3033,18,0.312594473361969,0.5514565110206604,-0.20228257775306702,0.9805032014846802,300,297
91,3033,19,0.3565395474433899,0.512008011341095,0.011832822114229202,0.13416962325572968,342,276
91,3033,20,0.31856146454811096,0.5512904524803162,-0.20403876900672913,0.9791607856750488,305,297
91,3033,21,0.3528127670288086,0.5039737820625305,0.02557569183409214,0.12644749879837036,338,272
91,3033,22,0.3198888897895813,0.541892409324646,-0.18072764575481415,0.9630621075630188,307,292
91,3033,23,0.31064197421073914,0.5153371691703796,0.054943833500146866,0.9999355673789978,298,278
91,3033,24,0.3174513578414917,0.5164917707443237,-0.055079445242881775,0.9999753832817078,304,278
91,3033,25,0.31027951836586,0.6335406303405762,0.1352199912071228,0.5097671151161194,297,342
91,3033,26,0.35245034098625183,0.6272680759429932,-0.02847888320684433,0.9594981670379639,338,338
91,3033,27,0.2950665354728699,0.746489405632019,0.19818399846553802,0.8207941055297852,283,403
91,3033,28,0.33636125922203064,0.7468090653419495,0.02867349423468113,0.9813463687896729,322,403
91,3033,29,0.28681033849716187,0.7703048586845398,0.20106036961078644,0.827629566192627,275,415
91,3033,30,0.3281075656414032,0.767974317073822,0.032593268901109695,0.9173902273178101,314,414
91,3033,31,0.3184669613838196,0.770473301410675,0.17494215071201324,0.8609516024589539,305,416
91,3033,32,0.3594009578227997,0.7906714081764221,-0.009249319322407246,0.966813862323761,345,426
92,3066,0,0.33752453327178955,0.2577076554298401,-0.05870942771434784,0.9985944628715515,324,139
92,3066,1,0.3325369656085968,0.24864394962787628,-0.050673630088567734,0.9974122643470764,319,134
92,3066,2,0.33157476782798767,0.24908295273780823,-0.05083290487527847,0.9969982504844666,318,134
92,3066,3,0.330657422542572,0.2494659721851349,-0.050822000950574875,0.9977057576179504,317,134
92,3066,4,0.333342969417572,0.24847175180912018,-0.0663287490606308,0.9986031651496887,320,134
92,3066,5,0.3329539895057678,0.24870511889457703,-0.06652159988880157,0.9990234971046448,319,134
92,3066,6,0.3325424790382385,0.24872741103172302,-0.06658723950386047,0.99930739402771,319,134
92,3066,7,0.3260488510131836,0.2552011013031006,-0.00698906509205699,0.9983951449394226,313,137
92,3066,8,0.32789769768714905,0.25510239601135254,-0.08167871087789536,0.9989335536956787,314,137
92,3066,9,0.3343128263950348,0.2716526389122009,-0.04028147831559181,0.9975548386573792,320,146
92,3066,10,0.3342801332473755,0.2714521586894989,-0.06198006123304367,0.9985917210578918,320,146
92,3066,11,0.32405713200569153,0.32676592469215393,0.05331319570541382,0.9997206926345825,311,176
92,3066,12,0.3143428862094879,0.3308577239513397,-0.11535659432411194,0.9999719858169556,301,178
92,3066,13,0.33339065313339233,0.4255068600177765,0.08657428622245789,0.06312791258096695,320,229
92,3066,14,0.3048325181007385,0.4292019307613373,-0.15784257650375366,0.9953485131263733,292,231
92,3066,15,0.36118096113204956,0.48824265599250793,0.061786506325006485,0.1020580306649208,346,263
92,3066,16,0.3142234683036804,0.5232440233230591,-0.17892047762870789,0.9897176027297974,301,282
92,3066,17,0.3686830699443817,0.5105127692222595,0.0616859570145607,0.13967794179916382,353,275
92,3066,18,0.31233182549476624,0.550110936164856,-0.20047339797019958,0.9818124175071716,299,297
92,3066,19,0.37145912647247314,0.5096256136894226,0.03767599165439606,0.1477956920862198,356,275
92,3066,20,0.31903475522994995,0.5493263602256775,-0.20472852885723114,0.9806041717529297,306,296
92,3066,21,0.3674958646297455,0.5026926398277283,0.051099106669425964,0.13893316686153412,352,271
92,3066,22,0.3205217719078064,0.5397711992263794,-0.18183191120624542,0.9654973745346069,307,291
92,3066,23,0.32800620794296265,0.5152741074562073,0.05319516733288765,0.9999358654022217,314,278
92,3066,24,0.31669992208480835,0.5147481560707092,-0.05333371087908745,0.9999749064445496,304,277
92,3066,25,0.35466575622558594,0.6328213214874268,0.0686383917927742,0.4930831491947174,340,341
92,3066,26,0.3212709128856659,0.62837815284729,-0.020746994763612747,0.9525910019874573,308,339
92,3066,27,0.35902678966522217,0.7506507039070129,0.10846307128667831,0.8126350045204163,344,405
92,3066,28,0.30959761142730713,0.7469280958175659,0.030730538070201874,0.9776365160942078,297,403
92,3066,29,0.35128942131996155,0.7789403200149536,0.1083332747220993,0.815288782119751,337,420
92,3066,30,0.30039092898368835,0.7691285014152527,0.03500182554125786,0.896518349647522,288,415
92,3066,31,0.38999640941619873,0.7762871384620667,0.06397835165262222,0.8584172129631042,374,419
92,3066,32,0.3392544388771057,0.7862275242805481,-0.012299043126404285,0.9623660445213318,325,424
93,3100,0,0.34190893173217773,0.25799474120140076,-0.05984620004892349,0.99867844581604,328,139
93,3100,1,0.33592113852500916,0.24858011305332184,-0.05144260451197624,0.9975501298904419,322,134
93,3100,2,0.3350459635257721,0.24901659786701202,-0.05160664767026901,0.9971381425857544,321,134
93,3100,3,0.3341711163520813,0.2493961751461029,-0.0515972338616848,0.9978373050689697,320,134
93,3100,4,0.33621928095817566,0.2485322505235672,-0.06855075806379318,0.9986719489097595,322,134
93,3100,5,0.3355511724948883,0.24880439043045044,-0.06873831897974014,0.9990580081939697,322,134
93,3100,6,0.3347088694572449,0.24822881817817688,-0.06880693882703781,0.999332845211029,321,134
93,3100,7,0.327614426612854,0.25527307391166687,-0.007014235947281122,0.9984764456748962,314,137
93,3100,8,0.32645776867866516,0.2551550269126892,-0.085520438849926,0.9989444017410278,313,137
93,3100,9,0.33783355355262756,0.2723703980445862,-0.04096851870417595,0.9977245330810547,324,147
93,3100,10,0.3375445604324341,0.2719042897224426,-0.0644950419664383,0.998680830001831,324,146
93,3100,11,0.32660719752311707,0.3285099267959595,0.05353453382849693,0.9997400045394897,313,177
93,3100,12,0.31403952836990356,0.3298172056674957,-0.11971886456012726,0.999972403049469,301,178
93,3100,13,0.3367214798927307,0.4279724061489105,0.08990409970283508,0.07120038568973541,323,231
93,3100,14,0.30646926164627075,0.4302375912666321,-0.16325528919696808,0.9955399036407471,294,232
93,3100,15,0.36277416348457336,0.48764660954475403,0.058324746787548065,0.12687568366527557,348,263
93,3100,16,0.3163452744483948,0.5289745926856995,-0.18448659777641296,0.9901796579360962,303,285
93,3100,17,0.3695870041847229,0.5098184943199158,0.057359423488378525,0.16469721496105194,354,275
93,3100,18,0.31363168358802795,0.5545222163200378,-0.2069571316242218,0.9823750853538513,301,299
93,3100,19,0.3723197281360626,0.5084708333015442,0.03446393087506294,0.17503666877746582,357,274
93,3100,20,0.32238882780075073,0.5530520677566528,-0.21106480062007904,0.9813076853752136,309,298
93,3100,21,0.36918583512306213,0.5018286108970642,0.04783264547586441,0.16390424966812134,354,270
93,3100,22,0.32542917132377625,0.5437772274017334,-0.18725229799747467,0.9664991497993469,312,293
93,3100,23,0.3300871253013611,0.515131413936615,0.05356491729617119,0.9999328255653381,316,278
93,3100,24,0.31804782152175903,0.5154755711555481,-0.05370271950960159,0.999971330165863,305,278
93,3100,25,0.35673969984054565,0.6321807503700256,0.07187061011791229,0.47368988394737244,342,341
93,3100,26,0.3141804039478302,0.6304306387901306,-0.013083606958389282,0.9362902641296387,301,340
93,3100,27,0.36263221502304077,0.7519741654396057,0.11628448963165283,0.7912006378173828,348,406
93,3100,28,0.30068767070770264,0.7468571066856384,0.043527912348508835,0.9665549397468567,288,403
93,3100,29,0.3538154661655426,0.7821567058563232,0.11668800562620163,0.7893069386482239,339,422
93,3100,30,0.29084450006484985,0.7690141797065735,0.046675171703100204,0.8600999116897583,279,415
93,3100,31,0.39165210723876953,0.7794797420501709,0.07090718299150467,0.8432703614234924,375,420
93,3100,32,0.3258618414402008,0.7820352911949158,-0.009127105586230755,0.9476988911628723,312,422
94,3133,0,0.3423791229724884,0.26243966817855835,-0.07071708887815475,0.9987925887107849,328,141
94,3133,1,0.3396829068660736,0.25312989950180054,-0.06269855797290802,0.9977645874023438,326,136
94,3133,2,0.33876532316207886,0.25331079959869385,-0.0628727450966835,0.9973888397216797,325,136
94,3133,3,0.33796361088752747,0.2535094618797302,-0.06284887343645096,0.9980289340019226,324,136
94,3133,4,0.34099483489990234,0.2534555494785309,-0.0798858106136322,0.9987881779670715,327,136
94,3133,5,0.3410560190677643,0.2537747025489807,-0.08007661253213882,0.9991396069526672,327,137
94,3133,6,0.34123706817626953,0.25375357270240784,-0.08015347272157669,0.9993898272514343,327,137
94,3133,7,0.33255109190940857,0.2598869800567627,-0.019126413390040398,0.9986108541488647,319,140
94,3133,8,0.3364916741847992,0.2609536647796631,-0.09665534645318985,0.9990300536155701,323,140
94,3133,9,0.33947643637657166,0.2757156789302826,-0.051256343722343445,0.9979280829429626,325,148
94,3133,10,0.3401716351509094,0.27578824758529663,-0.0748247429728508,0.9987940788269043,326,148
94,3133,11,0.3295860290527344,0.3302706480026245,0.05059705674648285,0.9997531771659851,316,178
94,3133,12,0.32187986373901367,0.333013653755188,-0.13019505143165588,0.999972939491272,309,179
94,3133,13,0.3445144295692444,0.42904695868492126,0.08320648968219757,0.08162577450275421,330,231
94,3133,14,0.3094552755355835,0.43027400970458984,-0.18002700805664062,0.9954469799995422,297,232
94,3133,15,0.3761295974254608,0.4875091016292572,0.04276716709136963,0.14483971893787384,361,263
94,3133,16,0.3168342411518097,0.5270317196846008,-0.2052975296974182,0.9904382824897766,304,284
94,3133,17,0.3843947649002075,0.5082550644874573,0.04168017953634262,0.18889258801937103,369,274
94,3133,18,0.3137020468711853,0.5528445839881897,-0.22842937707901,0.9829498529434204,301,298
94,3133,19,0.3867878019809723,0.5074860453605652,0.01668998971581459,0.2018193155527115,371,274
94,3133,20,0.32226666808128357,0.552273154258728,-0.23204636573791504,0.9819679856300354,309,298
94,3133,21,0.383513867855072,0.5011513233184814,0.03125617653131485,0.1911848932504654,368,270
94,3133,22,0.32455551624298096,0.5432314872741699,-0.20782889425754547,0.9678606986999512,311,293
94,3133,23,0.32695430517196655,0.5204015970230103,0.05521313473582268,0.9999366998672485,313,281
94,3133,24,0.33128294348716736,0.520900547504425,-0.05536903813481331,0.9999728798866272,318,281
94,3133,25,0.3287334740161896,0.6349353790283203,0.12620948255062103,0.4918113350868225,315,342
94,3133,26,0.35908353328704834,0.6312927603721619,0.002522475551813841,0.9384800791740417,344,340
94,3133,27,0.30999884009361267,0.7502032518386841,0.18288715183734894,0.8045478463172913,297,405
94,3133,28,0.38010460138320923,0.7518185973167419,0.04286991059780121,0.9691510796546936,364,405
94,3133,29,0.3005218505859375,0.7771715521812439,0.18449383974075317,0.8037241697311401,288,419
94,3133,30,0.3787132501602173,0.7787532210350037,0.044992394745349884,0.8716243505477905,363,420
94,3133,31,0.3330349028110504,0.7785067558288574,0.1474093347787857,0.8531370162963867,319,420
94,3133,32,0.4116697311401367,0.7696234583854675,-0.009806366637349129,0.95130854845047,395,415
95,3166,0,0.347707062959671,0.2657593786716461,-0.07059219479560852,0.9988974928855896,333,143
95,3166,1,0.3443792760372162,0.255821168422699,-0.06335384398698807,0.9979615211486816,330,138
95,3166,2,0.3433927297592163,0.25582176446914673,-0.06352457404136658,0.9976207613945007,329,138
95,3166,3,0.3426976799964905,0.2558910548686981,-0.06350452452898026,0.9982064962387085,328,138
95,3166,4,0.3445412516593933,0.25610870122909546,-0.08111943304538727,0.9988939166069031,330,138
95,3166,5,0.3439098298549652,0.2562445402145386,-0.08130591362714767,0.9992137551307678,330,138
95,3166,6,0.3433450162410736,0.2561969459056854,-0.08137624710798264,0.9994412064552307,329,138
95,3166,7,0.3357117474079132,0.2610558271408081,-0.022644544020295143,0.9987378120422363,322,140
95,3166,8,0.3364347815513611,0.2616705298423767,-0.10292913764715195,0.9991087317466736,322,141
95,3166,9,0.3436104655265808,0.27899593114852905,-0.0518200621008873,0.9981173276901245,329,150
95,3166,10,0.34330418705940247,0.27885639667510986,-0.07614635676145554,0.9988996982574463,329,150
95,3166,11,0.3318072557449341,0.3308837115764618,0.047751884907484055,0.9997709393501282,318,178
95,3166,12,0.32323113083839417,0.3331942856311798,-0.13737338781356812,0.999973475933075,310,179
95,3166,13,0.3457713723182678,0.4291277229785919,0.08095035701990128,0.09857692569494247,331,231
95,3166,14,0.31094980239868164,0.43042150139808655,-0.18675826489925385,0.9952709078788757,298,232
95,3166,15,0.3755784332752228,0.48704794049263,0.041899677366018295,0.1665952056646347,360,263
95,3166,16,0.31628578901290894,0.5261046886444092,-0.2085622102022171,0.9902346134185791,303,284
95,3166,17,0.3847459554672241,0.5082067847251892,0.04116567224264145,0.21452699601650238,369,274
95,3166,18,0.31339728832244873,0.5522383451461792,-0.23087100684642792,0.9827135801315308,300,298
95,3166,19,0.3868730962276459,0.5070164799690247,0.016639098525047302,0.22965078055858612,371,273
95,3166,20,0.3214605450630188,0.5532422661781311,-0.23471593856811523,0.981831431388855,308,298
95,3166,21,0.38297510147094727,0.4998985528945923,0.0306052565574646,0.21950006484985352,367,269
95,3166,22,0.32334190607070923,0.5429888963699341,-0.21114009618759155,0.9680046439170837,310,293
95,3166,23,0.3269972801208496,0.5204918384552002,0.056613169610500336,0.9999409317970276,313,281
95,3166,24,0.3318040668964386,0.5210111737251282,-0.056776683777570724,0.9999744296073914,318,281
95,3166,25,0.32131844758987427,0.6362501382827759,0.12392987310886383,0.5104853510856628,308,343
95,3166,26,0.36276668310165405,0.6309772729873657,-0.001522569335065782,0.9395302534103394,348,340
95,3166,27,0.29761871695518494,0.7496364712715149,0.1766636222600937,0.815324604511261,285,404
95,3166,28,0.38488155603408813,0.7533073425292969,0.035861123353242874,0.9711676239967346,369,406
95,3166,29,0.28664878010749817,0.7745043635368347,0.17868123948574066,0.8152207136154175,275,418
95,3166,30,0.3828538656234741,0.7813982963562012,0.03604282811284065,0.881293773651123,367,421
95,3166,31,0.3191145062446594,0.7786049246788025,0.14617472887039185,0.8613089323043823,306,420
95,3166,32,0.4157334566116333,0.7655525207519531,-0.016212057322263718,0.954087495803833,399,413
96,3200,0,0.351571261882782,0.2740004062652588,-0.06906823813915253,0.9989239573478699,337,147
96,3200,1,0.34972015023231506,0.2640613615512848,-0.06145477294921875,0.9980329275131226,335,142
96,3200,2,0.3488820493221283,0.2638114094734192,-0.061624620109796524,0.9976987838745117,334,142
96,3200,3,0.34815582633018494,0.26365360617637634,-0.06160397455096245,0.9982824921607971,334,142
96,3200,4,0.350706547498703,0.26451146602630615,-0.07941488176584244,0.9989326596260071,336,142
96,3200,5,0.3506445586681366,0.26454511284828186,-0.07960875332355499,0.999235212802887,336,142
96,3200,6,0.3507121801376343,0.26455792784690857,-0.07969234138727188,0.9994562864303589,336,142
96,3200,7,0.34197407960891724,0.26776203513145447,-0.02034948207437992,0.9987960457801819,328,144
96,3200,8,0.34536850452423096,0.26928114891052246,-0.1008991226553917,0.9991154670715332,331,145
96,3200,9,0.3480517268180847,0.28566667437553406,-0.050024889409542084,0.9982042908668518,334,154
96,3200,10,0.34856805205345154,0.2857557535171509,-0.07456425577402115,0.9989297389984131,334,154
96,3200,11,0.3374691903591156,0.3337203562259674,0.04969782382249832,0.9997557997703552,323,180
96,3200,12,0.330706387758255,0.33729061484336853,-0.13636668026447296,0.9999678134918213,317,182
96,3200,13,0.35257652401924133,0.4315261244773865,0.08097012341022491,0.09740805625915527,338,233
96,3200,14,0.3162602484226227,0.4335487484931946,-0.18833789229393005,0.9943289160728455,303,234
96,3200,15,0.3850874602794647,0.48565900325775146,0.04133971408009529,0.1576191782951355,369,262
96,3200,16,0.3165288269519806,0.525433361530304,-0.21048720180988312,0.9865602254867554,303,283
96,3200,17,0.3935185968875885,0.5035163760185242,0.040835220366716385,0.20409004390239716,377,271
96,3200,18,0.31322261691093445,0.5515170693397522,-0.23226669430732727,0.9765545725822449,300,297
96,3200,19,0.39689162373542786,0.5016704201698303,0.017168128862977028,0.21874931454658508,381,270
96,3200,20,0.3211438059806824,0.5533615350723267,-0.23597045242786407,0.9755162000656128,308,298
96,3200,21,0.3935033977031708,0.4964056611061096,0.03026515059173107,0.2102176547050476,377,268
96,3200,22,0.3228653073310852,0.5441497564315796,-0.21293693780899048,0.9591183066368103,309,293
96,3200,23,0.33207178115844727,0.5240591168403625,0.05795080214738846,0.9999449253082275,318,282
96,3200,24,0.33775144815444946,0.5258579850196838,-0.05812341719865799,0.9999759793281555,324,283
96,3200,25,0.3208993375301361,0.635720431804657,0.13221216201782227,0.5336529612541199,308,343
96,3200,26,0.3704878091812134,0.6326169371604919,0.009161682799458504,0.9401805996894836,355,341
96,3200,27,0.2966350018978119,0.7485014200210571,0.18594394624233246,0.8271404504776001,284,404
96,3200,28,0.3979368507862091,0.7526158094406128,0.05362207815051079,0.9728810787200928,382,406
96,3200,29,0.28496047854423523,0.7730889916419983,0.18790343403816223,0.8280503153800964,273,417
96,3200,30,0.396546870470047,0.7799192070960999,0.05501313880085945,0.8902330994606018,380,421
96,3200,31,0.317781925201416,0.7783052921295166,0.1555221974849701,0.8679713010787964,305,420
96,3200,32,0.4230378568172455,0.7632260918617249,0.0085151307284832,0.9556294083595276,406,412
97,3233,0,0.35476958751678467,0.2761179506778717,-0.06826692074537277,0.9990115761756897,340,149
97,3233,1,0.3517194092273712,0.2655903995037079,-0.060805510729551315,0.9982012510299683,337,143
97,3233,2,0.35059216618537903,0.2652689516544342,-0.060980942100286484,0.9978972673416138,336,143
97,3233,3,0.34956786036491394,0.2650553286075592,-0.060965895652770996,0.9984351396560669,335,143
97,3233,4,0.35278016328811646,0.26601552963256836,-0.07871891558170319,0.9990216493606567,338,143
97,3233,5,0.35253968834877014,0.26596909761428833,-0.07890919595956802,0.9992969036102295,338,143
97,3233,6,0.3524148166179657,0.26589876413345337,-0.07898637652397156,0.9994989037513733,338,143
97,3233,7,0.34273454546928406,0.2682983875274658,-0.019610567018389702,0.9989057183265686,329,144
97,3233,8,0.34618380665779114,0.26945483684539795,-0.10024220496416092,0.9991787075996399,332,145
97,3233,9,0.35052168369293213,0.2874625623226166,-0.04927710443735123,0.99836665391922,336,155
97,3233,10,0.35101744532585144,0.2875177264213562,-0.07381100952625275,0.9990200996398926,336,155
97,3233,11,0.33944380283355713,0.33468154072761536,0.049513354897499084,0.9997742772102356,325,180
97,3233,12,0.3312235176563263,0.3376690447330475,-0.13502992689609528,0.9999679923057556,317,182
97,3233,13,0.35494816303253174,0.43236204981803894,0.08148713409900665,0.11575870215892792,340,233
97,3233,14,0.3179038166999817,0.433716356754303,-0.1911347210407257,0.9938488006591797,305,234
97,3233,15,0.3866448402404785,0.48374447226524353,0.043124664574861526,0.1816031038761139,371,261
97,3233,16,0.3177455961704254,0.524922251701355,-0.22585266828536987,0.9849950671195984,305,283
97,3233,17,0.3958846926689148,0.5030190348625183,0.042632199823856354,0.22902677953243256,380,271
97,3233,18,0.3140428364276886,0.551068902015686,-0.24988014996051788,0.9742417931556702,301,297
97,3233,19,0.3983907699584961,0.5007269382476807,0.01745661161839962,0.24569548666477203,382,270
97,3233,20,0.3210427463054657,0.5529993176460266,-0.25490912795066833,0.9733600616455078,308,298
97,3233,21,0.3952957093715668,0.49500569701194763,0.031107356771826744,0.23721782863140106,379,267
97,3233,22,0.32262179255485535,0.5438376069068909,-0.22947774827480316,0.956224262714386,309,293
97,3233,23,0.3333249092102051,0.5256265997886658,0.05801604688167572,0.9999493956565857,319,283
97,3233,24,0.33918607234954834,0.5272250175476074,-0.05818415433168411,0.999977707862854,325,284
97,3233,25,0.32064735889434814,0.6355736255645752,0.13502860069274902,0.5534041523933411,307,343
97,3233,26,0.37155309319496155,0.6327539086341858,0.0024371470790356398,0.942672073841095,356,341
97,3233,27,0.2952348589897156,0.7478822469711304,0.19623811542987823,0.8354505896568298,283,403
97,3233,28,0.3995610773563385,0.7518006563186646,0.04577736556529999,0.9746543169021606,383,405
97,3233,29,0.28416964411735535,0.7722326517105103,0.19879484176635742,0.8366304039955139,272,417
97,3233,30,0.3970735967159271,0.7784516215324402,0.046164557337760925,0.8985260725021362,381,420
97,3233,31,0.3176642060279846,0.7779526114463806,0.16555538773536682,0.8742119073867798,304,420
97,3233,32,0.4248184561729431,0.7634010314941406,-0.0031422970350831747,0.9583383202552795,407,412
98,3266,0,0.36235809326171875,0.2791360318660736,-0.05234505981206894,0.9990973472595215,347,150
98,3266,1,0.3603226840496063,0.26903998851776123,-0.04450453072786331,0.9983454942703247,345,145
98,3266,2,0.3593381345272064,0.2686854302883148,-0.044658858329057693,0.9980661273002625,344,145
98,3266,3,0.35823649168014526,0.2684115469455719,-0.044636134058237076,0.9985652565956116,343,144
98,3266,4,0.36172059178352356,0.26954519748687744,-0.06360744684934616,0.9990958571434021,347,145
98,3266,5,0.3617861568927765,0.26950350403785706,-0.0637843906879425,0.9993455410003662,347,145
98,3266,6,0.3619900345802307,0.2694072723388672,-0.06385186314582825,0.9995313286781311,347,145
98,3266,7,0.3517454266548157,0.2717420756816864,-0.0046934280544519424,0.9989952445030212,337,146
98,3266,8,0.3567856252193451,0.27320560812950134,-0.09121724218130112,0.999220073223114,342,147
98,3266,9,0.35904428362846375,0.290287047624588,-0.03442823514342308,0.998505175113678,344,156
98,3266,10,0.35977429151535034,0.290355920791626,-0.06066108122467995,0.999096155166626,345,156
98,3266,11,0.3481898009777069,0.337924987077713,0.056678932160139084,0.999793529510498,334,182
98,3266,12,0.33930885791778564,0.3401651978492737,-0.1273530274629593,0.9999685883522034,325,183
98,3266,13,0.36489337682724,0.43239718675613403,0.08974526077508926,0.1237684041261673,350,233
98,3266,14,0.32313093543052673,0.43689200282096863,-0.18547144532203674,0.9930708408355713,310,235
98,3266,15,0.3994666337966919,0.4842379093170166,0.054295144975185394,0.20554038882255554,383,261
98,3266,16,0.32238948345184326,0.5246754884719849,-0.20798778533935547,0.9758378267288208,309,283
98,3266,17,0.4075580835342407,0.5038449764251709,0.05465361848473549,0.24770605564117432,391,272
98,3266,18,0.3177392780780792,0.5507452487945557,-0.23047614097595215,0.9574903845787048,305,297
98,3266,19,0.4107913672924042,0.5014228224754333,0.029340451583266258,0.26668408513069153,394,270
98,3266,20,0.3241230249404907,0.5525738596916199,-0.23382118344306946,0.9569740891456604,311,298
98,3266,21,0.40672677755355835,0.495432585477829,0.04259539768099785,0.25679153203964233,390,267
98,3266,22,0.32546311616897583,0.543293833732605,-0.21058379113674164,0.9323225021362305,312,293
98,3266,23,0.3425440490245819,0.5290693640708923,0.05802552402019501,0.9999460577964783,328,285
98,3266,24,0.3412180244922638,0.5307546257972717,-0.058187175542116165,0.999972403049469,327,286
98,3266,25,0.37064680457115173,0.6376718878746033,0.10127553343772888,0.5323167443275452,355,344
98,3266,26,0.35088837146759033,0.6436097025871277,-0.014485346153378487,0.9375725984573364,336,347
98,3266,27,0.387811541557312,0.7653316855430603,0.14467781782150269,0.8217297792434692,372,413
98,3266,28,0.304242879152298,0.7515072822570801,0.038832083344459534,0.9689288139343262,292,405
98,3266,29,0.38668596744537354,0.7896756529808044,0.14432094991207123,0.815407395362854,371,426
98,3266,30,0.2935067415237427,0.7772291302680969,0.04072336107492447,0.8656055927276611,281,419
98,3266,31,0.4084288477897644,0.780090868473053,0.09613154828548431,0.8686214089393616,392,421
98,3266,32,0.3327043652534485,0.7696883082389832,-0.01011484581977129,0.9520747661590576,319,415
99,3300,0,0.36972111463546753,0.279998779296875,-0.05837787687778473,0.9991748332977295,354,151
99,3300,1,0.36692342162132263,0.2699776589870453,-0.050803426653146744,0.9984883666038513,352,145
99,3300,2,0.36593496799468994,0.2697332203388214,-0.05096855014562607,0.9982346296310425,351,145
99,3300,3,0.3649895489215851,0.2695397734642029,-0.05095590278506279,0.9986933469772339,350,145
99,3300,4,0.36675795912742615,0.27026650309562683,-0.07090887427330017,0.9991737008094788,352,145
99,3300,5,0.3656960129737854,0.2701810300350189,-0.07108744978904724,0.9994006156921387,351,145
99,3300,6,0.3646881878376007,0.2700536847114563,-0.07114414870738983,0.9995701313018799,350,145
99,3300,7,0.3561447858810425,0.27215757966041565,-0.00891112256795168,0.9990864396095276,341,146
99,3300,8,0.35598626732826233,0.27301400899887085,-0.09895513951778412,0.9992800951004028,341,147
99,3300,9,0.3650602400302887,0.29160013794898987,-0.03885830193758011,0.998640775680542,350,157
99,3300,10,0.3646247982978821,0.29152220487594604,-0.06641288101673126,0.9991739392280579,350,157
99,3300,11,0.3488699495792389,0.3382873237133026,0.05662127584218979,0.9998087286949158,334,182
99,3300,12,0.34001481533050537,0.3402065634727478,-0.13233532011508942,0.9999685287475586,326,183
99,3300,13,0.3649280369281769,0.4324193298816681,0.08949453383684158,0.1384890079498291,350,233
99,3300,14,0.3239627480506897,0.43894511461257935,-0.18976646661758423,0.9922558069229126,311,237
99,3300,15,0.401854932308197,0.48459580540657043,0.045521557331085205,0.2120494842529297,385,261
99,3300,16,0.32270658016204834,0.5244866609573364,-0.2185298651456833,0.973351240158081,309,283
99,3300,17,0.4111000597476959,0.5042607188224792,0.044292669743299484,0.25298377871513367,394,272
99,3300,18,0.3179754912853241,0.5509974956512451,-0.24190621078014374,0.9537918567657471,305,297
99,3300,19,0.4134344458580017,0.5019559860229492,0.018812187016010284,0.27281224727630615,396,271
99,3300,20,0.3240545094013214,0.5536591410636902,-0.24676933884620667,0.9533688426017761,311,298
99,3300,21,0.4094260632991791,0.4957861006259918,0.033365581184625626,0.2642351984977722,393,267
99,3300,22,0.3262985348701477,0.5433959364891052,-0.22187355160713196,0.9271563291549683,313,293
99,3300,23,0.33957114815711975,0.5302167534828186,0.0588727705180645,0.9999488592147827,325,286
99,3300,24,0.3448614478111267,0.5311569571495056,-0.05903066322207451,0.9999734163284302,331,286
99,3300,25,0.36104437708854675,0.6480564475059509,0.12297249585390091,0.539726734161377,346,349
99,3300,26,0.3783693313598633,0.6433648467063904,-0.007395187392830849,0.9319882392883301,363,347
99,3300,27,0.3123539388179779,0.7638187408447266,0.17123574018478394,0.8168646097183228,299,412
99,3300,28,0.40515029430389404,0.7563276290893555,0.04681486636400223,0.9669355154037476,388,408
99,3300,29,0.3002873957157135,0.7838717699050903,0.17182227969169617,0.8166013956069946,288,423
99,3300,30,0.4031233787536621,0.7844825983047485,0.048964571207761765,0.8693403005599976,386,423
99,3300,31,0.3338901400566101,0.7775387763977051,0.13198980689048767,0.8638274073600769,320,419
99,3300,32,0.43340224027633667,0.7584728002548218,0.00039254609146155417,0.9479082822799683,416,409
100,3333,0,0.370415061712265,0.28209930658340454,-0.05984089523553848,0.9992406964302063,355,152
100,3333,1,0.36833590269088745,0.27241578698158264,-0.05281371250748634,0.9986083507537842,353,147
100,3333,2,0.3670940697193146,0.2719254791736603,-0.052985575050115585,0.9983788728713989,352,146
100,3333,3,0.3658548593521118,0.27161645889282227,-0.05297476425766945,0.9988027811050415,351,146
100,3333,4,0.3700603246688843,0.2731686532497406,-0.07357485592365265,0.9992389678955078,355,147
100,3333,5,0.3701673150062561,0.27329879999160767,-0.07375995069742203,0.9994475841522217,355,147
100,3333,6,0.3703950047492981,0.27339449524879456,-0.07382342219352722,0.9996018409729004,355,147
100,3333,7,0.3591270446777344,0.2750363349914551,-0.012904718518257141,0.9991651177406311,344,148
100,3333,8,0.36573314666748047,0.27780863642692566,-0.10519001632928848,0.9993264079093933,351,150
100,3333,9,0.36611658334732056,0.2933914065361023,-0.040680769830942154,0.9987544417381287,351,158
100,3333,10,0.3674364387989044,0.29378530383110046,-0.06906937807798386,0.9992359280586243,352,158
100,3333,11,0.3528054654598236,0.3399997055530548,0.05632388964295387,0.9998201131820679,338,183
100,3333,12,0.34636953473091125,0.345641553401947,-0.14190176129341125,0.9999668002128601,332,186
100,3333,13,0.3733786344528198,0.4323751926422119,0.08755629509687424,0.1505725085735321,358,233
100,3333,14,0.3303168714046478,0.443052738904953,-0.20093442499637604,0.9909635186195374,317,239
100,3333,15,0.4082622528076172,0.4832259714603424,0.03939128294587135,0.21118593215942383,391,260
100,3333,16,0.3267679214477539,0.5254023671150208,-0.2256544530391693,0.9660989046096802,313,283
100,3333,17,0.41794005036354065,0.500846266746521,0.0386543907225132,0.25126388669013977,401,270
100,3333,18,0.32137390971183777,0.5509347915649414,-0.24721989035606384,0.9435670971870422,308,297
100,3333,19,0.4200621247291565,0.49823811650276184,0.01452440582215786,0.2713765799999237,403,269
100,3333,20,0.324699729681015,0.5537832379341125,-0.2515750229358673,0.942925214767456,311,299
100,3333,21,0.4156579077243805,0.4928188621997833,0.027713553979992867,0.2648374140262604,399,266
100,3333,22,0.3267633616924286,0.5440778732299805,-0.2284330278635025,0.9129716157913208,313,293
100,3333,23,0.3452281355857849,0.5301569700241089,0.06104926019906998,0.9999526143074036,331,286
100,3333,24,0.3547359108924866,0.532376766204834,-0.06121644750237465,0.9999751448631287,340,287
100,3333,25,0.34673017263412476,0.6431277394294739,0.12265035510063171,0.5657317638397217,332,347
100,3333,26,0.39231157302856445,0.6431694030761719,-0.00199475628323853,0.9333673119544983,376,347
100,3333,27,0.30043697357177734,0.7558596134185791,0.15898500382900238,0.8267480731010437,288,408
100,3333,28,0.4142761826515198,0.7607457041740417,0.03149194270372391,0.968853771686554,397,410
100,3333,29,0.28727400302886963,0.7735517621040344,0.15860293805599213,0.8295162320137024,275,417
100,3333,30,0.41249337792396545,0.7892432808876038,0.03098437190055847,0.879565417766571,395,426
100,3333,31,0.32119545340538025,0.7772197723388672,0.1251940131187439,0.8692018389701843,308,419
100,3333,32,0.44662559032440186,0.7606597542762756,-0.014006652869284153,0.9496423602104187,428,410
101,3366,0,0.37362349033355713,0.2822619676589966,-0.05335073545575142,0.9993060827255249,358,152
101,3366,1,0.3714178204536438,0.27264508605003357,-0.0451044999063015,0.9987127184867859,356,147
101,3366,2,0.3703016936779022,0.27221402525901794,-0.04526941105723381,0.9985014796257019,355,146
101,3366,3,0.3692549467086792,0.27191075682640076,-0.04525657743215561,0.998893678188324,354,146
101,3366,4,0.37249520421028137,0.2734273076057434,-0.06446294486522675,0.9992961287498474,357,147
101,3366,5,0.37227436900138855,0.27355486154556274,-0.06464490294456482,0.999488353729248,357,147
101,3366,6,0.3722117245197296,0.27363887429237366,-0.06471273303031921,0.999627411365509,357,147
101,3366,7,0.36124667525291443,0.27464038133621216,-0.001989139709621668,0.9992325305938721,346,148
101,3366,8,0.36495256423950195,0.2769624888896942,-0.08965237438678741,0.999369740486145,350,149
101,3366,9,0.36902186274528503,0.29353392124176025,-0.03434465080499649,0.9988596439361572,354,158
101,3366,10,0.3697821795940399,0.29391273856163025,-0.0610726922750473,0.999297022819519,354,158
101,3366,11,0.35798826813697815,0.34140169620513916,0.061038367450237274,0.9998334646224976,343,184
101,3366,12,0.34587469696998596,0.3451325297355652,-0.131325364112854,0.9999678134918213,332,186
101,3366,13,0.37192532420158386,0.43432074785232544,0.09462597966194153,0.1665349006652832,357,234
101,3366,14,0.3319251239299774,0.44302400946617126,-0.19455106556415558,0.9915265440940857,318,239
101,3366,15,0.40724053978919983,0.48346686363220215,0.059448856860399246,0.24537360668182373,390,261
101,3366,16,0.3260577619075775,0.5258851051330566,-0.23559275269508362,0.9671993255615234,313,283
101,3366,17,0.41683781147003174,0.5008492469787598,0.05982628092169762,0.28358572721481323,400,270
101,3366,18,0.32033634185791016,0.5507087707519531,-0.25894269347190857,0.9450408220291138,307,297
101,3366,19,0.4198773503303528,0.4978210926055908,0.035364679992198944,0.3069947063922882,403,268
101,3366,20,0.3229575753211975,0.5539433360099792,-0.26526162028312683,0.9449568390846252,310,299
101,3366,21,0.41516754031181335,0.4927138686180115,0.047949813306331635,0.2995532751083374,398,266
101,3366,22,0.32635217905044556,0.5449572801589966,-0.2401953637599945,0.9154880046844482,313,294
101,3366,23,0.35674288868904114,0.5312144756317139,0.06091884896159172,0.9999443888664246,342,286
101,3366,24,0.35054901242256165,0.5319077372550964,-0.06108035147190094,0.999967098236084,336,287
101,3366,25,0.3851920962333679,0.6422786116600037,0.07980665564537048,0.5764979124069214,369,346
101,3366,26,0.3425840139389038,0.6378062963485718,-0.04670162871479988,0.9370543956756592,328,344
101,3366,27,0.40956661105155945,0.759488582611084,0.10561312735080719,0.8343069553375244,393,410
101,3366,28,0.3049577474594116,0.7494361996650696,-0.015306403860449791,0.9688166975975037,292,404
101,3366,29,0.4092230498790741,0.7844415307044983,0.10345397144556046,0.8341443538665771,392,423
101,3366,30,0.2934972643852234,0.7714320421218872,-0.015087278559803963,0.8675805330276489,281,416
101,3366,31,0.4436764419078827,0.7703050971031189,0.0461839996278286,0.8774791359901428,425,415
101,3366,32,0.3316640555858612,0.7676914930343628,-0.07467611879110336,0.9511347413063049,318,414
102,3400,0,0.37509432435035706,0.28318989276885986,-0.05450569465756416,0.9993707537651062,360,152
102,3400,1,0.37344926595687866,0.27376314997673035,-0.0462174229323864,0.9988245964050293,358,147
102,3400,2,0.3726004660129547,0.27338704466819763,-0.046376969665288925,0.998629093170166,357,147
102,3400,3,0.3718104660511017,0.2731177508831024,-0.04635227099061012,0.9989861845970154,356,147
102,3400,4,0.37482118606567383,0.2745473384857178,-0.0644870474934578,0.9993588924407959,359,148
102,3400,5,0.3750206530094147,0.2746847867965698,-0.06467966735363007,0.999534010887146,360,148
102,3400,6,0.3753662109375,0.27478229999542236,-0.06475862115621567,0.9996599555015564,360,148
102,3400,7,0.36626705527305603,0.27685627341270447,-0.0005972968065179884,0.999294102191925,351,149
102,3400,8,0.37152138352394104,0.2794511318206787,-0.08023581653833389,0.9994234442710876,356,150
102,3400,9,0.3724606931209564,0.2940026819705963,-0.03551499545574188,0.9989607930183411,357,158
102,3400,10,0.3731321394443512,0.2945452034473419,-0.06080547720193863,0.9993592500686646,358,159
102,3400,11,0.36771437525749207,0.3416830897331238,0.06619321554899216,0.9998438954353333,353,184
102,3400,12,0.35560840368270874,0.34673672914505005,-0.12126894295215607,0.9999702572822571,341,187
102,3400,13,0.381486713886261,0.4348594546318054,0.09987805783748627,0.17259258031845093,366,234
102,3400,14,0.3398687541484833,0.44265297055244446,-0.18477287888526917,0.9922724962234497,326,239
102,3400,15,0.415162593126297,0.4827008843421936,0.06540456414222717,0.2772666811943054,398,260
102,3400,16,0.32831647992134094,0.5257181525230408,-0.22932876646518707,0.970285177230835,315,283
102,3400,17,0.4252680540084839,0.5004915595054626,0.06633267551660538,0.31289142370224,408,270
102,3400,18,0.320134699344635,0.5501441359519958,-0.25347036123275757,0.9500381946563721,307,297
102,3400,19,0.42841240763664246,0.4966214895248413,0.04111391678452492,0.3386293649673462,411,268
102,3400,20,0.3236335813999176,0.5538718104362488,-0.25972414016723633,0.9500015377998352,310,299
102,3400,21,0.4239392578601837,0.49175992608070374,0.05372988432645798,0.3302818238735199,406,265
102,3400,22,0.32792726159095764,0.5452497601509094,-0.23397302627563477,0.9230512976646423,314,294
102,3400,23,0.3681367039680481,0.530518114566803,0.06036150082945824,0.9999451041221619,353,286
102,3400,24,0.35817641019821167,0.5313423871994019,-0.06050083786249161,0.9999678134918213,343,286
102,3400,25,0.39662694931030273,0.6410219073295593,0.059078995138406754,0.5925683975219727,380,346
102,3400,26,0.3410106897354126,0.6360825896263123,-0.05412646010518074,0.9417340159416199,327,343
102,3400,27,0.41872408986091614,0.7600316405296326,0.08264526724815369,0.8454942107200623,401,410
102,3400,28,0.3002336323261261,0.7408056259155273,-0.010322334244847298,0.9702807664871216,288,400
102,3400,29,0.41673821210861206,0.7870110273361206,0.0804797038435936,0.842827320098877,400,424
102,3400,30,0.2875550091266632,0.7557711601257324,-0.008441588841378689,0.8657068610191345,276,408
102,3400,31,0.4527418315410614,0.7732564210891724,0.02187853492796421,0.886832594871521,434,417
102,3400,32,0.32387062907218933,0.7742776870727539,-0.06707755476236343,0.9540404677391052,310,418
103,3433,0,0.3793380558490753,0.282572865486145,-0.05368607118725777,0.999430775642395,364,152
103,3433,1,0.37707436084747314,0.27295511960983276,-0.04428316652774811,0.9989315867424011,361,147
103,3433,2,0.3762364089488983,0.2725849449634552,-0.04442978277802467,0.998752772808075,361,147
103,3433,3,0.3754957914352417,0.27231764793395996,-0.04439590126276016,0.9990768432617188,360,147
103,3433,4,0.377769410610199,0.27370449900627136,-0.06204073876142502,0.9994182586669922,362,147
103,3433,5,0.3775409162044525,0.2738063931465149,-0.06223597005009651,0.9995772242546082,362,147
103,3433,6,0.3774363398551941,0.27384310960769653,-0.06230757012963295,0.9996908903121948,362,147
103,3433,7,0.369136244058609,0.27598321437835693,0.0043953158892691135,0.9993564486503601,354,149
103,3433,8,0.3724600076675415,0.27828431129455566,-0.07558463513851166,0.9994750022888184,357,150
103,3433,9,0.37610748410224915,0.2934735417366028,-0.033645398914813995,0.9990571141242981,361,158
103,3433,10,0.3761664927005768,0.29396653175354004,-0.05819671228528023,0.9994184374809265,361,158
103,3433,11,0.3680051565170288,0.3420245945453644,0.07113473862409592,0.9998559355735779,353,184
103,3433,12,0.3569589853286743,0.34625619649887085,-0.11354007571935654,0.9999727010726929,342,186
103,3433,13,0.3818161189556122,0.4347693622112274,0.10588366538286209,0.18682339787483215,366,234
103,3433,14,0.3406524062156677,0.4423823356628418,-0.17039456963539124,0.9929787516593933,327,238
103,3433,15,0.41687244176864624,0.4818415939807892,0.06973208487033844,0.31507715582847595,400,260
103,3433,16,0.3284124732017517,0.525615394115448,-0.2239474356174469,0.9731202125549316,315,283
103,3433,17,0.42526015639305115,0.49958959221839905,0.06968211382627487,0.34849661588668823,408,269
103,3433,18,0.3204036056995392,0.5486302971839905,-0.24665066599845886,0.9547001719474792,307,296
103,3433,19,0.42816925048828125,0.49559152126312256,0.044921986758708954,0.37588194012641907,411,267
103,3433,20,0.32359084486961365,0.5531633496284485,-0.25172725319862366,0.9546999931335449,310,298
103,3433,21,0.42500749230384827,0.4911104440689087,0.05813954025506973,0.3664906919002533,408,265
103,3433,22,0.3278113603591919,0.545145571231842,-0.2267926186323166,0.930152416229248,314,294
103,3433,23,0.36947721242904663,0.5282323360443115,0.05890540033578873,0.9999473094940186,354,285
103,3433,24,0.3580440282821655,0.5280921459197998,-0.05904604122042656,0.9999690055847168,343,285
103,3433,25,0.3986492156982422,0.6391716599464417,0.04225282371044159,0.6158364415168762,382,345
103,3433,26,0.34210675954818726,0.6338332295417786,-0.06430231034755707,0.9464268684387207,328,342
103,3433,27,0.4199075698852539,0.760780394077301,0.05844849720597267,0.8566069006919861,403,410
103,3433,28,0.30013808608055115,0.7377585172653198,-0.011248748749494553,0.9713783264160156,288,398
103,3433,29,0.4170072376728058,0.7879696488380432,0.05554552003741264,0.8522573709487915,400,425
103,3433,30,0.287843257188797,0.7520858645439148,-0.008286206983029842,0.863500714302063,276,406
103,3433,31,0.4536924362182617,0.7771354913711548,-0.005285582505166531,0.8960442543029785,435,419
103,3433,32,0.32313865423202515,0.7786868810653687,-0.06503868848085403,0.9566099643707275,310,420
104,3466,0,0.3896878957748413,0.2820291221141815,-0.048327043652534485,0.9994667172431946,374,152
104,3466,1,0.387144535779953,0.27235180139541626,-0.03878014534711838,0.99896639585495,371,147
104,3466,2,0.3862006366252899,0.2720009982585907,-0.03892286494374275,0.9987934231758118,370,146
104,3466,3,0.3853040635585785,0.2717483639717102,-0.038910429924726486,0.999110996723175,369,146
104,3466,4,0.3880593180656433,0.2730627655982971,-0.05795711651444435,0.9994382262229919,372,147
104,3466,5,0.3878628611564636,0.2731563448905945,-0.05813569948077202,0.9995880126953125,372,147
104,3466,6,0.38781049847602844,0.2731665372848511,-0.058215294033288956,0.999692440032959,372,147
104,3466,7,0.3783947825431824,0.2754465639591217,0.006926147732883692,0.9993887543678284,363,148
104,3466,8,0.38270148634910583,0.27754437923431396,-0.07909361273050308,0.9994811415672302,367,149
104,3466,9,0.38614264130592346,0.2930644750595093,-0.02910785563290119,0.9991207718849182,370,158
104,3466,10,0.3866892158985138,0.2935523986816406,-0.055417146533727646,0.9994503855705261,371,158
104,3466,11,0.37692099809646606,0.34224510192871094,0.07180511951446533,0.9998661875724792,361,184
104,3466,12,0.36574965715408325,0.34598925709724426,-0.11623290181159973,0.9999720454216003,351,186
104,3466,13,0.3893941342830658,0.4378924071788788,0.10570013523101807,0.2023434191942215,373,236
104,3466,14,0.3493413031101227,0.44257205724716187,-0.17690160870552063,0.993385374546051,335,238
104,3466,15,0.4260234832763672,0.48199981451034546,0.06781564652919769,0.3536504805088043,408,260
104,3466,16,0.33819565176963806,0.5253904461860657,-0.22115683555603027,0.973820149898529,324,283
104,3466,17,0.4340713322162628,0.4999281167984009,0.06812702119350433,0.3845469653606415,416,269
104,3466,18,0.32749882340431213,0.5468676686286926,-0.24388161301612854,0.9549699425697327,314,295
104,3466,19,0.4365421533584595,0.49600592255592346,0.0435296855866909,0.41283896565437317,419,267
104,3466,20,0.33030855655670166,0.5516466498374939,-0.24908484518527985,0.9552754163742065,317,297
104,3466,21,0.4329432547092438,0.49148640036582947,0.0562455989420414,0.40248915553092957,415,265
104,3466,22,0.33508923649787903,0.545012891292572,-0.22470848262310028,0.9307447075843811,321,294
104,3466,23,0.3769107758998871,0.5283438563346863,0.06027067080140114,0.9999474883079529,361,285
104,3466,24,0.37004953622817993,0.5297136306762695,-0.060392122715711594,0.999967634677887,355,286
104,3466,25,0.40160563588142395,0.6392984390258789,0.0641469806432724,0.6149210333824158,385,345
104,3466,26,0.3446182906627655,0.6390153765678406,-0.0658068135380745,0.950494647026062,330,345
104,3466,27,0.4228029251098633,0.762930691242218,0.09067138284444809,0.8608047962188721,405,411
104,3466,28,0.30595844984054565,0.7344117164611816,-0.009658422321081161,0.9721301794052124,293,396
104,3466,29,0.4183012545108795,0.7890655398368835,0.09149761497974396,0.8523157835006714,401,426
104,3466,30,0.29232844710350037,0.7467682361602783,-0.006027071736752987,0.8587127327919006,280,403
104,3466,31,0.4540032744407654,0.7857277989387512,0.015933766961097717,0.8999357223510742,435,424
104,3466,32,0.3250606656074524,0.780185878276825,-0.05552531033754349,0.9580235481262207,312,421
105,3500,0,0.39539197087287903,0.2799299657344818,-0.052963677793741226,0.9995042085647583,379,151
105,3500,1,0.39233049750328064,0.27101215720176697,-0.040690626949071884,0.9990144371986389,376,146
105,3500,2,0.3915587067604065,0.27083078026771545,-0.040820155292749405,0.9988481998443604,375,146
105,3500,3,0.3909171521663666,0.27072304487228394,-0.04079307243227959,0.9991506934165955,375,146
105,3500,4,0.3920837342739105,0.2717788517475128,-0.061506688594818115,0.9994697570800781,376,146
105,3500,5,0.39116519689559937,0.27204084396362305,-0.06168748438358307,0.9996109008789062,375,146
105,3500,6,0.39024895429611206,0.27221405506134033,-0.06177019327878952,0.9997076392173767,374,146
105,3500,7,0.382013201713562,0.27451562881469727,0.0040589882992208,0.9994198679924011,366,148
105,3500,8,0.3819839358329773,0.27617669105529785,-0.08009262382984161,0.9995099306106567,366,149
105,3500,9,0.3914381265640259,0.2917678952217102,-0.031263578683137894,0.9991833567619324,375,157
105,3500,10,0.3908447325229645,0.29231464862823486,-0.05948294699192047,0.9994884729385376,375,157
105,3500,11,0.377350389957428,0.34218600392341614,0.07013685256242752,0.9998735189437866,362,184
105,3500,12,0.36692366003990173,0.345333456993103,-0.11642304807901382,0.999972939491272,352,186
105,3500,13,0.3905748128890991,0.43769705295562744,0.102676622569561,0.2143051028251648,374,236
105,3500,14,0.350675493478775,0.44266602396965027,-0.17628583312034607,0.993915319442749,336,239
105,3500,15,0.4274573028087616,0.48217469453811646,0.06547892838716507,0.38032007217407227,410,260
105,3500,16,0.33876484632492065,0.525327205657959,-0.212586909532547,0.9761626720428467,325,283
105,3500,17,0.43571794033050537,0.5002197027206421,0.06548270583152771,0.40967848896980286,418,270
105,3500,18,0.32893022894859314,0.5453916192054749,-0.23576197028160095,0.9587676525115967,315,294
105,3500,19,0.437785267829895,0.49640586972236633,0.04224491864442825,0.43914905190467834,420,268
105,3500,20,0.33022862672805786,0.5508090853691101,-0.2430516630411148,0.9591018557548523,317,297
105,3500,21,0.43480202555656433,0.4917619526386261,0.054736752063035965,0.4285229444503784,417,265
105,3500,22,0.33541232347488403,0.544568657875061,-0.21728955209255219,0.9365255832672119,321,294
105,3500,23,0.3775668144226074,0.5280113220214844,0.06050576642155647,0.9999455809593201,362,285
105,3500,24,0.3712635040283203,0.529605507850647,-0.06063727289438248,0.9999665021896362,356,285
105,3500,25,0.39198601245880127,0.6477103233337402,0.0922192707657814,0.6171125173568726,376,349
105,3500,26,0.3680512309074402,0.637499213218689,-0.061246827244758606,0.9532544612884521,353,344
105,3500,27,0.39832189679145813,0.7722631096839905,0.141252338886261,0.8647545576095581,382,417
105,3500,28,0.31497493386268616,0.7489481568336487,-0.008428288623690605,0.9723160266876221,302,404
105,3500,29,0.3944474458694458,0.794664204120636,0.14185582101345062,0.8516812324523926,378,429
105,3500,30,0.2962372899055481,0.7456482648849487,0.0016433793352916837,0.8542801737785339,284,402
105,3500,31,0.42108967900276184,0.7949442267417908,0.07870551943778992,0.9040534496307373,404,429
105,3500,32,0.3257884681224823,0.7799705862998962,-0.05509640648961067,0.9590312242507935,312,421
106,3533,0,0.39961111545562744,0.2797887921333313,-0.04764343798160553,0.999532163143158,383,151
106,3533,1,0.3975481688976288,0.2707694470882416,-0.0364374965429306,0.9990478754043579,381,146
106,3533,2,0.3967441916465759,0.2705693244934082,-0.03658699616789818,0.9988804459571838,380,146
106,3533,3,0.3960496783256531,0.27045464515686035,-0.036565039306879044,0.9991775155067444,380,146
106,3533,4,0.3982592225074768,0.27159446477890015,-0.05622447282075882,0.9994893074035645,382,146
106,3533,5,0.39799949526786804,0.2718631625175476,-0.05641490966081619,0.9996229410171509,382,146
106,3533,6,0.3975765109062195,0.272030234336853,-0.05650785192847252,0.999713659286499,381,146
106,3533,7,0.3896341621875763,0.27442553639411926,0.012727899476885796,0.9994409680366516,374,148
106,3533,8,0.39153462648391724,0.2758660614490509,-0.07472727447748184,0.9995202422142029,375,148
106,3533,9,0.39634954929351807,0.2915848195552826,-0.026486068964004517,0.9992334842681885,380,157
106,3533,10,0.3964925706386566,0.2921225428581238,-0.053564973175525665,0.9995142221450806,380,157
106,3533,11,0.3886597752571106,0.3420064151287079,0.07946029305458069,0.9998802542686462,373,184
106,3533,12,0.3758975863456726,0.3448156714439392,-0.11615841835737228,0.9999730587005615,360,186
106,3533,13,0.3994840085506439,0.4396199882030487,0.11316487938165665,0.2170923501253128,383,237
106,3533,14,0.36025679111480713,0.4418649673461914,-0.17630362510681152,0.994329571723938,345,238
106,3533,15,0.43230345845222473,0.4823016822338104,0.07203607261180878,0.40699073672294617,415,260
106,3533,16,0.34628114104270935,0.5227664113044739,-0.2179912030696869,0.9779854416847229,332,282
106,3533,17,0.4415644407272339,0.5009900331497192,0.07175687700510025,0.43679794669151306,423,270
106,3533,18,0.3366641700267792,0.5436612963676453,-0.24222995340824127,0.9616166353225708,323,293
106,3533,19,0.4437209665775299,0.49695467948913574,0.04714324697852135,0.46726101636886597,425,268
106,3533,20,0.3396674394607544,0.5487062931060791,-0.2493314892053604,0.9620149731636047,326,296
106,3533,21,0.4401003420352936,0.49180129170417786,0.06041036173701286,0.4555225074291229,422,265
106,3533,22,0.3453875780105591,0.5437638759613037,-0.22290842235088348,0.9407798647880554,331,293
106,3533,23,0.39023977518081665,0.5264930129051208,0.06061534956097603,0.9999464154243469,374,284
106,3533,24,0.3776091933250427,0.5289465188980103,-0.060739707201719284,0.9999659657478333,362,285
106,3533,25,0.4139566719532013,0.6460010409355164,0.07269395887851715,0.6264932155609131,397,348
106,3533,26,0.36694926023483276,0.6425759196281433,-0.06794050335884094,0.9559674859046936,352,346
106,3533,27,0.42275530099868774,0.7693206667900085,0.10369030386209488,0.8711522817611694,405,415
106,3533,28,0.3165733516216278,0.7291549444198608,0.0015347283333539963,0.9708108901977539,303,393
106,3533,29,0.4154883921146393,0.7934817671775818,0.10226496309041977,0.8555712699890137,398,428
106,3533,30,0.3003010153770447,0.7328974604606628,0.013926365412771702,0.8441072702407837,288,395
106,3533,31,0.4543887674808502,0.7943321466445923,0.04743131622672081,0.9085770845413208,436,428
106,3533,32,0.32606643438339233,0.7805088758468628,-0.030349398031830788,0.957656741142273,313,421
107,3566,0,0.40583518147468567,0.27700161933898926,-0.04995688050985336,0.9995603561401367,389,149
107,3566,1,0.4027233123779297,0.2688377797603607,-0.03673860803246498,0.9990874528884888,386,145
107,3566,2,0.4018056094646454,0.26891061663627625,-0.036853544414043427,0.9989193081855774,385,145
107,3566,3,0.4010036885738373,0.26898083090782166,-0.03682366758584976,0.9992095828056335,384,145
107,3566,4,0.4025823771953583,0.26932835578918457,-0.05754653736948967,0.9995134472846985,386,145
107,3566,5,0.40156087279319763,0.2696622908115387,-0.057729098945856094,0.9996391534805298,385,145
107,3566,6,0.4005959928035736,0.26987892389297485,-0.05782809108495712,0.9997245669364929,384,145
107,3566,7,0.3935411274433136,0.2737869620323181,0.009025837294757366,0.9994654655456543,377,147
107,3566,8,0.39259904623031616,0.2742651402950287,-0.07657003402709961,0.9995386600494385,376,148
107,3566,9,0.40147706866264343,0.2901005446910858,-0.027269434183835983,0.999285876750946,385,156
107,3566,10,0.40074846148490906,0.29035142064094543,-0.055929847061634064,0.9995446801185608,384,156
107,3566,11,0.38944292068481445,0.3418591618537903,0.07647202163934708,0.9998878836631775,373,184
107,3566,12,0.3765377700328827,0.3427322208881378,-0.11741785705089569,0.9999741911888123,361,185
107,3566,13,0.4014272093772888,0.4397313594818115,0.10936599224805832,0.21786609292030334,385,237
107,3566,14,0.36051785945892334,0.4415264129638672,-0.18346649408340454,0.9947597980499268,346,238
107,3566,15,0.43410879373550415,0.48313993215560913,0.06841972470283508,0.4255031943321228,416,260
107,3566,16,0.3469640612602234,0.5220759510993958,-0.2327648103237152,0.9799559116363525,333,281
107,3566,17,0.4421983063220978,0.5039651989936829,0.06823978573083878,0.4555535316467285,424,272
107,3566,18,0.33831751346588135,0.5424184203147888,-0.258527547121048,0.964909017086029,324,292
107,3566,19,0.444405734539032,0.5006182789802551,0.04385265335440636,0.48733338713645935,426,270
107,3566,20,0.3415388762950897,0.5475823283195496,-0.2665727734565735,0.9653220176696777,327,295
107,3566,21,0.44114917516708374,0.49437209963798523,0.05691338703036308,0.4743390679359436,423,266
107,3566,22,0.3462991416454315,0.5425974726676941,-0.2384078949689865,0.945763349533081,332,293
107,3566,23,0.39392799139022827,0.5264509916305542,0.06057841330766678,0.9999483227729797,378,284
107,3566,24,0.37919995188713074,0.5279574394226074,-0.06069858744740486,0.9999668598175049,364,285
107,3566,25,0.4179629981517792,0.6428640484809875,0.08385498821735382,0.626640260219574,401,347
107,3566,26,0.3671792447566986,0.642992377281189,-0.06027315557003021,0.9571064114570618,352,347
107,3566,27,0.4242529273033142,0.7676859498023987,0.11804978549480438,0.8763312697410583,407,414
107,3566,28,0.31640657782554626,0.725716769695282,0.013857380487024784,0.9696856737136841,303,391
107,3566,29,0.4169362187385559,0.7925993800163269,0.11600785702466965,0.8581678867340088,400,428
107,3566,30,0.30198416113853455,0.7306822538375854,0.02247348055243492,0.8345537185668945,289,394
107,3566,31,0.45882976055145264,0.793805718421936,0.05993827059864998,0.9130878448486328,440,428
107,3566,32,0.32548078894615173,0.7824579477310181,-0.02809920161962509,0.9573665261268616,312,422
108,3600,0,0.40787869691848755,0.27619415521621704,-0.05252349376678467,0.9995777010917664,391,149
108,3600,1,0.40555539727211,0.2679308354854584,-0.04171125218272209,0.9991337656974792,389,144
108,3600,2,0.40469154715538025,0.2680421471595764,-0.041844118386507034,0.9989764094352722,388,144
108,3600,3,0.4039061665534973,0.2681550681591034,-0.04181678965687752,0.9992542266845703,387,144
108,3600,4,0.40632501244544983,0.2682088315486908,-0.06296288967132568,0.9995407462120056,390,144
108,3600,5,0.40606939792633057,0.2684306800365448,-0.0631588026881218,0.9996606111526489,389,144
108,3600,6,0.40594908595085144,0.2685271203517914,-0.0632491186261177,0.9997408390045166,389,145
108,3600,7,0.39749953150749207,0.27316126227378845,0.004056752193719149,0.9995011687278748,381,147
108,3600,8,0.40040889382362366,0.2731695771217346,-0.08640506863594055,0.9995675086975098,384,147
108,3600,9,0.4046269953250885,0.288997620344162,-0.029984047636389732,0.999337911605835,388,156
108,3600,10,0.40481650829315186,0.28919538855552673,-0.05903478339314461,0.9995753169059753,388,156
108,3600,11,0.39484044909477234,0.34078294038772583,0.073947474360466,0.9998902082443237,379,184
108,3600,12,0.38495883345603943,0.34222009778022766,-0.1264968067407608,0.9999750256538391,369,184
108,3600,13,0.40753671526908875,0.43932390213012695,0.1081058457493782,0.2138431966304779,391,237
108,3600,14,0.3702048659324646,0.44128769636154175,-0.18696585297584534,0.9945634603500366,355,238
108,3600,15,0.4367189109325409,0.48421162366867065,0.05500976741313934,0.41697654128074646,419,261
108,3600,16,0.35784754157066345,0.522013247013092,-0.2291414886713028,0.9814046621322632,343,281
108,3600,17,0.4438641667366028,0.5050197839736938,0.05379917100071907,0.4513307809829712,426,272
108,3600,18,0.3467901051044464,0.5424553155899048,-0.25362318754196167,0.967472493648529,332,292
108,3600,19,0.44686034321784973,0.5031648278236389,0.029336903244256973,0.4838031530380249,428,271
108,3600,20,0.3511028289794922,0.5475483536720276,-0.2605755925178528,0.9678585529327393,337,295
108,3600,21,0.4430558383464813,0.49578410387039185,0.04312627762556076,0.4717402756214142,425,267
108,3600,22,0.35728690028190613,0.542583167552948,-0.23379069566726685,0.9496133327484131,342,292
108,3600,23,0.39355558156967163,0.5246634483337402,0.06207083910703659,0.9999505877494812,377,283
108,3600,24,0.3932878077030182,0.5271685123443604,-0.062201373279094696,0.9999690651893616,377,284
108,3600,25,0.40688180923461914,0.6431870460510254,0.09855055809020996,0.6188380122184753,390,347
108,3600,26,0.42143332958221436,0.6424572467803955,-0.035254381597042084,0.9538876414299011,404,346
108,3600,27,0.33656173944473267,0.7249168753623962,0.14897751808166504,0.8616636395454407,323,391
108,3600,28,0.4180402159690857,0.7578896880149841,0.01794874668121338,0.9708072543144226,401,409
108,3600,29,0.31960323452949524,0.7249614000320435,0.15099753439426422,0.8514705300331116,306,391
108,3600,30,0.41031697392463684,0.7826442718505859,0.022874977439641953,0.8450742959976196,393,422
108,3600,31,0.33590951561927795,0.7831642627716064,0.11179766803979874,0.9058823585510254,322,422
108,3600,32,0.452161580324173,0.7906644940376282,-0.02945242077112198,0.9582810997962952,434,426
109,3633,0,0.41071704030036926,0.2752644419670105,-0.05705098435282707,0.9995898008346558,394,148
109,3633,1,0.40776580572128296,0.2665868103504181,-0.04694920405745506,0.99917072057724,391,143
109,3633,2,0.40667209029197693,0.26665830612182617,-0.04710590839385986,0.9990228414535522,390,143
109,3633,3,0.4057517647743225,0.26673460006713867,-0.047086458653211594,0.9992908239364624,389,144
109,3633,4,0.4084678888320923,0.26685968041419983,-0.06849977374076843,0.9995643496513367,392,144
109,3633,5,0.40809202194213867,0.2670574486255646,-0.06869588047266006,0.9996799826622009,391,144
109,3633,6,0.40783295035362244,0.2671343982219696,-0.06878349184989929,0.9997556209564209,391,144
109,3633,7,0.3985021710395813,0.2712610065937042,0.0025417294818907976,0.9995337128639221,382,146
109,3633,8,0.4012260437011719,0.2715035080909729,-0.09202682226896286,0.9995951652526855,385,146
109,3633,9,0.4067416191101074,0.2882979214191437,-0.03391313552856445,0.9993868470191956,390,155
109,3633,10,0.40687331557273865,0.2885008752346039,-0.06343365460634232,0.9996052384376526,390,155
109,3633,11,0.394317626953125,0.3399415612220764,0.07337354868650436,0.9998929500579834,378,183
109,3633,12,0.3850588798522949,0.3410272002220154,-0.1323404610157013,0.9999763369560242,369,184
109,3633,13,0.40799349546432495,0.4391941726207733,0.10591825097799301,0.20519709587097168,391,237
109,3633,14,0.3707953691482544,0.44095179438591003,-0.19122329354286194,0.9945682287216187,355,238
109,3633,15,0.43453702330589294,0.4842493236064911,0.05131736770272255,0.4082810878753662,417,261
109,3633,16,0.3584997057914734,0.5216482877731323,-0.23534274101257324,0.9829975962638855,344,281
109,3633,17,0.44338512420654297,0.5052188038825989,0.048845842480659485,0.44759422540664673,425,272
109,3633,18,0.3485218584537506,0.5420877933502197,-0.26124945282936096,0.970277726650238,334,292
109,3633,19,0.44545572996139526,0.5033941864967346,0.02406376414000988,0.4807366728782654,427,271
109,3633,20,0.35255518555641174,0.5470390319824219,-0.26851561665534973,0.9706400036811829,338,295
109,3633,21,0.4419347643852234,0.49580687284469604,0.039115410298109055,0.4686116576194763,424,267
109,3633,22,0.3579244017601013,0.5422916412353516,-0.23989251255989075,0.9538413882255554,343,292
109,3633,23,0.3951290547847748,0.5225138068199158,0.06387565284967422,0.9999526143074036,379,282
109,3633,24,0.3931526243686676,0.5246480107307434,-0.06401035189628601,0.9999710917472839,377,283
109,3633,25,0.40218809247016907,0.642848789691925,0.10279995948076248,0.5938188433647156,386,347
109,3633,26,0.42481622099876404,0.6423599720001221,-0.035640258342027664,0.9484824538230896,407,346
109,3633,27,0.3312256932258606,0.7159870266914368,0.160777747631073,0.8304165601730347,317,386
109,3633,28,0.42366698384284973,0.764792799949646,0.016663141548633575,0.970641016960144,406,412
109,3633,29,0.3163551390171051,0.7161606550216675,0.16382531821727753,0.8346315026283264,303,386
109,3633,30,0.4160209894180298,0.7909126877784729,0.020262116566300392,0.8522859215736389,399,427
109,3633,31,0.3294801712036133,0.7775826454162598,0.12605680525302887,0.8888809084892273,316,419
109,3633,32,0.4569104313850403,0.7925385236740112,-0.0384138785302639,0.9575390815734863,438,427
110,3666,0,0.4152826964855194,0.27373209595680237,-0.055223070085048676,0.9995987415313721,398,147
110,3666,1,0.4131126403808594,0.26519685983657837,-0.04563009366393089,0.9992077946662903,396,143
110,3666,2,0.41226673126220703,0.26516932249069214,-0.0457884855568409,0.9990702271461487,395,143
110,3666,3,0.4115242063999176,0.26516950130462646,-0.04576881602406502,0.9993294477462769,395,143
110,3666,4,0.41386356949806213,0.26537981629371643,-0.06670362502336502,0.9995824694633484,397,143
110,3666,5,0.4134286940097809,0.26543134450912476,-0.06690295040607452,0.999692976474762,396,143
110,3666,6,0.4132801294326782,0.26530179381370544,-0.0669872835278511,0.9997657537460327,396,143
110,3666,7,0.4051145315170288,0.2698568105697632,0.0024819246027618647,0.9995635747909546,388,145
110,3666,8,0.4078139662742615,0.2696995735168457,-0.09140462428331375,0.9996117353439331,391,145
110,3666,9,0.41229698061943054,0.2863706946372986,-0.03330826386809349,0.9994252324104309,395,154
110,3666,10,0.4125538170337677,0.2864623963832855,-0.06189243495464325,0.9996256232261658,396,154
110,3666,11,0.40232759714126587,0.33841150999069214,0.07269028574228287,0.9998961091041565,386,182
110,3666,12,0.3943714201450348,0.34058937430381775,-0.12909944355487823,0.9999763369560242,378,183
110,3666,13,0.4132964015007019,0.43907928466796875,0.10174116492271423,0.1996210217475891,396,237
110,3666,14,0.38175490498542786,0.4403727352619171,-0.18341311812400818,0.9938370585441589,366,237
110,3666,15,0.4385823607444763,0.48721805214881897,0.049344733357429504,0.3948834240436554,421,263
110,3666,16,0.3720722794532776,0.521660327911377,-0.21713869273662567,0.9824361801147461,357,281
110,3666,17,0.4473329782485962,0.5087099671363831,0.047567836940288544,0.4371359646320343,429,274
110,3666,18,0.3638100326061249,0.5423235893249512,-0.24009624123573303,0.9696453213691711,349,292
110,3666,19,0.44967731833457947,0.5064024329185486,0.02346949465572834,0.46990537643432617,431,273
110,3666,20,0.3687872588634491,0.5470464825630188,-0.24487796425819397,0.9699238538742065,354,295
110,3666,21,0.44671398401260376,0.49958598613739014,0.03763244301080704,0.45832744240760803,428,269
110,3666,22,0.37283438444137573,0.5422857403755188,-0.22041724622249603,0.9528854489326477,357,292
110,3666,23,0.4019027650356293,0.5223788619041443,0.0635891780257225,0.9999552369117737,385,282
110,3666,24,0.4016663432121277,0.5239584445953369,-0.06372213363647461,0.9999731183052063,385,282
110,3666,25,0.40312740206718445,0.642637312412262,0.10715306550264359,0.5918577909469604,387,347
110,3666,26,0.42760199308395386,0.6425198316574097,-0.030942615121603012,0.9485245943069458,410,346
110,3666,27,0.34290841221809387,0.7085773348808289,0.17202511429786682,0.8201307654380798,329,382
110,3666,28,0.4264146089553833,0.7657262682914734,0.020245609804987907,0.9723260998725891,409,413
110,3666,29,0.33047279715538025,0.7088868021965027,0.1757706254720688,0.8277848362922668,317,382
110,3666,30,0.4182482957839966,0.7908173203468323,0.023342587053775787,0.862150251865387,401,427
110,3666,31,0.33985084295272827,0.7618588209152222,0.14014200866222382,0.884039580821991,326,411
110,3666,32,0.45994833111763,0.7924997210502625,-0.03516718000173569,0.9595704674720764,441,427
111,3700,0,0.41892603039741516,0.2713465988636017,-0.05636758729815483,0.999598503112793,402,146
111,3700,1,0.4154578149318695,0.2629784047603607,-0.046937745064496994,0.9992254972457886,398,142
111,3700,2,0.4144291281700134,0.2629924714565277,-0.04709630832076073,0.9990947246551514,397,142
111,3700,3,0.41354185342788696,0.26300591230392456,-0.047078367322683334,0.999352753162384,397,142
111,3700,4,0.41601067781448364,0.263411283493042,-0.0681128203868866,0.999591052532196,399,142
111,3700,5,0.4154209494590759,0.2636604905128479,-0.06830801069736481,0.9996992349624634,398,142
111,3700,6,0.4149659276008606,0.26372790336608887,-0.06838086992502213,0.9997710585594177,398,142
111,3700,7,0.40648260712623596,0.2673991024494171,0.0012829422485083342,0.9995869994163513,390,144
111,3700,8,0.4085613787174225,0.26805633306503296,-0.09324783831834793,0.9996222257614136,392,144
111,3700,9,0.4147495925426483,0.2845827639102936,-0.03455621004104614,0.99945467710495,398,153
111,3700,10,0.41462916135787964,0.2849310040473938,-0.06335464119911194,0.9996411800384521,398,153
111,3700,11,0.4018385112285614,0.336661696434021,0.07073802500963211,0.9998981356620789,385,181
111,3700,12,0.39518386125564575,0.33953970670700073,-0.12954597175121307,0.9999760389328003,379,183
111,3700,13,0.4116634726524353,0.4383700489997864,0.09203081578016281,0.18731878697872162,395,236
111,3700,14,0.38406094908714294,0.4395899474620819,-0.1833990067243576,0.9918678402900696,368,237
111,3700,15,0.4377543330192566,0.4877849519252777,0.035003867000341415,0.365142285823822,420,263
111,3700,16,0.37279653549194336,0.5200240612030029,-0.2132551074028015,0.98062664270401,357,280
111,3700,17,0.44625335931777954,0.5088504552841187,0.03199091553688049,0.40827256441116333,428,274
111,3700,18,0.3657049536705017,0.5420148968696594,-0.23585061728954315,0.9674955010414124,351,292
111,3700,19,0.4501676857471466,0.5069947242736816,0.009495480917394161,0.4391583800315857,432,273
111,3700,20,0.3684832453727722,0.5453121066093445,-0.24024325609207153,0.9676291346549988,353,294
111,3700,21,0.44563233852386475,0.5004311800003052,0.023744501173496246,0.42862772941589355,427,270
111,3700,22,0.37212511897087097,0.5401445031166077,-0.2162436693906784,0.9495722055435181,357,291
111,3700,23,0.40279823541641235,0.5220845341682434,0.06364044547080994,0.9999579787254333,386,281
111,3700,24,0.40140438079833984,0.5233261585235596,-0.0637776255607605,0.9999750852584839,385,282
111,3700,25,0.4061763882637024,0.6424156427383423,0.11027409136295319,0.5842375159263611,389,346
111,3700,26,0.42887040972709656,0.6423308849334717,-0.02691265568137169,0.9447987675666809,411,346
111,3700,27,0.3456721305847168,0.7070566415786743,0.17696435749530792,0.8003541827201843,331,381
111,3700,28,0.42640015482902527,0.7662675976753235,0.034468259662389755,0.9729772210121155,409,413
111,3700,29,0.3314719796180725,0.7073701024055481,0.18112032115459442,0.8124414682388306,318,381
111,3700,30,0.4167746305465698,0.7916567325592041,0.038671236485242844,0.8687578439712524,400,427
111,3700,31,0.3405626118183136,0.7557373642921448,0.14667606353759766,0.8712384104728699,326,408
111,3700,32,0.4599755108356476,0.7935273051261902,-0.015614512376487255,0.9596130847930908,441,428
112,3733,0,0.4226088523864746,0.2707732617855072,-0.056367386132478714,0.9994962811470032,405,146
112,3733,1,0.42024630308151245,0.262028306722641,-0.04701576381921768,0.9990991353988647,403,141
112,3733,2,0.4192296862602234,0.2619588077068329,-0.04717405140399933,0.9989537000656128,402,141
112,3733,3,0.4184325337409973,0.26191285252571106,-0.04715730622410774,0.9992766976356506,401,141
112,3733,4,0.42074790596961975,0.2624540627002716,-0.06800350546836853,0.999508261680603,403,141
112,3733,5,0.42041534185409546,0.26258575916290283,-0.06819789111614227,0.9996327757835388,403,141
112,3733,6,0.4201737642288208,0.2625906765460968,-0.06827131658792496,0.9997245669364929,403,141
112,3733,7,0.4116435647010803,0.2661135792732239,0.000960499222856015,0.9995456337928772,395,143
112,3733,8,0.413900226354599,0.26684901118278503,-0.09315143525600433,0.9995331764221191,397,144
112,3733,9,0.4194314181804657,0.2830524742603302,-0.03460235148668289,0.9993876218795776,402,152
112,3733,10,0.4192764461040497,0.2833792567253113,-0.0632401630282402,0.9995728135108948,402,153
112,3733,11,0.4107641875743866,0.33494889736175537,0.0706239864230156,0.9998916983604431,394,180
112,3733,12,0.4021280109882355,0.3391548693180084,-0.12841245532035828,0.9999723434448242,386,183
112,3733,13,0.4176233410835266,0.43806710839271545,0.09486226737499237,0.17515991628170013,400,236
112,3733,14,0.39111343026161194,0.43957656621932983,-0.1754574179649353,0.989037036895752,375,237
112,3733,15,0.44026127457618713,0.49173617362976074,0.045511238276958466,0.3374701142311096,422,265
112,3733,16,0.38727328181266785,0.5236191153526306,-0.19630153477191925,0.9702817797660828,371,282
112,3733,17,0.4477861523628235,0.5124096870422363,0.04394099488854408,0.3799590766429901,429,276
112,3733,18,0.381748765707016,0.5474395155906677,-0.21632009744644165,0.9529507756233215,366,295
112,3733,19,0.45043814182281494,0.5110200047492981,0.022300800308585167,0.40897321701049805,432,275
112,3733,20,0.3852812945842743,0.548908531665802,-0.22034358978271484,0.9526022672653198,369,296
112,3733,21,0.45069530606269836,0.5087631940841675,0.03502549231052399,0.3991292417049408,432,274
112,3733,22,0.3878217041492462,0.5414290428161621,-0.19867467880249023,0.9294683933258057,372,292
112,3733,23,0.4134823977947235,0.5206054449081421,0.06350041925907135,0.9999587535858154,396,281
112,3733,24,0.40862080454826355,0.5226276516914368,-0.06363774836063385,0.9999759793281555,392,282
112,3733,25,0.42580077052116394,0.6400328874588013,0.08073234558105469,0.5755577087402344,408,345
112,3733,26,0.4305291771888733,0.6422252058982849,-0.02833431586623192,0.9394578337669373,413,346
112,3733,27,0.3458904027938843,0.706628680229187,0.12560532987117767,0.7818149924278259,332,381
112,3733,28,0.42676791548728943,0.7669850587844849,0.014929513446986675,0.9726890921592712,409,414
112,3733,29,0.3395061790943146,0.7083864212036133,0.12764303386211395,0.7999857068061829,325,382
112,3733,30,0.4161930978298187,0.792390763759613,0.017225367948412895,0.8719940185546875,399,427
112,3733,31,0.35600507259368896,0.7593062520027161,0.09049086272716522,0.8570013642311096,341,410
112,3733,32,0.4594273865222931,0.7946643233299255,-0.03985976427793503,0.9577632546424866,441,429
113,3766,0,0.42666998505592346,0.27029991149902344,-0.05795960873365402,0.9994370341300964,409,145
113,3766,1,0.423322468996048,0.26121413707733154,-0.04806416109204292,0.9990153908729553,406,141
113,3766,2,0.42226940393447876,0.26115530729293823,-0.048220470547676086,0.9988433122634888,405,141
113,3766,3,0.42145317792892456,0.26113539934158325,-0.04820418357849121,0.9992206692695618,404,141
113,3766,4,0.42340096831321716,0.26152873039245605,-0.06906571239233017,0.9994557499885559,406,141
113,3766,5,0.42261263728141785,0.261613667011261,-0.06925579160451889,0.9995856285095215,405,141
113,3766,6,0.4218563139438629,0.2615944743156433,-0.06933232396841049,0.9996915459632874,404,141
113,3766,7,0.4144320785999298,0.2650194764137268,0.0009971429826691747,0.9995145797729492,397,143
113,3766,8,0.4143822491168976,0.26548072695732117,-0.09272143244743347,0.9994734525680542,397,143
113,3766,9,0.42248111963272095,0.28278782963752747,-0.03568620979785919,0.9993374347686768,405,152
113,3766,10,0.42180803418159485,0.28293296694755554,-0.06438805907964706,0.9995277523994446,404,152
113,3766,11,0.4107331335544586,0.3342132866382599,0.07176818698644638,0.9998852014541626,394,180
113,3766,12,0.4025335907936096,0.3371771275997162,-0.12994256615638733,0.9999680519104004,386,182
113,3766,13,0.41680604219436646,0.4377417266368866,0.09847237914800644,0.16376866400241852,400,236
113,3766,14,0.3922882378101349,0.4390985369682312,-0.18511076271533966,0.9870994687080383,376,237
113,3766,15,0.44200238585472107,0.49295365810394287,0.04642433673143387,0.31696057319641113,424,266
113,3766,16,0.3886905908584595,0.5227190852165222,-0.21591635048389435,0.9675379395484924,373,282
113,3766,17,0.44840919971466064,0.5137476325035095,0.045493971556425095,0.3603389263153076,430,277
113,3766,18,0.38143667578697205,0.546271562576294,-0.24048328399658203,0.9485401511192322,366,294
113,3766,19,0.45229679346084595,0.5130926966667175,0.023159420117735863,0.3882371485233307,434,277
113,3766,20,0.3847937285900116,0.5481827855110168,-0.24269050359725952,0.9482187032699585,369,296
113,3766,21,0.4500006139278412,0.5090850591659546,0.035821594297885895,0.37830933928489685,432,274
113,3766,22,0.3893653452396393,0.5410903692245483,-0.21794173121452332,0.9220298528671265,373,292
113,3766,23,0.41420090198516846,0.5179962515830994,0.06507621705532074,0.9999557137489319,397,279
113,3766,24,0.40925297141075134,0.5203417539596558,-0.06521151214838028,0.9999745488166809,392,280
113,3766,25,0.42661574482917786,0.6390396952629089,0.09320584684610367,0.5465238690376282,409,345
113,3766,26,0.43071046471595764,0.6422791481018066,-0.03875903785228729,0.9225914478302002,413,346
113,3766,27,0.34837743639945984,0.7066599130630493,0.15011224150657654,0.7555690407752991,334,381
113,3766,28,0.42249876260757446,0.7658642530441284,0.024373969063162804,0.9655712246894836,405,413
113,3766,29,0.34309476613998413,0.7119967341423035,0.15295682847499847,0.7775025963783264,329,384
113,3766,30,0.41391506791114807,0.790907084941864,0.029413817450404167,0.858120322227478,397,427
113,3766,31,0.36054304242134094,0.761115550994873,0.11204184591770172,0.8361539244651794,346,411
113,3766,32,0.4519501328468323,0.7941548824310303,-0.024569904431700706,0.9463993310928345,433,428
114,3800,0,0.43118005990982056,0.27041560411453247,-0.05838209018111229,0.9994246959686279,413,146
114,3800,1,0.4289668798446655,0.261238694190979,-0.04885755106806755,0.9990288019180298,411,141
114,3800,2,0.4278925359249115,0.26112931966781616,-0.04901161417365074,0.9988561272621155,410,141
114,3800,3,0.4269067943096161,0.26105743646621704,-0.04898780211806297,0.9992325305938721,409,140
114,3800,4,0.43041858077049255,0.2615610957145691,-0.06980728358030319,0.9994539618492126,413,141
114,3800,5,0.43008196353912354,0.2616102993488312,-0.07000026851892471,0.9995810389518738,412,141
114,3800,6,0.4302264451980591,0.26155149936676025,-0.07008051127195358,0.9996898770332336,413,141
114,3800,7,0.420145720243454,0.2650068700313568,-0.0006574965664185584,0.9995229840278625,403,143
114,3800,8,0.4253486394882202,0.2655765414237976,-0.09470442682504654,0.9994695782661438,408,143
114,3800,9,0.42777201533317566,0.2827887237071991,-0.03638004511594772,0.9993281364440918,410,152
114,3800,10,0.42869833111763,0.2829105854034424,-0.06501955538988113,0.9995148181915283,411,152
114,3800,11,0.41476497054100037,0.3332996666431427,0.07155653089284897,0.9998798370361328,398,179
114,3800,12,0.41277435421943665,0.33632609248161316,-0.13261669874191284,0.9999656081199646,396,181
114,3800,13,0.42147591710090637,0.4355189800262451,0.0995701402425766,0.15072345733642578,404,235
114,3800,14,0.404102623462677,0.4375797212123871,-0.184139221906662,0.9846405386924744,387,236
114,3800,15,0.43989816308021545,0.4966167211532593,0.05505198985338211,0.28993546962738037,422,268
114,3800,16,0.4059458076953888,0.5221974849700928,-0.1965663582086563,0.9577440619468689,389,281
114,3800,17,0.4478929936885834,0.5244451761245728,0.054755792021751404,0.33205264806747437,429,283
114,3800,18,0.40319427847862244,0.5467386245727539,-0.21775002777576447,0.9344412684440613,387,295
114,3800,19,0.4493132531642914,0.5196520090103149,0.03351235017180443,0.3575144410133362,431,280
114,3800,20,0.4078746438026428,0.5481005907058716,-0.21698768436908722,0.9325121641159058,391,295
114,3800,21,0.446926474571228,0.5120941996574402,0.04520504176616669,0.34828415513038635,429,276
114,3800,22,0.4088273048400879,0.5409292578697205,-0.19672755897045135,0.9004364609718323,392,292
114,3800,23,0.42008835077285767,0.5200897455215454,0.06572214514017105,0.999957263469696,403,280
114,3800,24,0.41879135370254517,0.5214570164680481,-0.06585286557674408,0.9999757409095764,402,281
114,3800,25,0.4341433346271515,0.6390513777732849,0.10397465527057648,0.5485520958900452,416,345
114,3800,26,0.43455082178115845,0.6454692482948303,-0.020161913707852364,0.9231131076812744,417,348
114,3800,27,0.3735128343105316,0.7107865214347839,0.1739562600851059,0.7561339139938354,358,383
114,3800,28,0.4261937737464905,0.767349362373352,0.04809332638978958,0.9671671986579895,409,414
114,3800,29,0.3591276705265045,0.7162594199180603,0.17849166691303253,0.777800440788269,344,386
114,3800,30,0.4163489043712616,0.7920799255371094,0.05297761410474777,0.8645212054252625,399,427
114,3800,31,0.3765920400619507,0.764085590839386,0.14415690302848816,0.8330591917037964,361,412
114,3800,32,0.4589555859565735,0.7957953214645386,0.0002176386333303526,0.9471242427825928,440,429
115,3833,0,0.4343129098415375,0.27044543623924255,-0.05684696137905121,0.9994285702705383,416,146
115,3833,1,0.4316369891166687,0.2613166272640228,-0.04771279916167259,0.9990502595901489,414,141
115,3833,2,0.4304952323436737,0.2612017095088959,-0.04786834493279457,0.9988802075386047,413,141
115,3833,3,0.4295078217983246,0.2611079216003418,-0.04784022271633148,0.9992490410804749,412,140
115,3833,4,0.4327172636985779,0.261642187833786,-0.06903266161680222,0.9994624853134155,415,141
115,3833,5,0.43233004212379456,0.2616739869117737,-0.06922384351491928,0.9995884299278259,415,141
115,3833,6,0.43223774433135986,0.26158323884010315,-0.06930167227983475,0.9996959567070007,414,141
115,3833,7,0.42256566882133484,0.26464444398880005,-2.2786922272644006e-05,0.9995307326316833,405,142
115,3833,8,0.4262741506099701,0.26528316736221313,-0.094256691634655,0.9994764924049377,409,143
115,3833,9,0.43095284700393677,0.28285613656044006,-0.03509097918868065,0.9993302822113037,413,152
115,3833,10,0.43125784397125244,0.28295594453811646,-0.06410208344459534,0.9995169043540955,414,152
115,3833,11,0.41681867837905884,0.33268412947654724,0.07188823819160461,0.9998780488967896,400,179
115,3833,12,0.41236937046051025,0.33532291650772095,-0.13343603909015656,0.9999658465385437,395,181
115,3833,13,0.4228905737400055,0.4355766177177429,0.10246098786592484,0.13990472257137299,405,235
115,3833,14,0.40407660603523254,0.43538767099380493,-0.18522873520851135,0.9841474890708923,387,235
115,3833,15,0.4409967362880707,0.5024029016494751,0.057501789182424545,0.2687630355358124,423,271
115,3833,16,0.4049471914768219,0.5210376381874084,-0.2015996277332306,0.9579641819000244,388,281
115,3833,17,0.4466712772846222,0.5239136219024658,0.05636507645249367,0.31127235293388367,428,282
115,3833,18,0.40088143944740295,0.5466843843460083,-0.22358018159866333,0.934665858745575,384,295
115,3833,19,0.44855865836143494,0.5205540657043457,0.03490980714559555,0.3350640535354614,430,281
115,3833,20,0.4052051901817322,0.547996997833252,-0.2257375419139862,0.9326030015945435,388,295
115,3833,21,0.44637933373451233,0.5139707922935486,0.04740568622946739,0.326040118932724,428,277
115,3833,22,0.4066169857978821,0.5394585728645325,-0.20340542495250702,0.899512529373169,390,291
115,3833,23,0.42265501618385315,0.5200095772743225,0.06590449064970016,0.9999589323997498,405,280
115,3833,24,0.41931256651878357,0.5215306282043457,-0.06603188067674637,0.9999769926071167,402,281
115,3833,25,0.43715664744377136,0.6361739039421082,0.0947679802775383,0.541845977306366,419,343
115,3833,26,0.4350428581237793,0.6460992693901062,-0.021045496687293053,0.9187865257263184,417,348
115,3833,27,0.3815697431564331,0.7107561230659485,0.15921610593795776,0.7453312277793884,366,383
115,3833,28,0.4261540472507477,0.7676349878311157,0.04025815427303314,0.9675883054733276,409,414
115,3833,29,0.36613014340400696,0.7142054438591003,0.16417430341243744,0.7705665230751038,351,385
115,3833,30,0.41702261567115784,0.7923559546470642,0.046255163848400116,0.8673917055130005,400,427
115,3833,31,0.3809523582458496,0.7650119662284851,0.1392630785703659,0.8254378437995911,365,413
115,3833,32,0.4606548249721527,0.7958327531814575,-0.005110990721732378,0.9466593265533447,442,429
116,3866,0,0.43716853857040405,0.2699596881866455,-0.05880993977189064,0.9994342923164368,419,145
116,3866,1,0.4345605969429016,0.26030004024505615,-0.052560023963451385,0.9990754127502441,417,140
116,3866,2,0.4333968162536621,0.260146826505661,-0.05271332710981369,0.9989120364189148,416,140
116,3866,3,0.4322737753391266,0.26006603240966797,-0.05266907438635826,0.9992637038230896,414,140
116,3866,4,0.43664246797561646,0.2605273127555847,-0.0718042179942131,0.9994708895683289,419,140
116,3866,5,0.4369942545890808,0.2604566514492035,-0.07200325280427933,0.9995975494384766,419,140
116,3866,6,0.43744897842407227,0.26032182574272156,-0.07207657396793365,0.999703586101532,419,140
116,3866,7,0.42668628692626953,0.2631543278694153,-0.015363505110144615,0.9995391368865967,409,142
116,3866,8,0.43308818340301514,0.26357847452163696,-0.09980688244104385,0.9994931221008301,415,142
116,3866,9,0.4338735342025757,0.2817385196685791,-0.039830196648836136,0.999314546585083,416,152
116,3866,10,0.4354276955127716,0.2816331088542938,-0.06613261252641678,0.9995108842849731,418,152
116,3866,11,0.4194490611553192,0.33220362663269043,0.05339062958955765,0.9998759031295776,402,179
116,3866,12,0.42092403769493103,0.3346472978591919,-0.13512341678142548,0.9999671578407288,404,180
116,3866,13,0.42070260643959045,0.43232688307762146,0.08190012723207474,0.12893906235694885,403,233
116,3866,14,0.41389310359954834,0.4353972375392914,-0.16688232123851776,0.9846533536911011,397,235
116,3866,15,0.4402715563774109,0.5190503001213074,0.048362184315919876,0.24415265023708344,422,280
116,3866,16,0.42565739154815674,0.5255270004272461,-0.15539123117923737,0.959202229976654,408,283
116,3866,17,0.44153234362602234,0.5412741899490356,0.048151541501283646,0.2843702733516693,423,292
116,3866,18,0.4247807264328003,0.5535140037536621,-0.17282697558403015,0.9363101720809937,407,298
116,3866,19,0.441230446100235,0.5347446203231812,0.02958720736205578,0.30582094192504883,423,288
116,3866,20,0.4319974482059479,0.5525544881820679,-0.17101478576660156,0.933883786201477,414,298
116,3866,21,0.44436565041542053,0.532244086265564,0.04003507271409035,0.2975670099258423,426,287
116,3866,22,0.43221771717071533,0.5422069430351257,-0.1543496698141098,0.9008234739303589,414,292
116,3866,23,0.42855122685432434,0.5200738310813904,0.06481693685054779,0.9999609589576721,411,280
116,3866,24,0.42559757828712463,0.5218116641044617,-0.06495247781276703,0.9999785423278809,408,281
116,3866,25,0.4454513192176819,0.6353183388710022,0.10324077308177948,0.5636171102523804,427,343
116,3866,26,0.43979135155677795,0.6458144783973694,0.002907374408096075,0.923885703086853,422,348
116,3866,27,0.40009838342666626,0.7125909924507141,0.1714511215686798,0.7597456574440002,384,384
116,3866,28,0.4283974766731262,0.7669270634651184,0.0642581507563591,0.9701524972915649,411,414
116,3866,29,0.38408470153808594,0.7169660329818726,0.17598916590213776,0.782845675945282,368,387
116,3866,30,0.4187310039997101,0.7913675308227539,0.06855800747871399,0.8771840929985046,401,427
116,3866,31,0.4015423357486725,0.7655107975006104,0.1468859314918518,0.8341169953346252,385,413
116,3866,32,0.4608117938041687,0.796362578868866,0.019320925697684288,0.9502621293067932,442,430
117,3900,0,0.43797123432159424,0.2689010500907898,-0.05878487974405289,0.9993798732757568,420,145
117,3900,1,0.43462249636650085,0.2585107982158661,-0.05227801576256752,0.9990098476409912,417,139
117,3900,2,0.43336957693099976,0.25821807980537415,-0.0524359755218029,0.9988359808921814,416,139
117,3900,3,0.4321677088737488,0.25801488757133484,-0.05239386856555939,0.9992074966430664,414,139
117,3900,4,0.43712133169174194,0.2591356337070465,-0.0714692547917366,0.9994200468063354,419,139
117,3900,5,0.4376497268676758,0.2591685354709625,-0.07166850566864014,0.9995647072792053,420,139
117,3900,6,0.43819674849510193,0.2591240108013153,-0.07174334675073624,0.9996830224990845,420,139
117,3900,7,0.42686891555786133,0.26118630170822144,-0.014598140493035316,0.9994931221008301,409,141
117,3900,8,0.4338771402835846,0.26241937279701233,-0.09923958778381348,0.9994493126869202,416,141
117,3900,9,0.4344358742237091,0.2810415029525757,-0.03965551778674126,0.9992021322250366,417,151
117,3900,10,0.4361710250377655,0.2813725471496582,-0.06597805768251419,0.9994343519210815,418,151
117,3900,11,0.4192388951778412,0.33083274960517883,0.05389975383877754,0.9998673796653748,402,178
117,3900,12,0.421590119600296,0.3331046998500824,-0.13479800522327423,0.9999674558639526,404,179
117,3900,13,0.4189017713069916,0.4296656847000122,0.08362749963998795,0.11772947758436203,402,232
117,3900,14,0.4137243628501892,0.4336862862110138,-0.16719742119312286,0.9846146106719971,397,234
117,3900,15,0.4385814070701599,0.5186367630958557,0.048497993499040604,0.22101949155330658,421,280
117,3900,16,0.42519330978393555,0.5251200795173645,-0.16691118478775024,0.958389163017273,408,283
117,3900,17,0.4370259642601013,0.5403498411178589,0.0486190989613533,0.2582951486110687,419,291
117,3900,18,0.4226972758769989,0.5531529188156128,-0.18576768040657043,0.9350411891937256,405,298
117,3900,19,0.43793627619743347,0.5329796075820923,0.031353481113910675,0.2776188254356384,420,287
117,3900,20,0.43148475885391235,0.5524997115135193,-0.18436765670776367,0.9321420788764954,414,298
117,3900,21,0.4410563111305237,0.5313215851783752,0.04141227900981903,0.27008020877838135,423,286
117,3900,22,0.4326797127723694,0.5408486127853394,-0.16631267964839935,0.8973432183265686,415,292
117,3900,23,0.4297443926334381,0.5200888514518738,0.06465418636798859,0.9999626278877258,412,280
117,3900,24,0.42750513553619385,0.5218579769134521,-0.06479014456272125,0.9999798536300659,410,281
117,3900,25,0.4454675316810608,0.6339567303657532,0.10249122977256775,0.5610302686691284,427,342
117,3900,26,0.43894997239112854,0.6457595825195312,0.00047219713451340795,0.9233290553092957,421,348
117,3900,27,0.40048328042030334,0.7137513756752014,0.16366703808307648,0.7652113437652588,384,385
117,3900,28,0.42775148153305054,0.7663975358009338,0.05403033271431923,0.9717355966567993,410,413
117,3900,29,0.38308513164520264,0.7179968953132629,0.16743087768554688,0.7903760075569153,367,387
117,3900,30,0.41694989800453186,0.7910531163215637,0.057279523462057114,0.8837430477142334,400,427
117,3900,31,0.40603071451187134,0.7660813331604004,0.14410927891731262,0.8379656672477722,389,413
117,3900,32,0.461899071931839,0.7965586185455322,0.004024748224765062,0.9522117376327515,443,430
118,3933,0,0.44326022267341614,0.2665349543094635,-0.0498100183904171,0.9992395043373108,425,143
118,3933,1,0.4404158890247345,0.2566792070865631,-0.04422289878129959,0.9988424777984619,422,138
118,3933,2,0.43915510177612305,0.25649937987327576,-0.044369183480739594,0.998629093170166,421,138
118,3933,3,0.4378119707107544,0.2563832104206085,-0.04432016238570213,0.999061107635498,420,138
118,3933,4,0.44324108958244324,0.2570364773273468,-0.06301828473806381,0.9992948174476624,425,138
118,3933,5,0.4439055323600769,0.2570165693759918,-0.06322183459997177,0.9994687438011169,426,138
118,3933,6,0.4444917142391205,0.2569088935852051,-0.06330171227455139,0.9996209144592285,426,138
118,3933,7,0.4331221282482147,0.2598104178905487,-0.013002535328269005,0.9993764758110046,415,140
118,3933,8,0.44073453545570374,0.26085829734802246,-0.09492577612400055,0.999310314655304,423,140
118,3933,9,0.4399317800998688,0.2781949043273926,-0.032467011362314224,0.9989367127418518,422,150
118,3933,10,0.4423063099384308,0.2781393527984619,-0.05819503590464592,0.9992309212684631,424,150
118,3933,11,0.42381542921066284,0.330295592546463,0.05639785900712013,0.9998520612716675,406,178
118,3933,12,0.4314453899860382,0.3314675986766815,-0.1327715814113617,0.9999642968177795,414,178
118,3933,13,0.4234413504600525,0.42794227600097656,0.08408105373382568,0.10754759609699249,406,231
118,3933,14,0.4298473596572876,0.43324169516563416,-0.1637222170829773,0.9787554144859314,412,233
118,3933,15,0.4370471239089966,0.5144768357276917,0.047424640506505966,0.19952553510665894,419,277
118,3933,16,0.4391297698020935,0.5244622826576233,-0.15672889351844788,0.9289359450340271,421,283
118,3933,17,0.4348691403865814,0.5387175679206848,0.047569941729307175,0.2334965020418167,417,290
118,3933,18,0.4370197653770447,0.5527110695838928,-0.17389193177223206,0.897635281085968,419,298
118,3933,19,0.4380524456501007,0.5342544317245483,0.03081308677792549,0.25088030099868774,420,288
118,3933,20,0.44292333722114563,0.5524099469184875,-0.17280974984169006,0.8917682766914368,425,298
118,3933,21,0.4408761262893677,0.5295760631561279,0.04007706791162491,0.24406976997852325,423,285
118,3933,22,0.4439783990383148,0.5406094193458557,-0.15613307058811188,0.8495090007781982,426,291
118,3933,23,0.43305525183677673,0.515923261642456,0.06463281065225601,0.9999626874923706,415,278
118,3933,24,0.43157461285591125,0.5174523591995239,-0.06476309895515442,0.9999802708625793,414,279
118,3933,25,0.45946982502937317,0.6257876753807068,0.09471359848976135,0.5440384149551392,441,337
118,3933,26,0.4414059519767761,0.6442422866821289,-0.014317329972982407,0.9195651412010193,423,347
118,3933,27,0.41787034273147583,0.7124655842781067,0.1455807387828827,0.7327166199684143,401,384
118,3933,28,0.4273100197315216,0.765979528427124,0.016867849975824356,0.9699230790138245,410,413
118,3933,29,0.40402454137802124,0.7193124890327454,0.14812907576560974,0.7630836367607117,387,388
118,3933,30,0.4168071746826172,0.791079580783844,0.018122810870409012,0.876766562461853,400,427
118,3933,31,0.4195648729801178,0.7515290975570679,0.12324459850788116,0.8056934475898743,402,405
118,3933,32,0.4609549641609192,0.796256959438324,-0.03435931354761124,0.9462149143218994,442,429
119,3966,0,0.44474634528160095,0.2649756968021393,-0.05035312846302986,0.9991455674171448,426,143
119,3966,1,0.44232702255249023,0.25555381178855896,-0.04478142783045769,0.9987571239471436,424,137
119,3966,2,0.441262423992157,0.2554573714733124,-0.044930536299943924,0.9985266327857971,423,137
119,3966,3,0.44016674160957336,0.25541841983795166,-0.044885776937007904,0.9989940524101257,422,137
119,3966,4,0.4445261061191559,0.2558792233467102,-0.06323259323835373,0.9992161989212036,426,138
119,3966,5,0.44498592615127563,0.2559337615966797,-0.06343323737382889,0.9994022250175476,427,138
119,3966,6,0.44540372490882874,0.25589069724082947,-0.06350962817668915,0.9995790719985962,427,138
119,3966,7,0.4347575306892395,0.25903192162513733,-0.014874705113470554,0.9993281364440918,417,139
119,3966,8,0.44148728251457214,0.2599189579486847,-0.09444885700941086,0.999217689037323,423,140
119,3966,9,0.4415130317211151,0.27730393409729004,-0.03297696262598038,0.9987667202949524,423,149
119,3966,10,0.44346609711647034,0.2773852050304413,-0.05822981894016266,0.9990930557250977,425,149
119,3966,11,0.4247052073478699,0.3284985423088074,0.04778466373682022,0.9998447299003601,407,177
119,3966,12,0.4318799376487732,0.32949861884117126,-0.12710988521575928,0.999961256980896,414,177
119,3966,13,0.42449602484703064,0.42459210753440857,0.07467103004455566,0.09895717352628708,407,229
119,3966,14,0.43128013610839844,0.4330417811870575,-0.14844626188278198,0.9756755232810974,414,233
119,3966,15,0.4354180693626404,0.5122900605201721,0.04320802167057991,0.180531308054924,418,276
119,3966,16,0.44004014134407043,0.5212913155555725,-0.13256901502609253,0.9112412333488464,422,281
119,3966,17,0.43428829312324524,0.5361564755439758,0.043361976742744446,0.21167981624603271,416,289
119,3966,18,0.43946394324302673,0.5483306050300598,-0.14748579263687134,0.873772144317627,421,296
119,3966,19,0.4369674026966095,0.5343515872955322,0.02756103128194809,0.2272777557373047,419,288
119,3966,20,0.44452494382858276,0.5483071208000183,-0.14648036658763885,0.8656197190284729,426,296
119,3966,21,0.4387032091617584,0.5271030068397522,0.036241188645362854,0.2210528701543808,421,284
119,3966,22,0.4450165629386902,0.5368195176124573,-0.1318317949771881,0.8165643215179443,427,289
119,3966,23,0.43210646510124207,0.5150020122528076,0.061218634247779846,0.9999627470970154,414,278
119,3966,24,0.43096867203712463,0.5157094597816467,-0.06133980676531792,0.9999804496765137,413,278
119,3966,25,0.4576343297958374,0.6226003170013428,0.09482583403587341,0.5345173478126526,439,336
119,3966,26,0.44104984402656555,0.6435317397117615,-0.01357327401638031,0.9185933470726013,423,347
119,3966,27,0.42250218987464905,0.7106903791427612,0.14706386625766754,0.7133082747459412,405,383
119,3966,28,0.4271508455276489,0.7657622694969177,0.020902367308735847,0.9691702127456665,410,413
119,3966,29,0.4092928171157837,0.7200900912284851,0.14951759576797485,0.7427979707717896,392,388
119,3966,30,0.41636979579925537,0.7905386686325073,0.023554351180791855,0.8727675080299377,399,426
119,3966,31,0.423745721578598,0.7451770901679993,0.12447201460599899,0.7854131460189819,406,402
119,3966,32,0.4598415195941925,0.795763373374939,-0.025213636457920074,0.9431635141372681,441,429
120,4000,0,0.4538680613040924,0.26488733291625977,-0.060030605643987656,0.9991534352302551,435,143
120,4000,1,0.45224910974502563,0.25506630539894104,-0.054099150002002716,0.9987742304801941,434,137
120,4000,2,0.4510011076927185,0.25492963194847107,-0.054262425750494,0.9985529184341431,432,137
120,4000,3,0.4497545659542084,0.2548411190509796,-0.05420840531587601,0.9989995956420898,431,137
120,4000,4,0.4546557068824768,0.2553268373012543,-0.07235265523195267,0.999235212802887,436,137
120,4000,5,0.45432090759277344,0.25533854961395264,-0.0725492462515831,0.9994221329689026,436,137
120,4000,6,0.45471876859664917,0.25524094700813293,-0.07263549417257309,0.9995944499969482,436,137
120,4000,7,0.44321268796920776,0.25867006182670593,-0.01844935677945614,0.999330461025238,425,139
120,4000,8,0.4507317543029785,0.2594430446624756,-0.10011659562587738,0.9992524981498718,432,140
120,4000,9,0.4502674639225006,0.27728769183158875,-0.04214613139629364,0.9987931251525879,432,149
120,4000,10,0.4518343210220337,0.27729809284210205,-0.06712167710065842,0.9991315007209778,433,149
120,4000,11,0.4340400993824005,0.32865384221076965,0.04132543131709099,0.9998456835746765,416,177
120,4000,12,0.4363611340522766,0.3297484219074249,-0.1290142983198166,0.9999634027481079,418,178
120,4000,13,0.43635115027427673,0.42512819170951843,0.07063140720129013,0.09257517009973526,418,229
120,4000,14,0.4401080310344696,0.4336208403110504,-0.15220247209072113,0.977087140083313,422,234
120,4000,15,0.4441297948360443,0.5110509395599365,0.037670962512493134,0.16488997638225555,426,275
120,4000,16,0.4532792866230011,0.5206284523010254,-0.14159566164016724,0.917780876159668,435,281
120,4000,17,0.4430936574935913,0.5358065366744995,0.03732515498995781,0.1944916993379593,425,289
120,4000,18,0.45254266262054443,0.5472502708435059,-0.160020649433136,0.882255494594574,434,295
120,4000,19,0.44746726751327515,0.5355556607246399,0.01930246502161026,0.2084953635931015,429,289
120,4000,20,0.4580794870853424,0.5468586683273315,-0.15725405514240265,0.8744281530380249,439,295
120,4000,21,0.44839420914649963,0.5269424319267273,0.029820268973708153,0.202656552195549,430,284
120,4000,22,0.45877882838249207,0.5366536378860474,-0.1403183937072754,0.8268106579780579,440,289
120,4000,23,0.44534698128700256,0.5164172649383545,0.057539768517017365,0.99996417760849,427,278
120,4000,24,0.4375333786010742,0.517781674861908,-0.05763448029756546,0.999981701374054,420,279
120,4000,25,0.48161202669143677,0.6236331462860107,0.09874419122934341,0.5343406796455383,462,336
120,4000,26,0.44040876626968384,0.6437746286392212,-0.005008946172893047,0.9226605892181396,422,347
120,4000,27,0.4336060583591461,0.6729915142059326,0.21029479801654816,0.6892247796058655,416,363
120,4000,28,0.4297606647014618,0.7590565085411072,0.06316166371107101,0.970715343952179,412,409
120,4000,29,0.4222208559513092,0.6699029207229614,0.22006914019584656,0.7213514447212219,405,361
120,4000,30,0.4196762144565582,0.7847945690155029,0.0690678209066391,0.8773937821388245,402,423
120,4000,31,0.4288593828678131,0.7233676314353943,0.20231597125530243,0.7658484578132629,411,390
120,4000,32,0.4591006338596344,0.7916907072067261,0.02499490976333618,0.9453441500663757,440,427
121,4033,0,0.45304781198501587,0.26504555344581604,-0.05779344588518143,0.9991137385368347,434,143
121,4033,1,0.45064955949783325,0.2551824450492859,-0.052662838250398636,0.9987208843231201,432,137
121,4033,2,0.4494306445121765,0.25494280457496643,-0.052830107510089874,0.9985018968582153,431,137
121,4033,3,0.44828611612319946,0.2547527551651001,-0.052771396934986115,0.998953640460968,430,137
121,4033,4,0.4531436860561371,0.25544193387031555,-0.06939618289470673,0.9991998076438904,435,137
121,4033,5,0.4536150395870209,0.25545814633369446,-0.06959142535924911,0.9994030594825745,435,137
121,4033,6,0.45423582196235657,0.2553552985191345,-0.06967929750680923,0.9995817542076111,436,137
121,4033,7,0.44257602095603943,0.2582727074623108,-0.01618243381381035,0.999299168586731,424,139
121,4033,8,0.4477996230125427,0.25933101773262024,-0.09488203376531601,0.999238908290863,429,140
121,4033,9,0.44961977005004883,0.277461439371109,-0.041199807077646255,0.9987492561340332,431,149
121,4033,10,0.4512646496295929,0.27738240361213684,-0.06424769759178162,0.9991157054901123,433,149
121,4033,11,0.4355819821357727,0.3287721276283264,0.04365271329879761,0.9998459815979004,418,177
121,4033,12,0.4362863302230835,0.3299500346183777,-0.12298503518104553,0.9999642968177795,418,178
121,4033,13,0.4392610490322113,0.425262987613678,0.07295869290828705,0.08716665953397751,421,229
121,4033,14,0.4411482512950897,0.43552738428115845,-0.14323896169662476,0.977940559387207,423,235
121,4033,15,0.44421032071113586,0.5136767625808716,0.04023144394159317,0.15139934420585632,426,277
121,4033,16,0.45230546593666077,0.5243500471115112,-0.13334892690181732,0.9219979643821716,434,283
121,4033,17,0.4441148042678833,0.54151850938797,0.03976185992360115,0.17953938245773315,426,292
121,4033,18,0.45087429881095886,0.5494619607925415,-0.1507638543844223,0.8871641755104065,432,296
121,4033,19,0.4489431381225586,0.5426692366600037,0.02068818360567093,0.19208122789859772,430,293
121,4033,20,0.456800639629364,0.54941326379776,-0.14847585558891296,0.8794296979904175,438,296
121,4033,21,0.44972917437553406,0.532472550868988,0.03178856149315834,0.18644481897354126,431,287
121,4033,22,0.4575732350349426,0.5413231253623962,-0.1322752833366394,0.8316963315010071,439,292
121,4033,23,0.4461292326450348,0.5163140296936035,0.055438682436943054,0.9999649524688721,428,278
121,4033,24,0.4374726116657257,0.5174853801727295,-0.05553426966071129,0.999982476234436,419,279
121,4033,25,0.4798350930213928,0.6235503554344177,0.08514109253883362,0.5236813426017761,460,336
121,4033,26,0.43950727581977844,0.6433240175247192,-0.005674030166119337,0.9228373169898987,421,347
121,4033,27,0.43560707569122314,0.683266818523407,0.20772433280944824,0.6637488007545471,418,368
121,4033,28,0.42938169836997986,0.7557574510574341,0.053245410323143005,0.9707800149917603,412,408
121,4033,29,0.4254032373428345,0.6872789859771729,0.2022698074579239,0.6971456408500671,408,371
121,4033,30,0.4198830723762512,0.7829751372337341,0.05928532034158707,0.876970648765564,403,422
121,4033,31,0.4313167929649353,0.733985185623169,0.16414283215999603,0.7454557418823242,414,396
121,4033,32,0.45883089303970337,0.7889811396598816,0.01313343457877636,0.9451863169670105,440,426
122,4066,0,0.4612140357494354,0.2651801109313965,-0.04904313385486603,0.9990838170051575,442,143
122,4066,1,0.4596632122993469,0.25532928109169006,-0.042780108749866486,0.9986751079559326,441,137
122,4066,2,0.458539217710495,0.25508546829223633,-0.042928773909807205,0.998424232006073,440,137
122,4066,3,0.4574072062969208,0.25489261746406555,-0.04287132993340492,0.9988909959793091,439,137
122,4066,4,0.46194273233413696,0.2555825412273407,-0.05997436121106148,0.9991838932037354,443,138
122,4066,5,0.4624183475971222,0.25556471943855286,-0.06017128378152847,0.9993932843208313,443,138
122,4066,6,0.46188196539878845,0.25544190406799316,-0.0602533183991909,0.9995775818824768,443,137
122,4066,7,0.45229387283325195,0.2584174871444702,-0.00619559595361352,0.9992192387580872,434,139
122,4066,8,0.45766517519950867,0.25947314500808716,-0.08454681187868118,0.9992209076881409,439,140
122,4066,9,0.4582333564758301,0.2775743901729584,-0.0319029837846756,0.9986230731010437,439,149
122,4066,10,0.4596306383609772,0.2774695158004761,-0.055490437895059586,0.999059796333313,441,149
122,4066,11,0.4440017640590668,0.32898759841918945,0.05086835101246834,0.9998342394828796,426,177
122,4066,12,0.44480717182159424,0.3300686180591583,-0.11839081346988678,0.9999653100967407,427,178
122,4066,13,0.4445015490055084,0.42586979269981384,0.07887257635593414,0.08083006739616394,426,229
122,4066,14,0.45364058017730713,0.43593862652778625,-0.1383415311574936,0.9794689416885376,435,235
122,4066,15,0.45335114002227783,0.5127345323562622,0.05132303386926651,0.1373930126428604,435,276
122,4066,16,0.46978652477264404,0.5227651596069336,-0.12468358129262924,0.9271025657653809,450,282
122,4066,17,0.4527007043361664,0.5378002524375916,0.05113052949309349,0.16334405541419983,434,290
122,4066,18,0.4717724621295929,0.5453611612319946,-0.14193123579025269,0.8931826949119568,452,294
122,4066,19,0.45458272099494934,0.5421733856201172,0.033199045807123184,0.1746397167444229,436,292
122,4066,20,0.4759387671947479,0.5453329086303711,-0.14096786081790924,0.8857907056808472,456,294
122,4066,21,0.45558106899261475,0.5314190983772278,0.04354440048336983,0.16946512460708618,437,286
122,4066,22,0.47498375177383423,0.5370312333106995,-0.12415837496519089,0.8384672999382019,455,289
122,4066,23,0.4551995098590851,0.5128106474876404,0.05495481565594673,0.9999662637710571,436,276
122,4066,24,0.44262292981147766,0.5133851170539856,-0.055052392184734344,0.9999833703041077,424,277
122,4066,25,0.48654884099960327,0.6227008700370789,0.07231941819190979,0.5287678837776184,467,336
122,4066,26,0.44248679280281067,0.6417721509933472,-0.017432983964681625,0.9274837374687195,424,346
122,4066,27,0.46236464381217957,0.7282593846321106,0.13833023607730865,0.6818910241127014,443,393
122,4066,28,0.4307526648044586,0.7559475898742676,0.02049204520881176,0.9728736281394958,413,408
122,4066,29,0.4520501494407654,0.7451002597808838,0.13976682722568512,0.7089743614196777,433,402
122,4066,30,0.4202086627483368,0.7829892635345459,0.022538263350725174,0.8827502727508545,403,422
122,4066,31,0.4843350648880005,0.7636300325393677,0.09959974139928818,0.7589820623397827,464,412
122,4066,32,0.4589666426181793,0.7911914587020874,-0.03120890073478222,0.9489760994911194,440,427
123,4100,0,0.46180328726768494,0.2653164267539978,-0.04965474456548691,0.9988673329353333,443,143
123,4100,1,0.4599585235118866,0.2554236650466919,-0.04294637218117714,0.9983208775520325,441,137
123,4100,2,0.4588387608528137,0.25516843795776367,-0.043104443699121475,0.9980075359344482,440,137
123,4100,3,0.4577976167201996,0.2549937069416046,-0.04305141419172287,0.998593270778656,439,137
123,4100,4,0.4621286690235138,0.255696564912796,-0.06011863425374031,0.9989653825759888,443,138
123,4100,5,0.46261030435562134,0.25567126274108887,-0.0603179968893528,0.9992411732673645,444,138
123,4100,6,0.46297189593315125,0.25553426146507263,-0.060398850589990616,0.9994726777076721,444,137
123,4100,7,0.45283886790275574,0.2585459053516388,-0.006984682288020849,0.9989824295043945,434,139
123,4100,8,0.45962008833885193,0.2600705325603485,-0.0870705395936966,0.9990308284759521,441,140
123,4100,9,0.4583059847354889,0.27766966819763184,-0.03220577910542488,0.9982302784919739,439,149
123,4100,10,0.45985373854637146,0.2775883972644806,-0.0557243786752224,0.9988166689872742,441,149
123,4100,11,0.44423428177833557,0.32905498147010803,0.05143970996141434,0.9998190999031067,426,177
123,4100,12,0.44472789764404297,0.33025026321411133,-0.12155092507600784,0.9999627470970154,426,178
123,4100,13,0.4467085301876068,0.4263228178024292,0.07958824187517166,0.0743122547864914,428,230
123,4100,14,0.4534650444984436,0.4361613094806671,-0.1444413661956787,0.97963547706604,435,235
123,4100,15,0.4556558430194855,0.5111485123634338,0.04825442284345627,0.12437950074672699,437,276
123,4100,16,0.47010505199432373,0.5213769674301147,-0.12734979391098022,0.9235084056854248,451,281
123,4100,17,0.4557079076766968,0.5357626080513,0.04728736728429794,0.14821641147136688,437,289
123,4100,18,0.4750899076461792,0.5445278286933899,-0.1452176421880722,0.8859832882881165,456,294
123,4100,19,0.45704492926597595,0.5413320064544678,0.029363589361310005,0.15841585397720337,438,292
123,4100,20,0.4779074788093567,0.5436944365501404,-0.14343206584453583,0.8782774209976196,458,293
123,4100,21,0.45785582065582275,0.5274958610534668,0.04040346294641495,0.15368613600730896,439,284
123,4100,22,0.4771741032600403,0.5355926752090454,-0.12647566199302673,0.8246046900749207,458,289
123,4100,23,0.4573677182197571,0.5101067423820496,0.055610619485378265,0.9999642968177795,439,275
123,4100,24,0.44388073682785034,0.5112252235412598,-0.05571264028549194,0.9999826550483704,426,276
123,4100,25,0.4867350459098816,0.6228469014167786,0.07511682063341141,0.5117232799530029,467,336
123,4100,26,0.4422662556171417,0.6418623328208923,-0.01830470561981201,0.9276548027992249,424,346
123,4100,27,0.4636238217353821,0.7369347214698792,0.13737355172634125,0.6822352409362793,445,397
123,4100,28,0.4303642213344574,0.7578340768814087,0.023062800988554955,0.9733803868293762,413,409
123,4100,29,0.4546440541744232,0.7574626207351685,0.14010418951511383,0.7034974694252014,436,409
123,4100,30,0.42110171914100647,0.7832098007202148,0.02537182904779911,0.8801077604293823,404,422
123,4100,31,0.48028087615966797,0.7728331685066223,0.09708904474973679,0.7590233683586121,461,417
123,4100,32,0.45844173431396484,0.7917591333389282,-0.030641168355941772,0.9496333003044128,440,427
124,4133,0,0.4667012393474579,0.26550331711769104,-0.03917611390352249,0.9989224076271057,448,143
124,4133,1,0.4654480218887329,0.2554992437362671,-0.03469420596957207,0.9983706474304199,446,137
124,4133,2,0.464164137840271,0.2551879584789276,-0.03483450412750244,0.9980900883674622,445,137
124,4133,3,0.46284469962120056,0.25505974888801575,-0.034774843603372574,0.9986205697059631,444,137
124,4133,4,0.46824896335601807,0.25580134987831116,-0.0511448048055172,0.9990038871765137,449,138
124,4133,5,0.46903282403945923,0.2557234466075897,-0.05134947970509529,0.9992815852165222,450,138
124,4133,6,0.4698479473590851,0.25555673241615295,-0.05143089219927788,0.9994956851005554,451,138
124,4133,7,0.457999587059021,0.2591369152069092,-0.006322909612208605,0.999000608921051,439,139
124,4133,8,0.46774688363075256,0.26114514470100403,-0.08180128782987595,0.9990853667259216,449,141
124,4133,9,0.46331775188446045,0.2777368426322937,-0.024424724280834198,0.9982500672340393,444,149
124,4133,10,0.4656488001346588,0.2776617407798767,-0.04702743515372276,0.9988481402397156,447,149
124,4133,11,0.4449597895145416,0.3291056156158447,0.05519476160407066,0.9998034834861755,427,177
124,4133,12,0.4565741717815399,0.3313888907432556,-0.11625807732343674,0.9999644756317139,438,178
124,4133,13,0.44587305188179016,0.43217912316322327,0.0831967443227768,0.07251465320587158,428,233
124,4133,14,0.465583860874176,0.4376649558544159,-0.13442794978618622,0.9814727306365967,446,236
124,4133,15,0.459412157535553,0.5155820250511169,0.05837872996926308,0.11692126095294952,441,278
124,4133,16,0.4869360625743866,0.5214337706565857,-0.12118277698755264,0.9309815168380737,467,281
124,4133,17,0.46040254831314087,0.5383375883102417,0.059846434742212296,0.14245426654815674,441,290
124,4133,18,0.4915986955165863,0.5445771813392639,-0.13945655524730682,0.8970839977264404,471,294
124,4133,19,0.46405908465385437,0.5406994223594666,0.04116327688097954,0.15190820395946503,445,291
124,4133,20,0.49682024121284485,0.5436123013496399,-0.1351563185453415,0.8901166319847107,476,293
124,4133,21,0.4653915762901306,0.5363627672195435,0.05077071115374565,0.14687858521938324,446,289
124,4133,22,0.49458980560302734,0.5354164838790894,-0.11903632432222366,0.8414915204048157,474,289
124,4133,23,0.45092862844467163,0.5141708254814148,0.055257514119148254,0.9999557733535767,432,277
124,4133,24,0.46077755093574524,0.5136398077011108,-0.05538860335946083,0.9999807476997375,442,277
124,4133,25,0.45647579431533813,0.6319367289543152,0.09825687110424042,0.5229725241661072,438,341
124,4133,26,0.48386967182159424,0.6367064714431763,0.0018682759255170822,0.9313649535179138,464,343
124,4133,27,0.44601529836654663,0.7600154876708984,0.13942645490169525,0.706791341304779,428,410
124,4133,28,0.4864729642868042,0.7569253444671631,0.051175620406866074,0.9752857089042664,467,408
124,4133,29,0.4337938725948334,0.7835059762001038,0.1405819058418274,0.7280704379081726,416,423
124,4133,30,0.47981739044189453,0.7823882102966309,0.054375577718019485,0.8902705907821655,460,422
124,4133,31,0.45810309052467346,0.7807849049568176,0.10788431018590927,0.776500403881073,439,421
124,4133,32,0.5174802541732788,0.7746047973632812,0.020332230255007744,0.952465832233429,496,418
125,4166,0,0.4669649302959442,0.26653948426246643,-0.04167534410953522,0.9989892244338989,448,143
125,4166,1,0.46458083391189575,0.2557544708251953,-0.037336405366659164,0.9984372854232788,445,138
125,4166,2,0.46291857957839966,0.2553466856479645,-0.037477388978004456,0.9981914758682251,444,137
125,4166,3,0.4613345265388489,0.25514858961105347,-0.037423279136419296,0.9986644983291626,442,137
125,4166,4,0.46854740381240845,0.25648295879364014,-0.05422525480389595,0.9990507960319519,449,138
125,4166,5,0.46968144178390503,0.2562624216079712,-0.054426562041044235,0.9993264079093933,450,138
125,4166,6,0.4709281325340271,0.2562229633331299,-0.05450562387704849,0.999521017074585,452,138
125,4166,7,0.45603519678115845,0.2591787278652191,-0.01056298054754734,0.9990395307540894,437,139
125,4166,8,0.4687848687171936,0.261875718832016,-0.08299031108617783,0.9991470575332642,450,141
125,4166,9,0.4630197286605835,0.2778064012527466,-0.02661568485200405,0.9983019232749939,444,150
125,4166,10,0.4666929543018341,0.27867695689201355,-0.04978716000914574,0.9988987445831299,448,150
125,4166,11,0.44324666261672974,0.32914403080940247,0.0547102689743042,0.9997989535331726,425,177
125,4166,12,0.45777612924575806,0.3320266306400299,-0.11748647689819336,0.9999663829803467,439,179
125,4166,13,0.4462772607803345,0.43238526582717896,0.08308418095111847,0.07186559587717056,428,233
125,4166,14,0.46706417202949524,0.43879932165145874,-0.14072276651859283,0.9831450581550598,448,236
125,4166,15,0.46067631244659424,0.5146932601928711,0.05799455940723419,0.11050846427679062,442,277
125,4166,16,0.4868837594985962,0.5212313532829285,-0.128718763589859,0.9377475380897522,467,281
125,4166,17,0.4617682993412018,0.5378929376602173,0.059696976095438004,0.13816994428634644,443,290
125,4166,18,0.49053001403808594,0.5436029434204102,-0.14791670441627502,0.907145619392395,470,293
125,4166,19,0.46583640575408936,0.5400879383087158,0.03996832296252251,0.14701245725154877,447,291
125,4166,20,0.4951866865158081,0.5427712202072144,-0.14322619140148163,0.9008517265319824,475,293
125,4166,21,0.46734511852264404,0.5354180932044983,0.049903348088264465,0.14199872314929962,448,289
125,4166,22,0.49303191900253296,0.5348832011222839,-0.1265435516834259,0.8568471670150757,473,288
125,4166,23,0.44797995686531067,0.5142956972122192,0.05552923306822777,0.9999503493309021,430,277
125,4166,24,0.4629708528518677,0.5137051939964294,-0.055648189038038254,0.9999796748161316,444,277
125,4166,25,0.45206573605537415,0.6330854296684265,0.10851214081048965,0.5399672985076904,433,341
125,4166,26,0.4884224832057953,0.6295604705810547,0.002560586202889681,0.9359371662139893,468,339
125,4166,27,0.4383862316608429,0.762815535068512,0.1431884914636612,0.7308441400527954,420,411
125,4166,28,0.4881761968135834,0.7550321817398071,0.056793734431266785,0.977171778678894,468,407
125,4166,29,0.42668238282203674,0.7868175506591797,0.14140178263187408,0.751190721988678,409,424
125,4166,30,0.482248455286026,0.7798006534576416,0.06063675135374069,0.8996978998184204,462,421
125,4166,31,0.45610085129737854,0.7873814105987549,0.11948695033788681,0.7933948636054993,437,425
125,4166,32,0.5204862356185913,0.7708984017372131,0.029845768585801125,0.9553021788597107,499,416
126,4200,0,0.4732746183872223,0.2711012661457062,-0.040208831429481506,0.9989840984344482,454,146
126,4200,1,0.4721296429634094,0.26093053817749023,-0.03596467524766922,0.9984070658683777,453,140
126,4200,2,0.47089359164237976,0.2602679133415222,-0.03609319031238556,0.9981504082679749,452,140
126,4200,3,0.46952059864997864,0.25975847244262695,-0.03603610768914223,0.998593807220459,450,140
126,4200,4,0.4751273989677429,0.26177144050598145,-0.052689943462610245,0.9990571737289429,456,141
126,4200,5,0.47608354687690735,0.2615525424480438,-0.05289577692747116,0.9993407726287842,457,141
126,4200,6,0.4770704209804535,0.26137763261795044,-0.052986990660429,0.9995315074920654,457,141
126,4200,7,0.4648824632167816,0.26407742500305176,-0.010137426666915417,0.998945415019989,446,142
126,4200,8,0.4755287170410156,0.26706844568252563,-0.08350757509469986,0.9991734623908997,456,144
126,4200,9,0.4705829322338104,0.2804216146469116,-0.02552572824060917,0.998130738735199,451,151
126,4200,10,0.4732038080692291,0.28142693638801575,-0.04852810129523277,0.9988474249839783,454,151
126,4200,11,0.449541836977005,0.33055853843688965,0.0590616837143898,0.9996942281723022,431,178
126,4200,12,0.4658232033252716,0.33341076970100403,-0.11993757635354996,0.9999664425849915,447,180
126,4200,13,0.4489575922489166,0.43247634172439575,0.09506489336490631,0.06658075004816055,430,233
126,4200,14,0.47434988617897034,0.43797850608825684,-0.14315420389175415,0.9845158457756042,455,236
126,4200,15,0.465143084526062,0.514123260974884,0.07763273268938065,0.10023725032806396,446,277
126,4200,16,0.5016980767250061,0.512191891670227,-0.1281057447195053,0.9436023831367493,481,276
126,4200,17,0.4661562740802765,0.535307765007019,0.08140148967504501,0.12603820860385895,447,289
126,4200,18,0.5081449747085571,0.5351380705833435,-0.14668171107769012,0.9157264828681946,487,288
126,4200,19,0.4710775315761566,0.5304244756698608,0.06247010454535484,0.13400804996490479,452,286
126,4200,20,0.5121872425079346,0.533237636089325,-0.14075373113155365,0.9099504351615906,491,287
126,4200,21,0.4705716669559479,0.5306002497673035,0.06995037198066711,0.12954315543174744,451,286
126,4200,22,0.509711742401123,0.5252516865730286,-0.12496856600046158,0.8695439100265503,489,283
126,4200,23,0.4508327841758728,0.5145947337150574,0.05565593019127846,0.9999492168426514,432,277
126,4200,24,0.4675757586956024,0.5139424800872803,-0.05580480396747589,0.9999801516532898,448,277
126,4200,25,0.4491910934448242,0.6336898803710938,0.12255321443080902,0.5567523837089539,431,342
126,4200,26,0.4973999559879303,0.627464771270752,0.013575153425335884,0.939201295375824,477,338
126,4200,27,0.4350411295890808,0.7571520805358887,0.16533009707927704,0.75240558385849,417,408
126,4200,28,0.5131878852844238,0.7526218891143799,0.0625373050570488,0.9788881540298462,492,406
126,4200,29,0.4238395094871521,0.7797756791114807,0.16638875007629395,0.7720339894294739,406,421
126,4200,30,0.5102567076683044,0.7785236239433289,0.0658157616853714,0.9083941578865051,489,420
126,4200,31,0.4521099925041199,0.7820146679878235,0.14671871066093445,0.8062736988067627,434,422
126,4200,32,0.5426781177520752,0.7538648247718811,0.035130035132169724,0.9572598338127136,520,407
127,4233,0,0.47703924775123596,0.27357399463653564,-0.037751954048871994,0.9990209937095642,457,147
127,4233,1,0.47509148716926575,0.26315954327583313,-0.035357892513275146,0.9984511137008667,456,142
127,4233,2,0.47338324785232544,0.26255425810813904,-0.03548547998070717,0.9982078075408936,454,141
127,4233,3,0.4715581238269806,0.2620656490325928,-0.03543626517057419,0.9986199140548706,452,141
127,4233,4,0.4788745939731598,0.26433321833610535,-0.051568012684583664,0.9990966320037842,459,142
127,4233,5,0.4800569713115692,0.26451575756073,-0.051767829805612564,0.9993742108345032,460,142
127,4233,6,0.48131614923477173,0.2647416591644287,-0.05185055360198021,0.9995546340942383,462,142
127,4233,7,0.46522969007492065,0.2657710015773773,-0.01578761264681816,0.9989632368087769,446,143
127,4233,8,0.4795980453491211,0.2702878415584564,-0.08551831543445587,0.9992236495018005,460,145
127,4233,9,0.4733631908893585,0.282999187707901,-0.025630684569478035,0.9981874823570251,454,152
127,4233,10,0.47682368755340576,0.28488197922706604,-0.0480242595076561,0.9988982081413269,457,153
127,4233,11,0.4504753649234772,0.33226075768470764,0.04988919571042061,0.999685525894165,432,179
127,4233,12,0.4673350155353546,0.33653396368026733,-0.12468583881855011,0.9999677538871765,448,181
127,4233,13,0.45088326930999756,0.43322718143463135,0.09068729728460312,0.06372030079364777,432,233
127,4233,14,0.47653278708457947,0.4384501278400421,-0.143511563539505,0.9856392741203308,457,236
127,4233,15,0.46853142976760864,0.517083466053009,0.07009319961071014,0.09182944148778915,449,279
127,4233,16,0.5021065473556519,0.511935830116272,-0.11980392783880234,0.9489911198616028,482,276
127,4233,17,0.47049078345298767,0.5352662801742554,0.0728929340839386,0.11685260385274887,451,289
127,4233,18,0.5090988874435425,0.5346050262451172,-0.137547105550766,0.9237000942230225,488,288
127,4233,19,0.47467249631881714,0.5295504331588745,0.05393051728606224,0.12406487762928009,455,285
127,4233,20,0.5142558813095093,0.5325555801391602,-0.1324443221092224,0.9184306263923645,493,287
127,4233,21,0.4744282066822052,0.5303817987442017,0.06227906420826912,0.12001018226146698,455,286
127,4233,22,0.5105737447738647,0.5240042209625244,-0.116873599588871,0.8815284967422485,490,282
127,4233,23,0.45223620533943176,0.5146369338035583,0.05526804178953171,0.9999489188194275,434,277
127,4233,24,0.46818602085113525,0.5141323208808899,-0.05543261766433716,0.9999805688858032,449,277
127,4233,25,0.44546088576316833,0.634948194026947,0.13214001059532166,0.5780699849128723,427,342
127,4233,26,0.499531090259552,0.6265673041343689,0.020410900935530663,0.9414797425270081,479,338
127,4233,27,0.43476876616477966,0.7572731375694275,0.18333005905151367,0.7725854516029358,417,408
127,4233,28,0.5154239535331726,0.7514327168464661,0.0814693346619606,0.980130136013031,494,405
127,4233,29,0.42289307713508606,0.7788635492324829,0.18580682575702667,0.7911979556083679,405,420
127,4233,30,0.512715220451355,0.7776259183883667,0.08592353761196136,0.9158222079277039,492,419
127,4233,31,0.44923439621925354,0.7804948091506958,0.16532786190509796,0.8173941373825073,431,421
127,4233,32,0.544470489025116,0.749823272228241,0.05800918489694595,0.9572908282279968,522,404
128,4266,0,0.4816594421863556,0.2768911123275757,-0.03103690780699253,0.9990326762199402,462,149
128,4266,1,0.48029905557632446,0.2669288218021393,-0.027050834149122238,0.9984607100486755,461,144
128,4266,2,0.47879132628440857,0.26630648970603943,-0.027175968512892723,0.9982273578643799,459,143
128,4266,3,0.47716304659843445,0.2657659351825714,-0.0271247960627079,0.9986143112182617,458,143
128,4266,4,0.48394575715065,0.2678678631782532,-0.04393177852034569,0.9991142749786377,464,144
128,4266,5,0.48525792360305786,0.26789113879203796,-0.04413880407810211,0.9993955492973328,465,144
128,4266,6,0.4866701066493988,0.2679353654384613,-0.04422440752387047,0.9995687007904053,467,144
128,4266,7,0.47219303250312805,0.27059122920036316,-0.0035570247564464808,0.9989585876464844,453,146
128,4266,8,0.48637065291404724,0.27367913722991943,-0.0781175047159195,0.9992566108703613,466,147
128,4266,9,0.47898706793785095,0.28594696521759033,-0.01748770661652088,0.9981808066368103,459,154
128,4266,10,0.482171893119812,0.2875674068927765,-0.04060427099466324,0.998906135559082,462,155
128,4266,11,0.457398384809494,0.3350512385368347,0.06541979312896729,0.9996512532234192,439,180
128,4266,12,0.4753154218196869,0.3393479883670807,-0.12046989798545837,0.9999682307243347,456,183
128,4266,13,0.46275952458381653,0.4392034411430359,0.10031727701425552,0.06067914888262749,444,237
128,4266,14,0.4866476058959961,0.43878987431526184,-0.13968424499034882,0.9867860078811646,467,236
128,4266,15,0.4814961850643158,0.520763099193573,0.07441428303718567,0.08403083682060242,462,281
128,4266,16,0.5192967653274536,0.5106815099716187,-0.11856992542743683,0.9538435935974121,498,275
128,4266,17,0.4831061363220215,0.5369170308113098,0.07694374769926071,0.10810695588588715,463,289
128,4266,18,0.5264480113983154,0.5336161255836487,-0.13746459782123566,0.9309078454971313,505,288
128,4266,19,0.48606714606285095,0.5314239859580994,0.057018399238586426,0.11466440558433533,466,286
128,4266,20,0.531510591506958,0.530581533908844,-0.13127587735652924,0.926089882850647,510,286
128,4266,21,0.4869406819343567,0.5322999954223633,0.06609415262937546,0.11099490523338318,467,287
128,4266,22,0.5281423330307007,0.5227700471878052,-0.1152164414525032,0.8923581838607788,507,282
128,4266,23,0.45693913102149963,0.5174956917762756,0.05548153817653656,0.9999493956565857,438,279
128,4266,24,0.47389352321624756,0.5173645615577698,-0.05564448609948158,0.9999810457229614,454,279
128,4266,25,0.4472206234931946,0.6379977464675903,0.12826697528362274,0.5999860167503357,429,344
128,4266,26,0.505909264087677,0.6277247667312622,0.013253207318484783,0.9448729157447815,485,338
128,4266,27,0.43330928683280945,0.7615954279899597,0.14934000372886658,0.79055255651474,415,411
128,4266,28,0.5304965376853943,0.7506664991378784,0.06790580600500107,0.9815096855163574,509,405
128,4266,29,0.42220908403396606,0.7835642695426941,0.1502496302127838,0.8087024688720703,405,423
128,4266,30,0.5296785235404968,0.7768356800079346,0.07175716012716293,0.9232582449913025,508,419
128,4266,31,0.45105892419815063,0.7839321494102478,0.1318502426147461,0.8288145661354065,433,423
128,4266,32,0.5592573285102844,0.7425159811973572,0.042999908328056335,0.9589330554008484,536,400
129,4300,0,0.4844573736190796,0.2780609130859375,-0.029897762462496758,0.998995304107666,465,150
129,4300,1,0.48236697912216187,0.26798388361930847,-0.02766372449696064,0.9983954429626465,463,144
129,4300,2,0.48049575090408325,0.26735663414001465,-0.02779293805360794,0.998142659664154,461,144
129,4300,3,0.4786199927330017,0.2668069899082184,-0.02774590440094471,0.9985346794128418,459,144
129,4300,4,0.48633596301078796,0.26935210824012756,-0.044631700962781906,0.9990960955619812,466,145
129,4300,5,0.48759377002716064,0.2696568965911865,-0.04483829438686371,0.9993903636932373,468,145
129,4300,6,0.48895615339279175,0.2699696123600006,-0.044925395399332047,0.9995679259300232,469,145
129,4300,7,0.47325488924980164,0.27087968587875366,-0.0072295088320970535,0.9989016652107239,454,146
129,4300,8,0.48821642994880676,0.2751203775405884,-0.0810570940375328,0.9992722868919373,468,148
129,4300,9,0.48073822259902954,0.28700581192970276,-0.01817931979894638,0.9981323480606079,461,154
129,4300,10,0.4844927191734314,0.28908324241638184,-0.041437599807977676,0.9988937377929688,465,156
129,4300,11,0.4593629539012909,0.33592933416366577,0.06235511600971222,0.9996215105056763,440,181
129,4300,12,0.4762318730354309,0.3410138189792633,-0.13021232187747955,0.9999683499336243,457,184
129,4300,13,0.4618287980556488,0.43873077630996704,0.09738665074110031,0.057375408709049225,443,236
129,4300,14,0.4885033965110779,0.4396904408931732,-0.14772824943065643,0.9877851605415344,468,237
129,4300,15,0.4775945544242859,0.5133125185966492,0.07113934308290482,0.07631134986877441,458,277
129,4300,16,0.5203044414520264,0.510715901851654,-0.12305733561515808,0.9581155180931091,499,275
129,4300,17,0.47903478145599365,0.5370724201202393,0.07372666895389557,0.0986819788813591,459,290
129,4300,18,0.5272670388221741,0.5338711738586426,-0.14172598719596863,0.9371367692947388,506,288
129,4300,19,0.4824180006980896,0.5341066122055054,0.05458571016788483,0.10455390065908432,463,288
129,4300,20,0.5313579440116882,0.5302315950393677,-0.1356290876865387,0.9326751828193665,510,286
129,4300,21,0.48321810364723206,0.532027006149292,0.0631219670176506,0.10124669224023819,463,287
129,4300,22,0.5281555652618408,0.5224704146385193,-0.11971625685691833,0.9013887643814087,507,282
129,4300,23,0.4592342972755432,0.5200797319412231,0.0556383915245533,0.9999507665634155,440,280
129,4300,24,0.4763927459716797,0.5196903347969055,-0.055817119777202606,0.9999818205833435,457,280
129,4300,25,0.44795718789100647,0.6412273645401001,0.13109584152698517,0.6234829425811768,430,346
129,4300,26,0.5068408250808716,0.6282265782356262,0.023947156965732574,0.9466419219970703,486,339
129,4300,27,0.432424396276474,0.7640096545219421,0.1729443520307541,0.8079507946968079,415,412
129,4300,28,0.5318159461021423,0.7500986456871033,0.08933337777853012,0.982322096824646,510,405
129,4300,29,0.42150023579597473,0.7857056856155396,0.1749466061592102,0.8252087831497192,404,424
129,4300,30,0.5311000347137451,0.7755096554756165,0.09439662843942642,0.9293209314346313,509,418
129,4300,31,0.45131832361221313,0.7874097228050232,0.15664008259773254,0.8385804295539856,433,425
129,4300,32,0.5627683997154236,0.7425965070724487,0.07113383710384369,0.9577794671058655,540,401
130,4333,0,0.4908185303211212,0.2799091041088104,-0.030612323433160782,0.998995304107666,471,151
130,4333,1,0.4893186688423157,0.26992255449295044,-0.02670488879084587,0.9983953833580017,469,145
130,4333,2,0.48765724897384644,0.26940131187438965,-0.026830069720745087,0.9981480240821838,468,145
130,4333,3,0.4858960807323456,0.26891785860061646,-0.026777738705277443,0.9985317587852478,466,145
130,4333,4,0.4932915270328522,0.2709181010723114,-0.04478468373417854,0.9991021752357483,473,146
130,4333,5,0.4946492612361908,0.2710621953010559,-0.04499247297644615,0.9994003772735596,474,146
130,4333,6,0.4960533678531647,0.27116668224334717,-0.04508240148425102,0.999574601650238,476,146
130,4333,7,0.4812141954898834,0.2735731303691864,-0.0016317397821694613,0.998891294002533,461,147
130,4333,8,0.4958232641220093,0.27681779861450195,-0.08181766420602798,0.9992856979370117,475,149
130,4333,9,0.4881031811237335,0.28907978534698486,-0.016708968207240105,0.9981082677841187,468,156
130,4333,10,0.49146097898483276,0.2907671630382538,-0.041414353996515274,0.9988738298416138,471,157
130,4333,11,0.4680556356906891,0.3389301002025604,0.07241983711719513,0.9995895028114319,449,183
130,4333,12,0.48553258180618286,0.34165459871292114,-0.12978218495845795,0.9999660849571228,466,184
130,4333,13,0.47335001826286316,0.438273161649704,0.10793120414018631,0.05556938052177429,454,236
130,4333,14,0.4983076751232147,0.44078418612480164,-0.14789120852947235,0.988594651222229,478,238
130,4333,15,0.49000510573387146,0.5149939060211182,0.07473092526197433,0.06999698281288147,470,278
130,4333,16,0.531494677066803,0.5093587636947632,-0.12269947677850723,0.9614134430885315,510,275
130,4333,17,0.49022674560546875,0.5363176465034485,0.07673486322164536,0.0912441685795784,470,289
130,4333,18,0.5394909381866455,0.5314216017723083,-0.1421603262424469,0.9417818784713745,517,286
130,4333,19,0.4934805631637573,0.5340033769607544,0.056686777621507645,0.0965154618024826,473,288
130,4333,20,0.5434688329696655,0.5278415679931641,-0.13501876592636108,0.9374419450759888,521,285
130,4333,21,0.4945116341114044,0.5307134389877319,0.06616758555173874,0.09349402040243149,474,286
130,4333,22,0.5401619672775269,0.5205487012863159,-0.11880242824554443,0.9072517156600952,518,281
130,4333,23,0.4651964008808136,0.5225315093994141,0.05838422104716301,0.9999518990516663,446,282
130,4333,24,0.4832111597061157,0.521943211555481,-0.058560021221637726,0.9999821782112122,463,281
130,4333,25,0.4522186517715454,0.6433093547821045,0.12316406518220901,0.645875871181488,434,347
130,4333,26,0.5151363015174866,0.6287320256233215,0.01858961395919323,0.9496324062347412,494,339
130,4333,27,0.4325884282588959,0.7642713785171509,0.1684006303548813,0.8237605690956116,415,412
130,4333,28,0.5428915023803711,0.7501036524772644,0.07790862023830414,0.9834665656089783,521,405
130,4333,29,0.4213143587112427,0.7870367765426636,0.16880947351455688,0.8400734066963196,404,424
130,4333,30,0.5424733757972717,0.7755675911903381,0.08219008892774582,0.935356855392456,520,418
130,4333,31,0.4524788558483124,0.7893752455711365,0.1462358683347702,0.848806619644165,434,426
130,4333,32,0.5732418894767761,0.7415905594825745,0.05332382395863533,0.9590080380439758,550,400
131,4366,0,0.49313265085220337,0.2804497480392456,-0.032780103385448456,0.9989123344421387,473,151
131,4366,1,0.49078112840652466,0.270140141248703,-0.028168099001049995,0.9982834458351135,471,145
131,4366,2,0.48888322710990906,0.26958274841308594,-0.028299210593104362,0.9979896545410156,469,145
131,4366,3,0.48696663975715637,0.2690971791744232,-0.028245044872164726,0.9984127879142761,467,145
131,4366,4,0.4950200319290161,0.27149635553359985,-0.04626046493649483,0.9990590810775757,475,146
131,4366,5,0.4963865578174591,0.27183297276496887,-0.04646456614136696,0.9993734955787659,476,146
131,4366,6,0.4978055953979492,0.2721296548843384,-0.046548500657081604,0.9995638728141785,477,146
131,4366,7,0.4820183515548706,0.27339503169059753,-0.009997240267693996,0.9987872838973999,462,147
131,4366,8,0.49726614356040955,0.2773686647415161,-0.08824070543050766,0.9992743730545044,477,149
131,4366,9,0.48965638875961304,0.289711058139801,-0.01737852953374386,0.9979887008666992,470,156
131,4366,10,0.4937061667442322,0.29189056158065796,-0.04232177510857582,0.9988184571266174,473,157
131,4366,11,0.4693523049354553,0.33913806080818176,0.06598640978336334,0.9995339512825012,450,183
131,4366,12,0.4861548840999603,0.34312936663627625,-0.13807839155197144,0.9999650120735168,466,185
131,4366,13,0.47315746545791626,0.43807855248451233,0.10260710120201111,0.052110083401203156,454,236
131,4366,14,0.5002310276031494,0.44171833992004395,-0.15892811119556427,0.9892545342445374,480,238
131,4366,15,0.48635122179985046,0.5102380514144897,0.0783599391579628,0.0634835883975029,466,275
131,4366,16,0.5345056056976318,0.5096870064735413,-0.1311025470495224,0.9645708203315735,513,275
131,4366,17,0.48855912685394287,0.5357185006141663,0.08137466013431549,0.08310863375663757,469,289
131,4366,18,0.542535126209259,0.5318875312805176,-0.15114347636699677,0.9461925029754639,520,287
131,4366,19,0.49187755584716797,0.5339210033416748,0.06231685355305672,0.08782477676868439,472,288
131,4366,20,0.5464264154434204,0.5280989408493042,-0.14251618087291718,0.9419978260993958,524,285
131,4366,21,0.49268001317977905,0.5292164087295532,0.0704323872923851,0.08510933071374893,472,285
131,4366,22,0.5424683094024658,0.5208022594451904,-0.12616246938705444,0.912853479385376,520,281
131,4366,23,0.4674293100833893,0.5223330855369568,0.0587618350982666,0.9999533295631409,448,282
131,4366,24,0.48518866300582886,0.5222744941711426,-0.0589413121342659,0.9999828338623047,465,282
131,4366,25,0.4536430537700653,0.6431074142456055,0.13535432517528534,0.663482666015625,435,347
131,4366,26,0.5150161981582642,0.630149245262146,0.02697301097214222,0.9496822357177734,494,340
131,4366,27,0.43219178915023804,0.7632840275764465,0.18256372213363647,0.8371836543083191,414,412
131,4366,28,0.5441545248031616,0.7498942613601685,0.09606047719717026,0.9836834073066711,522,404
131,4366,29,0.4210436940193176,0.7852551341056824,0.18453845381736755,0.8528245687484741,404,424
131,4366,30,0.5441005825996399,0.7756212949752808,0.1013263687491417,0.9396647810935974,522,418
131,4366,31,0.45260000228881836,0.7901135087013245,0.16228672862052917,0.854388952255249,434,426
131,4366,32,0.5751276612281799,0.7421301603317261,0.07485619932413101,0.9555308818817139,552,400
132,4400,0,0.49814537167549133,0.28095701336860657,-0.02882193587720394,0.9989692568778992,478,151
132,4400,1,0.49637553095817566,0.270532488822937,-0.023967795073986053,0.9983410835266113,476,146
132,4400,2,0.49461185932159424,0.26998305320739746,-0.02409021183848381,0.9980582594871521,474,145
132,4400,3,0.4926719069480896,0.26949745416641235,-0.02401231974363327,0.9984501600265503,472,145
132,4400,4,0.5008060932159424,0.2719222605228424,-0.04259585961699486,0.9990936517715454,480,146
132,4400,5,0.5019593238830566,0.27223339676856995,-0.04279010742902756,0.9994005560874939,481,147
132,4400,6,0.5032438039779663,0.27249881625175476,-0.04287001118063927,0.9995800852775574,483,147
132,4400,7,0.4884418547153473,0.2750740349292755,0.0017387542175129056,0.9988055229187012,468,148
132,4400,8,0.5048965811729431,0.27920103073120117,-0.08228623867034912,0.9993097186088562,484,150
132,4400,9,0.49514713883399963,0.2909112572669983,-0.014116916805505753,0.99803626537323,475,157
132,4400,10,0.4988920986652374,0.2930496335029602,-0.039705537259578705,0.9988545775413513,478,158
132,4400,11,0.47977349162101746,0.3426828980445862,0.06991887837648392,0.9995441436767578,460,185
132,4400,12,0.49327242374420166,0.3469902575016022,-0.13644176721572876,0.9999667406082153,473,187
132,4400,13,0.4816737174987793,0.4411057233810425,0.103273905813694,0.048961032181978226,462,238
132,4400,14,0.512036919593811,0.44491496682167053,-0.14707200229167938,0.990237295627594,491,240
132,4400,15,0.4932335317134857,0.52312171459198,0.07565797120332718,0.058500371873378754,473,282
132,4400,16,0.5451993942260742,0.5096542239189148,-0.10371438413858414,0.9675745368003845,523,275
132,4400,17,0.4932466745376587,0.541354775428772,0.07808693498373032,0.07711035013198853,473,292
132,4400,18,0.5527298450469971,0.5300877094268799,-0.12208914756774902,0.9502902030944824,530,286
132,4400,19,0.49641796946525574,0.53585284948349,0.058663249015808105,0.08132445067167282,476,289
132,4400,20,0.5556954741477966,0.526235818862915,-0.11452234536409378,0.9463564157485962,533,284
132,4400,21,0.4976063370704651,0.5341595411300659,0.06748242676258087,0.07871140539646149,477,288
132,4400,22,0.5528028607368469,0.5192304253578186,-0.09991679340600967,0.9183749556541443,530,280
132,4400,23,0.48252084851264954,0.5254610180854797,0.060292746871709824,0.99995356798172,463,283
132,4400,24,0.48492321372032166,0.5257167816162109,-0.06042533740401268,0.9999828934669495,465,283
132,4400,25,0.5208732485771179,0.6387410759925842,0.09473000466823578,0.6859698295593262,500,344
132,4400,26,0.47093603014945984,0.6400827169418335,-0.007864594459533691,0.9543618559837341,452,345
132,4400,27,0.5450537204742432,0.7616495490074158,0.14217063784599304,0.852368175983429,523,411
132,4400,28,0.43878307938575745,0.7544676065444946,0.04414665326476097,0.9851662516593933,421,407
132,4400,29,0.543674647808075,0.7847610116004944,0.14286473393440247,0.8656851053237915,521,423
132,4400,30,0.42654410004615784,0.7760549187660217,0.047187041491270065,0.9436925649642944,409,419
132,4400,31,0.5722801089286804,0.7578145265579224,0.09330464154481888,0.8679428696632385,549,409
132,4400,32,0.4637485146522522,0.7872753739356995,-0.007952493615448475,0.9596238732337952,445,425
133,4433,0,0.5010205507278442,0.2809866666793823,-0.027707992121577263,0.9990366101264954,480,151
133,4433,1,0.4986627399921417,0.27045899629592896,-0.023688461631536484,0.9984323978424072,478,146
133,4433,2,0.49673858284950256,0.2699127197265625,-0.023812031373381615,0.9981539249420166,476,145
133,4433,3,0.4948279559612274,0.26943495869636536,-0.023729199543595314,0.9985190033912659,475,145
133,4433,4,0.5029170513153076,0.27179986238479614,-0.04223626106977463,0.9991476535797119,482,146
133,4433,5,0.5041404366493225,0.2721104323863983,-0.04242751747369766,0.99943608045578,483,146
133,4433,6,0.5053593516349792,0.2723710238933563,-0.04250367358326912,0.9996047616004944,485,147
133,4433,7,0.4899468421936035,0.2747053802013397,0.0008983033476397395,0.9988505244255066,470,148
133,4433,8,0.505070686340332,0.2787104547023773,-0.08286497741937637,0.9993559122085571,484,150
133,4433,9,0.4971703886985779,0.291081041097641,-0.013965612277388573,0.9981411099433899,477,157
133,4433,10,0.5009693503379822,0.29317936301231384,-0.039566490799188614,0.9989257454872131,480,158
133,4433,11,0.48133328557014465,0.34239980578422546,0.06821436434984207,0.9995698928833008,462,184
133,4433,12,0.4937041103839874,0.34746837615966797,-0.1380470097064972,0.9999693036079407,473,187
133,4433,13,0.4812910258769989,0.44098570942878723,0.10400015860795975,0.04526020959019661,462,238
133,4433,14,0.5124162435531616,0.44511058926582336,-0.15005633234977722,0.9911264777183533,491,240
133,4433,15,0.490252286195755,0.5229895114898682,0.0808723047375679,0.05335128307342529,470,282
133,4433,16,0.5465366244316101,0.5096617341041565,-0.1082846149802208,0.9703628420829773,524,275
133,4433,17,0.49051496386528015,0.5416353940963745,0.08398489654064178,0.0706385150551796,470,292
133,4433,18,0.5550774931907654,0.5298666954040527,-0.1266290545463562,0.9539912343025208,532,286
133,4433,19,0.49516433477401733,0.5391131043434143,0.06514660269021988,0.07436471432447433,475,291
133,4433,20,0.5582407712936401,0.5258055925369263,-0.11934367567300797,0.9502686262130737,535,283
133,4433,21,0.49684277176856995,0.5369155406951904,0.07306578010320663,0.07192884385585785,476,289
133,4433,22,0.554946780204773,0.5192203521728516,-0.10455138981342316,0.9230523705482483,532,280
133,4433,23,0.4860619902610779,0.5263381004333496,0.06274639070034027,0.9999562501907349,466,284
133,4433,24,0.48643797636032104,0.5266349911689758,-0.06288070976734161,0.9999839067459106,466,284
133,4433,25,0.5229951739311218,0.6386684775352478,0.11901846528053284,0.7067028284072876,502,344
133,4433,26,0.4655705392360687,0.6424638032913208,-0.0034540107008069754,0.9584671854972839,446,346
133,4433,27,0.54868084192276,0.7603060007095337,0.19131802022457123,0.8660460114479065,526,410
133,4433,28,0.43297842144966125,0.7553900480270386,0.05050797387957573,0.9864407181739807,415,407
133,4433,29,0.5489272475242615,0.7855909466743469,0.19428488612174988,0.8771141767501831,526,424
133,4433,30,0.4201570153236389,0.7761203646659851,0.05410529673099518,0.9459846019744873,403,419
133,4433,31,0.578458845615387,0.751668393611908,0.1453518271446228,0.8798247575759888,555,405
133,4433,32,0.45799559354782104,0.7937906980514526,0.005652306135743856,0.9631065726280212,439,428
134,4466,0,0.5078244805335999,0.2815108001232147,-0.041219018399715424,0.9990221261978149,487,152
134,4466,1,0.5061541795730591,0.2712348699569702,-0.03600761666893959,0.9984515905380249,485,146
134,4466,2,0.5045827627182007,0.27089813351631165,-0.03614521026611328,0.9981805086135864,484,146
134,4466,3,0.5029383897781372,0.270588755607605,-0.03608345985412598,0.9985438585281372,482,146
134,4466,4,0.5100525617599487,0.27203667163848877,-0.054749198257923126,0.999154269695282,489,146
134,4466,5,0.5114700794219971,0.2721802294254303,-0.05495142191648483,0.999442458152771,491,146
134,4466,6,0.5129780173301697,0.2722720205783844,-0.05504141002893448,0.9996081590652466,492,147
134,4466,7,0.49888068437576294,0.276173859834671,-0.005754642188549042,0.9988613128662109,478,149
134,4466,8,0.5133044123649597,0.2783656120300293,-0.09010634571313858,0.9993534684181213,492,150
134,4466,9,0.505450963973999,0.29172176122665405,-0.025279581546783447,0.9980767965316772,485,157
134,4466,10,0.5088115334510803,0.29338568449020386,-0.050885606557130814,0.9988596439361572,488,158
134,4466,11,0.4881621301174164,0.3439428210258484,0.06697595119476318,0.999519944190979,468,185
134,4466,12,0.5046646595001221,0.34929153323173523,-0.13882800936698914,0.9999629855155945,484,188
134,4466,13,0.4936404526233673,0.4406558573246002,0.10253243893384933,0.04316125437617302,473,237
134,4466,14,0.5238555073738098,0.4468710422515869,-0.15515781939029694,0.9914559721946716,502,241
134,4466,15,0.503985583782196,0.516376793384552,0.07899435609579086,0.04871097207069397,483,278
134,4466,16,0.5565450191497803,0.5096068978309631,-0.11167430877685547,0.9716364741325378,534,275
134,4466,17,0.510998547077179,0.538989782333374,0.08136630058288574,0.06486057490110397,490,291
134,4466,18,0.5646908283233643,0.5290488600730896,-0.13090287148952484,0.9555073380470276,542,285
134,4466,19,0.5142309665679932,0.5384503602981567,0.06258838623762131,0.06817577034235,493,290
134,4466,20,0.5686779022216797,0.5243196487426758,-0.12181058526039124,0.9515180587768555,545,283
134,4466,21,0.5150687098503113,0.5339416861534119,0.07127966731786728,0.06603647023439407,494,288
134,4466,22,0.565264880657196,0.5182561874389648,-0.10490535944700241,0.923581600189209,542,279
134,4466,23,0.4874524772167206,0.5267207026481628,0.06243174150586128,0.999958872795105,467,284
134,4466,24,0.5011209845542908,0.5266745090484619,-0.06256958842277527,0.999984860420227,481,284
134,4466,25,0.49520835280418396,0.6418930888175964,0.12582936882972717,0.7213994264602661,475,346
134,4466,26,0.5267195701599121,0.6399010419845581,0.025001227855682373,0.9603756070137024,505,345
134,4466,27,0.44971269369125366,0.7595739960670471,0.18659822642803192,0.8768230676651001,431,410
134,4466,28,0.5440115332603455,0.7556173801422119,0.08756674826145172,0.9874951243400574,522,408
134,4466,29,0.43546757102012634,0.7788916826248169,0.19000032544136047,0.887317419052124,418,420
134,4466,30,0.5410648584365845,0.7786494493484497,0.09227534383535385,0.9507113695144653,519,420
134,4466,31,0.4667661488056183,0.7840832471847534,0.16356202960014343,0.8874295353889465,448,423
134,4466,32,0.5763627290725708,0.7737048268318176,0.061254892498254776,0.9653490781784058,553,417
135,4500,0,0.5107619166374207,0.2827918827533722,-0.04972988739609718,0.9989225268363953,490,152
135,4500,1,0.50823575258255,0.27238890528678894,-0.045972634106874466,0.9983219504356384,487,147
135,4500,2,0.5064868330955505,0.2719189524650574,-0.0461040623486042,0.9980369806289673,486,146
135,4500,3,0.5047752857208252,0.27146559953689575,-0.046046219766139984,0.998404324054718,484,146
135,4500,4,0.5123021602630615,0.27359429001808167,-0.06364306062459946,0.9990955591201782,491,147
135,4500,5,0.5136170983314514,0.27384844422340393,-0.06385232508182526,0.9994139671325684,493,147
135,4500,6,0.5149617791175842,0.27399322390556335,-0.06394925713539124,0.9995875954627991,494,147
135,4500,7,0.5001504421234131,0.27644768357276917,-0.018576592206954956,0.9987515211105347,480,149
135,4500,8,0.5146001577377319,0.27937471866607666,-0.09816166758537292,0.9993327260017395,494,150
135,4500,9,0.5076901912689209,0.29316356778144836,-0.03448706865310669,0.9978410005569458,487,158
135,4500,10,0.5108107328414917,0.29485687613487244,-0.05871975049376488,0.99873948097229,490,159
135,4500,11,0.48893967270851135,0.3439864218235016,0.057652685791254044,0.9994276762008667,469,185
135,4500,12,0.5053486227989197,0.3511650264263153,-0.14185789227485657,0.9999598264694214,485,189
135,4500,13,0.4923033118247986,0.4403601884841919,0.08973812311887741,0.040468402206897736,472,237
135,4500,14,0.523806631565094,0.448082834482193,-0.15584512054920197,0.9919093251228333,502,241
135,4500,15,0.5076248645782471,0.5161775350570679,0.05856328830122948,0.04418087378144264,487,278
135,4500,16,0.5574541687965393,0.5089755058288574,-0.11545819789171219,0.9736858606338501,535,274
135,4500,17,0.5082733631134033,0.5336284637451172,0.05997653305530548,0.059084974229335785,487,288
135,4500,18,0.5655146241188049,0.528829038143158,-0.13443297147750854,0.9583978056907654,542,285
135,4500,19,0.5111792683601379,0.5335362553596497,0.041390109807252884,0.062031082808971405,490,288
135,4500,20,0.5694907903671265,0.5242266058921814,-0.12681789696216583,0.9545043110847473,546,283
135,4500,21,0.5123668909072876,0.527256190776825,0.05064055696129799,0.060135889798402786,491,284
135,4500,22,0.5663115978240967,0.5179629921913147,-0.11046218872070312,0.9273454546928406,543,279
135,4500,23,0.48848915100097656,0.5264151692390442,0.062403298914432526,0.9999598860740662,468,284
135,4500,24,0.5025116205215454,0.5265287756919861,-0.06254331022500992,0.9999855160713196,482,284
135,4500,25,0.48315998911857605,0.6432472467422485,0.13649867475032806,0.7340523600578308,463,347
135,4500,26,0.5327054262161255,0.6365435123443604,0.024343306198716164,0.9622501730918884,511,343
135,4500,27,0.43965402245521545,0.7587762475013733,0.19691318273544312,0.8865900039672852,422,409
135,4500,28,0.5505841374397278,0.7556195855140686,0.0870700255036354,0.9883906841278076,528,408
135,4500,29,0.4254027009010315,0.7780998349189758,0.20067213475704193,0.8964664340019226,408,420
135,4500,30,0.5473303198814392,0.7792110443115234,0.09180978685617447,0.9548358917236328,525,420
135,4500,31,0.45938369631767273,0.7901749014854431,0.17813971638679504,0.8936755657196045,441,426
135,4500,32,0.5808354616165161,0.7668378353118896,0.061298444867134094,0.9669751524925232,557,414
136,4533,0,0.5164152383804321,0.28345391154289246,-0.04496190696954727,0.9988710284233093,495,153
136,4533,1,0.5142433047294617,0.27296245098114014,-0.040931832045316696,0.9982436299324036,493,147
136,4533,2,0.5125101804733276,0.27251750230789185,-0.041029445827007294,0.9979661107063293,492,147
136,4533,3,0.5106666684150696,0.27211233973503113,-0.040978893637657166,0.9983358979225159,490,146
136,4533,4,0.5187874436378479,0.274051308631897,-0.05884920805692673,0.9990612268447876,498,147
136,4533,5,0.5203232765197754,0.2742519676685333,-0.05904988572001457,0.9993985295295715,499,148
136,4533,6,0.5219743847846985,0.2743520736694336,-0.05914529785513878,0.9995749592781067,501,148
136,4533,7,0.5069814920425415,0.277533620595932,-0.015093380585312843,0.9987078905105591,486,149
136,4533,8,0.5230295062065125,0.27983731031417847,-0.0952075645327568,0.9993212819099426,502,151
136,4533,9,0.5138967037200928,0.2935434579849243,-0.030733108520507812,0.9977579712867737,493,158
136,4533,10,0.5176899433135986,0.29532477259635925,-0.055054791271686554,0.9986820220947266,496,159
136,4533,11,0.4979409873485565,0.34594571590423584,0.05938487872481346,0.9994015693664551,478,186
136,4533,12,0.5139200091362,0.35139498114585876,-0.14026756584644318,0.999955952167511,493,189
136,4533,13,0.5020291209220886,0.4403308928012848,0.09043864905834198,0.04011126980185509,481,237
136,4533,14,0.5322794318199158,0.44860219955444336,-0.15243007242679596,0.9919279217720032,510,242
136,4533,15,0.5200955867767334,0.5160298943519592,0.0522172637283802,0.04102461785078049,499,278
136,4533,16,0.5643561482429504,0.5082263350486755,-0.1164514496922493,0.9750257730484009,541,274
136,4533,17,0.5208743810653687,0.5321781635284424,0.05299801379442215,0.055602528154850006,500,287
136,4533,18,0.5723536014556885,0.5269427299499512,-0.13555358350276947,0.9603270888328552,549,284
136,4533,19,0.5235218405723572,0.5318461060523987,0.0335092693567276,0.058208342641592026,502,287
136,4533,20,0.5756803750991821,0.5223629474639893,-0.12809379398822784,0.9563713073730469,552,282
136,4533,21,0.5243096947669983,0.525494396686554,0.043695371598005295,0.056477561593055725,503,283
136,4533,22,0.5721625685691833,0.5162099003791809,-0.1121453121304512,0.9293440580368042,549,278
136,4533,23,0.49665844440460205,0.5264050960540771,0.06219654902815819,0.9999583959579468,476,284
136,4533,24,0.5085994005203247,0.5266900658607483,-0.06234053149819374,0.9999849796295166,488,284
136,4533,25,0.484762042760849,0.6449134945869446,0.11444386094808578,0.7447752952575684,465,348
136,4533,26,0.5367242097854614,0.6345230937004089,-0.0111311636865139,0.9643890857696533,515,342
136,4533,27,0.44412702322006226,0.7605506777763367,0.15395686030387878,0.8947332501411438,426,410
136,4533,28,0.5504094958305359,0.7565281391143799,0.04836447164416313,0.9891493916511536,528,408
136,4533,29,0.42949947714805603,0.7713602185249329,0.15537485480308533,0.9027916193008423,412,416
136,4533,30,0.543670117855072,0.7817187309265137,0.05291983112692833,0.9578627943992615,521,422
136,4533,31,0.4605427086353302,0.7933911681175232,0.12322165071964264,0.899391233921051,442,428
136,4533,32,0.5642069578170776,0.7876241207122803,0.017440620809793472,0.9685758352279663,541,425
137,4566,0,0.5192278027534485,0.28324878215789795,-0.04386657476425171,0.9988033175468445,498,152
137,4566,1,0.5161925554275513,0.27292507886886597,-0.04019632190465927,0.9981701374053955,495,147
137,4566,2,0.5142683982849121,0.27254512906074524,-0.040309157222509384,0.9979017376899719,493,147
137,4566,3,0.5123262405395508,0.272207647562027,-0.04025978595018387,0.9982611536979675,491,146
137,4566,4,0.5211310386657715,0.2739708125591278,-0.057982783764600754,0.9990206360816956,500,147
137,4566,5,0.5222532153129578,0.2742058336734772,-0.058187391608953476,0.9993830919265747,501,148
137,4566,6,0.5234267711639404,0.2743510901927948,-0.058280717581510544,0.9995604753494263,502,148
137,4566,7,0.5084794163703918,0.2775701880455017,-0.015899358317255974,0.9986774921417236,488,149
137,4566,8,0.5235093832015991,0.27980929613113403,-0.095489002764225,0.9993147253990173,502,151
137,4566,9,0.5152657628059387,0.2936974763870239,-0.029761629179120064,0.997639000415802,494,158
137,4566,10,0.5195845365524292,0.2953369915485382,-0.054041311144828796,0.9986135959625244,498,159
137,4566,11,0.49814078211784363,0.34592166543006897,0.05813250690698624,0.9993564486503601,478,186
137,4566,12,0.5148126482963562,0.35164764523506165,-0.1402921974658966,0.9999553561210632,494,189
137,4566,13,0.49723905324935913,0.4402615427970886,0.09111306816339493,0.037909846752882004,477,237
137,4566,14,0.5319517254829407,0.4490165114402771,-0.15509940683841705,0.9923305511474609,510,242
137,4566,15,0.5146521925926208,0.516596257686615,0.0560547299683094,0.037374213337898254,494,278
137,4566,16,0.5656365156173706,0.5070682168006897,-0.12200050055980682,0.9770072102546692,543,273
137,4566,17,0.5147711634635925,0.5322593450546265,0.058922234922647476,0.05104456841945648,494,287
137,4566,18,0.5737637281417847,0.5257298946380615,-0.1409309357404709,0.9634106755256653,550,283
137,4566,19,0.5178651809692383,0.5319342613220215,0.04019353538751602,0.053344808518886566,497,287
137,4566,20,0.5769208669662476,0.5206577777862549,-0.13173796236515045,0.9596757292747498,553,281
137,4566,21,0.5189557075500488,0.5256636142730713,0.04817303642630577,0.05182597413659096,498,283
137,4566,22,0.573634922504425,0.5140455365180969,-0.1169397309422493,0.9341536164283752,550,277
137,4566,23,0.4966809153556824,0.5263301730155945,0.06208490580320358,0.9999594688415527,476,284
137,4566,24,0.5111558437347412,0.526642382144928,-0.062229789793491364,0.9999856352806091,490,284
137,4566,25,0.483271062374115,0.6458790898323059,0.1229984387755394,0.7601847648620605,463,348
137,4566,26,0.5404012799263,0.6341858506202698,-0.010140561498701572,0.9668598175048828,518,342
137,4566,27,0.44358059763908386,0.7588202953338623,0.15921421349048615,0.9035234451293945,425,409
137,4566,28,0.5552323460578918,0.7589474320411682,0.04868529736995697,0.9900529980659485,533,409
137,4566,29,0.42799824476242065,0.7680904865264893,0.161300390958786,0.9112223386764526,410,414
137,4566,30,0.5499632358551025,0.7844980955123901,0.05188890919089317,0.9616151452064514,527,423
137,4566,31,0.458744078874588,0.7959259748458862,0.13935589790344238,0.9063104391098022,440,429
137,4566,32,0.585763156414032,0.7830056548118591,0.020380258560180664,0.9707487225532532,562,422
138,4600,0,0.526027262210846,0.2834348976612091,-0.013158667832612991,0.9985536336898804,504,153
138,4600,1,0.5234381556510925,0.2731669247150421,-0.009405571967363358,0.9974919557571411,502,147
138,4600,2,0.5215123295783997,0.2728012502193451,-0.009523431770503521,0.9970914125442505,500,147
138,4600,3,0.5194652080535889,0.27246126532554626,-0.009449205361306667,0.9974938035011292,498,147
138,4600,4,0.528537929058075,0.27416709065437317,-0.027051609009504318,0.9986672401428223,507,148
138,4600,5,0.530131995677948,0.2743843197822571,-0.027257775887846947,0.9991762042045593,508,148
138,4600,6,0.5318138003349304,0.27449893951416016,-0.027352582663297653,0.9993943572044373,510,148
138,4600,7,0.5157096982002258,0.27876389026641846,0.011930841952562332,0.9980786442756653,495,150
138,4600,8,0.5325161218643188,0.2804892957210541,-0.06804456561803818,0.9990769028663635,511,151
138,4600,9,0.523067831993103,0.2942006289958954,-0.0014738125028088689,0.9968292713165283,502,158
138,4600,10,0.5270383358001709,0.29578641057014465,-0.025700313970446587,0.9981752634048462,505,159
138,4600,11,0.5064997673034668,0.3465949594974518,0.07275755703449249,0.9993566870689392,486,187
138,4600,12,0.5231770873069763,0.3522305488586426,-0.12396275997161865,0.9999545812606812,502,190
138,4600,13,0.5062208771705627,0.44069358706474304,0.0997791737318039,0.035298608243465424,485,237
138,4600,14,0.540124237537384,0.44882282614707947,-0.14444512128829956,0.9926178455352783,518,242
138,4600,15,0.5185969471931458,0.5121185183525085,0.0717347040772438,0.03406713530421257,497,276
138,4600,16,0.57292240858078,0.5071998834609985,-0.10993358492851257,0.9759944677352905,550,273
138,4600,17,0.5190635323524475,0.5324585437774658,0.07593949884176254,0.046730391681194305,498,287
138,4600,18,0.580721914768219,0.5254024863243103,-0.12708400189876556,0.9604396820068359,557,283
138,4600,19,0.5226636528968811,0.5323091149330139,0.0584067776799202,0.048782557249069214,501,287
138,4600,20,0.5830878019332886,0.5201590061187744,-0.1180892065167427,0.9563810229301453,559,280
138,4600,21,0.5240523219108582,0.5257358551025391,0.06458298116922379,0.04737563803792,503,283
138,4600,22,0.5802883505821228,0.5140456557273865,-0.10558261722326279,0.926205575466156,557,277
138,4600,23,0.5086977481842041,0.5262725353240967,0.06198449060320854,0.9999587535858154,488,284
138,4600,24,0.5135131478309631,0.5265371203422546,-0.06213235855102539,0.9999851584434509,492,284
138,4600,25,0.540176510810852,0.6352331042289734,0.08996745944023132,0.7634384036064148,518,343
138,4600,26,0.5066384673118591,0.6423190236091614,-0.040961768478155136,0.9696587920188904,486,346
138,4600,27,0.5510718822479248,0.7592126131057739,0.11903412640094757,0.9108653664588928,529,409
138,4600,28,0.4531475603580475,0.751224160194397,-0.011832712218165398,0.9908289313316345,435,405
138,4600,29,0.544797956943512,0.7809509038925171,0.118740513920784,0.916162371635437,523,421
138,4600,30,0.4382278621196747,0.7596386075019836,-0.010145456530153751,0.9625807404518127,420,410
138,4600,31,0.5827581882476807,0.7901418209075928,0.07625264674425125,0.913020670413971,559,426
138,4600,32,0.4660496115684509,0.796344518661499,-0.054732248187065125,0.973089337348938,447,430
139,4633,0,0.5263177156448364,0.2837885320186615,-0.008266731165349483,0.9975770115852356,505,153
139,4633,1,0.5239822864532471,0.27378296852111816,-0.007044559810310602,0.99620521068573,503,147
139,4633,2,0.5220304727554321,0.2734045088291168,-0.0071607958525419235,0.9956243634223938,501,147
139,4633,3,0.5200515389442444,0.2730158269405365,-0.007119900546967983,0.9962821006774902,499,147
139,4633,4,0.5290052890777588,0.2748725116252899,-0.02317141927778721,0.9979890584945679,507,148
139,4633,5,0.5305532813072205,0.2751597464084625,-0.0233768280595541,0.9987733960151672,509,148
139,4633,6,0.5319788455963135,0.2753448486328125,-0.023464232683181763,0.9991360306739807,510,148
139,4633,7,0.5160895586013794,0.27877944707870483,0.007049290928989649,0.9972613453865051,495,150
139,4633,8,0.5324457287788391,0.2808823585510254,-0.06675243377685547,0.9987607002258301,511,151
139,4633,9,0.5228752493858337,0.2945288419723511,0.0010047514224424958,0.9955606460571289,501,159
139,4633,10,0.5272045731544495,0.29614973068237305,-0.021046172827482224,0.9974937438964844,506,159
139,4633,11,0.5043964982032776,0.3463253080844879,0.07056424766778946,0.9992541670799255,484,187
139,4633,12,0.5235461592674255,0.3522515892982483,-0.11681687831878662,0.9999496936798096,502,190
139,4633,13,0.5015798211097717,0.44051510095596313,0.09777487069368362,0.03278672322630882,481,237
139,4633,14,0.5399142503738403,0.44877755641937256,-0.13873450458049774,0.9916368722915649,518,242
139,4633,15,0.515532910823822,0.5097391605377197,0.07040073722600937,0.030989117920398712,494,275
139,4633,16,0.5735552310943604,0.5071473121643066,-0.1120179072022438,0.9771460294723511,550,273
139,4633,17,0.5173691511154175,0.5323852896690369,0.07402189075946808,0.042796988040208817,496,287
139,4633,18,0.581761360168457,0.5256189703941345,-0.1291520595550537,0.9624302387237549,558,283
139,4633,19,0.5209056735038757,0.5323837399482727,0.05787911266088486,0.04460231587290764,500,287
139,4633,20,0.5848034620285034,0.520578145980835,-0.1213095635175705,0.9584214091300964,561,281
139,4633,21,0.5216630101203918,0.5258486270904541,0.06353174149990082,0.0433109886944294,500,283
139,4633,22,0.5819221138954163,0.514343798160553,-0.10793153941631317,0.9287691116333008,558,277
139,4633,23,0.5058961510658264,0.5262130498886108,0.05884288623929024,0.9999536871910095,485,284
139,4633,24,0.5180734992027283,0.5264574289321899,-0.059003181755542755,0.9999837279319763,497,284
139,4633,25,0.5115005970001221,0.6375890970230103,0.08223521709442139,0.7621285319328308,491,344
139,4633,26,0.5426002144813538,0.6370586156845093,-0.030195068567991257,0.9647725224494934,520,344
139,4633,27,0.46854907274246216,0.7513712644577026,0.08789194375276566,0.9130063652992249,449,405
139,4633,28,0.5473977327346802,0.7564208507537842,0.005323188379406929,0.9899430274963379,525,408
139,4633,29,0.4514004588127136,0.7589929699897766,0.08625957369804382,0.9183389544487,433,409
139,4633,30,0.5393754839897156,0.7770503163337708,0.00778014212846756,0.9623841047286987,517,419
139,4633,31,0.4761020243167877,0.7948628664016724,0.05927879735827446,0.9100521802902222,457,429
139,4633,32,0.576966404914856,0.7906294465065002,-0.023938767611980438,0.9686363339424133,553,426
140,4666,0,0.5358933210372925,0.2836593687534332,-0.0029114538338035345,0.9976138472557068,514,153
140,4666,1,0.5339362621307373,0.2736869752407074,0.0017112090718001127,0.9960746169090271,512,147
140,4666,2,0.5322638154029846,0.27327755093574524,0.0015908469213172793,0.9954386949539185,510,147
140,4666,3,0.5305338501930237,0.2728855609893799,0.0016500115161761642,0.9961456060409546,509,147
140,4666,4,0.5382305979728699,0.27469170093536377,-0.01683325134217739,0.9979286193847656,516,148
140,4666,5,0.539807915687561,0.274886816740036,-0.01703381910920143,0.9987281560897827,518,148
140,4666,6,0.5414033532142639,0.27496281266212463,-0.017124133184552193,0.9990891814231873,519,148
140,4666,7,0.526451826095581,0.27876394987106323,0.025632133707404137,0.9971657395362854,505,150
140,4666,8,0.5411996245384216,0.2807830572128296,-0.059219714254140854,0.998677134513855,519,151
140,4666,9,0.5335319638252258,0.2944478392601013,0.009456243366003036,0.9954214096069336,512,159
140,4666,10,0.5372889041900635,0.2957523763179779,-0.016008105129003525,0.9973896145820618,515,159
140,4666,11,0.5160329341888428,0.3461247980594635,0.08865336328744888,0.9992907643318176,495,186
140,4666,12,0.5329271554946899,0.3510383367538452,-0.11813976615667343,0.9999487400054932,511,189
140,4666,13,0.5203143358230591,0.44043007493019104,0.12800823152065277,0.03170713409781456,499,237
140,4666,14,0.5492289066314697,0.4474823772907257,-0.14065489172935486,0.9917828440666199,527,241
140,4666,15,0.5349462032318115,0.5098889470100403,0.11514033377170563,0.029154468327760696,513,275
140,4666,16,0.5793880820274353,0.5072268843650818,-0.1135077103972435,0.9744334816932678,556,273
140,4666,17,0.5354719758033752,0.5277758836746216,0.12196400761604309,0.04056885838508606,514,284
140,4666,18,0.5872589349746704,0.5257048010826111,-0.13089381158351898,0.9565047025680542,563,283
140,4666,19,0.539037823677063,0.5268181562423706,0.10356143862009048,0.04217208921909332,517,284
140,4666,20,0.5904467105865479,0.5209050178527832,-0.12363407015800476,0.9519338607788086,566,281
140,4666,21,0.5403299331665039,0.5212582349777222,0.10789529979228973,0.04091733321547508,518,281
140,4666,22,0.5876782536506653,0.5145479440689087,-0.1095556914806366,0.9166237711906433,564,277
140,4666,23,0.518901526927948,0.5263324975967407,0.06397248059511185,0.9999532699584961,498,284
140,4666,24,0.5269964933395386,0.5264474153518677,-0.06408446282148361,0.999983012676239,505,284
140,4666,25,0.5517846345901489,0.6345592141151428,0.10354726761579514,0.749768853187561,529,342
140,4666,26,0.5331510305404663,0.6471923589706421,-0.05174792930483818,0.9676522016525269,511,349
140,4666,27,0.5547366738319397,0.7528699040412903,0.15015527606010437,0.9168915748596191,532,406
140,4666,28,0.4658454954624176,0.7442768812179565,-0.0038312082178890705,0.9905499815940857,447,401
140,4666,29,0.5483732223510742,0.7738936543464661,0.15142343938350677,0.920016348361969,526,417
140,4666,30,0.4501613676548004,0.748563289642334,0.00020158858387731016,0.9621198773384094,432,404
140,4666,31,0.5824444890022278,0.7877791523933411,0.10777530074119568,0.9139834642410278,559,425
140,4666,32,0.46860113739967346,0.7956912517547607,-0.037847183644771576,0.9708209037780762,449,429
141,4700,0,0.5375754833221436,0.283188134431839,-0.012001746334135532,0.9974908828735352,516,152
141,4700,1,0.5351423621177673,0.27357181906700134,-0.007946247234940529,0.9954504370689392,513,147
141,4700,2,0.5333877205848694,0.2732328772544861,-0.008067088201642036,0.9947486519813538,512,147
141,4700,3,0.5315492749214172,0.2728443145751953,-0.008008789271116257,0.9955893754959106,510,147
141,4700,4,0.5394010543823242,0.2745646834373474,-0.02595437876880169,0.9976102709770203,517,148
141,4700,5,0.5407174229621887,0.274821937084198,-0.026156185194849968,0.9985388517379761,519,148
141,4700,6,0.5419244766235352,0.27493155002593994,-0.026245970278978348,0.9989274740219116,520,148
141,4700,7,0.5273030996322632,0.27866312861442566,0.01580590382218361,0.9968602061271667,506,150
141,4700,8,0.5418785214424133,0.28074911236763,-0.06469348073005676,0.9984738230705261,520,151
141,4700,9,0.5338998436927795,0.2942991554737091,0.0009982604533433914,0.9950777888298035,512,158
141,4700,10,0.5380350947380066,0.2955459952354431,-0.024080228060483932,0.9971781969070435,516,159
141,4700,11,0.5192784667015076,0.3460999131202698,0.08462277054786682,0.9993230700492859,498,186
141,4700,12,0.5334750413894653,0.35088416934013367,-0.11728248745203018,0.9999487400054932,512,189
141,4700,13,0.5327879190444946,0.44112321734428406,0.12006882578134537,0.03191370144486427,511,238
141,4700,14,0.5499273538589478,0.44732657074928284,-0.13475389778614044,0.992312490940094,527,241
141,4700,15,0.5559088587760925,0.5100815296173096,0.09815852344036102,0.02928987890481949,533,275
141,4700,16,0.581794023513794,0.5077406764030457,-0.10547873377799988,0.9762607216835022,558,274
141,4700,17,0.5583497881889343,0.5241976976394653,0.10396935045719147,0.041185326874256134,536,283
141,4700,18,0.5894448757171631,0.5259371995925903,-0.12288054823875427,0.959315836429596,565,284
141,4700,19,0.5629008412361145,0.5232892036437988,0.08517871797084808,0.04258425906300545,540,282
141,4700,20,0.5919010043144226,0.5212780833244324,-0.11525444686412811,0.9550842046737671,568,281
141,4700,21,0.5629332065582275,0.5196365118026733,0.09069555252790451,0.041186291724443436,540,280
141,4700,22,0.5890528559684753,0.5153419375419617,-0.10210426151752472,0.9215959310531616,565,278
141,4700,23,0.5227871537208557,0.5262972116470337,0.0631117969751358,0.999952495098114,501,284
141,4700,24,0.5287982225418091,0.5268883109092712,-0.06320749223232269,0.9999823570251465,507,284
141,4700,25,0.5559217929840088,0.6325861811637878,0.1263609379529953,0.7380481958389282,533,341
141,4700,26,0.5264862775802612,0.6456784009933472,-0.045917872339487076,0.9704768061637878,505,348
141,4700,27,0.5580216646194458,0.7541159391403198,0.17878681421279907,0.9224852323532104,535,407
141,4700,28,0.4610714316368103,0.7394859194755554,0.007684571202844381,0.9912916421890259,442,399
141,4700,29,0.5502967834472656,0.7798624634742737,0.1802469938993454,0.9243934750556946,528,421
141,4700,30,0.44447776675224304,0.7410253286361694,0.012317716144025326,0.9639419317245483,426,400
141,4700,31,0.5864458680152893,0.7822773456573486,0.14264371991157532,0.920056164264679,562,422
141,4700,32,0.4636511504650116,0.7992607355117798,-0.02242916263639927,0.9733179211616516,445,431
142,4733,0,0.5463103652000427,0.2823244035243988,-0.005222567822784185,0.9976493120193481,524,152
142,4733,1,0.5440285205841064,0.2729659080505371,0.0011203044559806585,0.9957057237625122,522,147
142,4733,2,0.542523980140686,0.272805780172348,0.001009122934192419,0.9950265884399414,520,147
142,4733,3,0.5409162640571594,0.27258580923080444,0.0010755236726254225,0.9958112835884094,519,147
142,4733,4,0.5477409958839417,0.27326011657714844,-0.01656300015747547,0.997749388217926,525,147
142,4733,5,0.5489561557769775,0.27329814434051514,-0.016767295077443123,0.9986211061477661,526,147
142,4733,6,0.5502950549125671,0.2732585370540619,-0.016861436888575554,0.9989833831787109,528,147
142,4733,7,0.5367564558982849,0.2781752049922943,0.03294728323817253,0.9970048069953918,515,150
142,4733,8,0.550248384475708,0.2783614695072174,-0.04734981432557106,0.9985525012016296,528,150
142,4733,9,0.543859601020813,0.2929435074329376,0.009793801233172417,0.9952026605606079,522,158
142,4733,10,0.5469235181808472,0.2936416268348694,-0.014603610150516033,0.9972451329231262,525,158
142,4733,11,0.5288479924201965,0.3455130457878113,0.09621039032936096,0.9993616938591003,507,186
142,4733,12,0.5416337847709656,0.34954845905303955,-0.10254626721143723,0.999951183795929,519,188
142,4733,13,0.5274244546890259,0.43935421109199524,0.1251566857099533,0.030542317777872086,506,237
142,4733,14,0.5559895038604736,0.4460115134716034,-0.1224999949336052,0.9927793741226196,533,240
142,4733,15,0.5394695997238159,0.5153977274894714,0.09885862469673157,0.02732354961335659,517,278
142,4733,16,0.5847690105438232,0.5070825219154358,-0.093915194272995,0.9769954085350037,561,273
142,4733,17,0.5398761630058289,0.5313496589660645,0.1026570051908493,0.038807231932878494,518,286
142,4733,18,0.5918389558792114,0.526006281375885,-0.11211547255516052,0.9599416255950928,568,284
142,4733,19,0.5426486730575562,0.5237590670585632,0.08421912789344788,0.03996746987104416,520,282
142,4733,20,0.595041036605835,0.5213500261306763,-0.1043267697095871,0.9556945562362671,571,281
142,4733,21,0.5446597933769226,0.5245128273963928,0.09126962721347809,0.03863838315010071,522,283
142,4733,22,0.5917837023735046,0.5154260396957397,-0.09046812355518341,0.9221562147140503,568,278
142,4733,23,0.5323696732521057,0.5205840468406677,0.06292205303907394,0.9999561905860901,511,281
142,4733,24,0.5304186344146729,0.5212913155555725,-0.06301990896463394,0.9999836683273315,509,281
142,4733,25,0.5637781023979187,0.6322389245033264,0.08894326537847519,0.7488351464271545,541,341
142,4733,26,0.5330746173858643,0.6510391235351562,-0.08277063071727753,0.9732769131660461,511,351
142,4733,27,0.5589150190353394,0.7575726509094238,0.13295544683933258,0.9288803935050964,536,409
142,4733,28,0.47101256251335144,0.7335548400878906,-0.012866231612861156,0.9920050501823425,452,396
142,4733,29,0.5496100783348083,0.784577488899231,0.13385066390037537,0.9296742677688599,527,423
142,4733,30,0.45613110065460205,0.7306414842605591,-0.0057102893479168415,0.9660126566886902,437,394
142,4733,31,0.5890403389930725,0.7823039293289185,0.09987695515155792,0.9265026450157166,565,422
142,4733,32,0.4698595106601715,0.7968046069145203,-0.03194733336567879,0.9756603837013245,451,430
143,4766,0,0.5475813150405884,0.2798640727996826,0.011387503705918789,0.9977685809135437,525,151
143,4766,1,0.5445422530174255,0.2714203894138336,0.014815590344369411,0.9958710074424744,522,146
143,4766,2,0.5425530076026917,0.2714420258998871,0.014701124280691147,0.9951979517936707,520,146
143,4766,3,0.5404163599014282,0.271354079246521,0.0147562799975276,0.9959478974342346,518,146
143,4766,4,0.5494245290756226,0.27147403359413147,-0.0015374190406873822,0.9978522658348083,527,146
143,4766,5,0.5507723689079285,0.27166134119033813,-0.0017357285832986236,0.9986818432807922,528,146
143,4766,6,0.5520397424697876,0.27178990840911865,-0.0018143353518098593,0.9990246891975403,529,146
143,4766,7,0.535986065864563,0.27800941467285156,0.03350793942809105,0.9970988035202026,514,150
143,4766,8,0.5505567789077759,0.27793553471565247,-0.041212279349565506,0.9986112713813782,528,150
143,4766,9,0.5437933206558228,0.2919391095638275,0.021477242931723595,0.9953314065933228,522,157
143,4766,10,0.5481289029121399,0.29219022393226624,-0.0010546240955591202,0.997338593006134,526,157
143,4766,11,0.5274052023887634,0.34491756558418274,0.089218370616436,0.9993991255760193,506,186
143,4766,12,0.5429612398147583,0.3495079576969147,-0.09879732131958008,0.9999539256095886,521,188
143,4766,13,0.5245150327682495,0.4381405711174011,0.11878063529729843,0.029540887102484703,503,236
143,4766,14,0.5562918782234192,0.44535279273986816,-0.11978797614574432,0.9932647943496704,534,240
143,4766,15,0.5376408696174622,0.5169333219528198,0.09532342106103897,0.02578413300216198,516,279
143,4766,16,0.5845272541046143,0.5064713954925537,-0.09131012856960297,0.9785600304603577,561,273
143,4766,17,0.5386819839477539,0.5326296091079712,0.09988711029291153,0.03708633780479431,517,287
143,4766,18,0.5912633538246155,0.5255078077316284,-0.10834832489490509,0.9623883366584778,567,283
143,4766,19,0.5402669906616211,0.5243552327156067,0.07981179654598236,0.03800243139266968,518,283
143,4766,20,0.5936081409454346,0.5214451551437378,-0.10094324499368668,0.9583918452262878,569,281
143,4766,21,0.5435368418693542,0.5261833667755127,0.08718819171190262,0.036669980734586716,521,284
143,4766,22,0.5908436179161072,0.5155147314071655,-0.08802614361047745,0.9263446927070618,567,278
143,4766,23,0.5316946506500244,0.5189361572265625,0.061446383595466614,0.9999591708183289,510,280
143,4766,24,0.5329982042312622,0.5209667682647705,-0.06152701750397682,0.9999847412109375,511,281
143,4766,25,0.5645821690559387,0.6319161653518677,0.08405623584985733,0.7544989585876465,541,341
143,4766,26,0.5360596179962158,0.6506600379943848,-0.07636670023202896,0.9757227301597595,514,351
143,4766,27,0.5592600107192993,0.7587077021598816,0.11640609800815582,0.9341150522232056,536,409
143,4766,28,0.47230204939842224,0.7319672703742981,-0.021000538021326065,0.9925987124443054,453,395
143,4766,29,0.5503928661346436,0.7853094339370728,0.11628041416406631,0.9337069392204285,528,424
143,4766,30,0.45816242694854736,0.7296092510223389,-0.015174596570432186,0.9674617052078247,439,393
143,4766,31,0.5887060165405273,0.7823219895362854,0.0864005908370018,0.9316668510437012,565,422
143,4766,32,0.4694981873035431,0.7954031229019165,-0.036838773638010025,0.9776580929756165,450,429
144,4800,0,0.5546559691429138,0.27777668833732605,-0.007773130666464567,0.9976440668106079,532,149
144,4800,1,0.5519762635231018,0.26903197169303894,-0.0021639748010784388,0.995711088180542,529,145
144,4800,2,0.5501042008399963,0.26917120814323425,-0.0022579547949135303,0.9949977993965149,528,145
144,4800,3,0.5482074618339539,0.26929858326911926,-0.002202928066253662,0.995761513710022,526,145
144,4800,4,0.5561361908912659,0.2688552737236023,-0.019582979381084442,0.9978048801422119,533,145
144,4800,5,0.5572944283485413,0.26894569396972656,-0.019788702949881554,0.9986616969108582,535,145
144,4800,6,0.5584425330162048,0.2690252363681793,-0.01987338811159134,0.9990207552909851,536,145
144,4800,7,0.5435951948165894,0.27589935064315796,0.030069921165704727,0.9969304800033569,521,148
144,4800,8,0.5566825270652771,0.27480486035346985,-0.04735497757792473,0.9986109137535095,534,148
144,4800,9,0.5511824488639832,0.28976529836654663,0.007045869715511799,0.9951211214065552,529,156
144,4800,10,0.5549768209457397,0.2903194725513458,-0.016377782449126244,0.9972858428955078,532,156
144,4800,11,0.5338971018791199,0.34487923979759216,0.0886424332857132,0.999349057674408,512,186
144,4800,12,0.550589919090271,0.3484295606613159,-0.10520843416452408,0.999954104423523,528,188
144,4800,13,0.5290600061416626,0.43357381224632263,0.11559844017028809,0.028194129467010498,507,234
144,4800,14,0.5621877908706665,0.44536030292510986,-0.12483637034893036,0.9933561682701111,539,240
144,4800,15,0.5393378138542175,0.5128461122512817,0.09489236027002335,0.023943273350596428,517,276
144,4800,16,0.5904251337051392,0.5082607269287109,-0.10979342460632324,0.9802281856536865,566,274
144,4800,17,0.5396240949630737,0.529130756855011,0.09605086594820023,0.03492411971092224,518,285
144,4800,18,0.5964851975440979,0.5306186079978943,-0.1294742375612259,0.9652915596961975,572,286
144,4800,19,0.5424949526786804,0.5247915387153625,0.07414014637470245,0.03572653606534004,520,283
144,4800,20,0.6000342965126038,0.5280434489250183,-0.12371907383203506,0.9615654349327087,576,285
144,4800,21,0.5440712571144104,0.5229293704032898,0.08510294556617737,0.034507136791944504,522,282
144,4800,22,0.5969716906547546,0.5207632780075073,-0.10697703063488007,0.9316439032554626,573,281
144,4800,23,0.5339615345001221,0.5190979838371277,0.06033426523208618,0.9999554753303528,512,280
144,4800,24,0.541829526424408,0.5207030177116394,-0.060427699238061905,0.9999841451644897,520,281
144,4800,25,0.5571778416633606,0.6296623349189758,0.07575469464063644,0.7524224519729614,534,340
144,4800,26,0.559594452381134,0.6376138925552368,-0.04964553937315941,0.974664032459259,537,344
144,4800,27,0.5117470026016235,0.746454656124115,0.10673843324184418,0.9322787523269653,491,403
144,4800,28,0.5456420183181763,0.7480081915855408,0.016459329053759575,0.9924060702323914,523,403
144,4800,29,0.48435699939727783,0.7303107380867004,0.10760805755853653,0.9307739734649658,464,394
144,4800,30,0.5372037291526794,0.7724592685699463,0.022397911176085472,0.9669867753982544,515,417
144,4800,31,0.4950348734855652,0.7816670536994934,0.07663608342409134,0.9287850260734558,475,422
144,4800,32,0.5533145666122437,0.795927882194519,-0.009544235654175282,0.9771199822425842,531,429
145,4833,0,0.5554172396659851,0.2752332091331482,-0.009678825736045837,0.9976794719696045,533,148
145,4833,1,0.552236795425415,0.26647037267684937,-0.0043608262203633785,0.9958086013793945,530,143
145,4833,2,0.5502479076385498,0.26655951142311096,-0.004459917079657316,0.9951575994491577,528,143
145,4833,3,0.5482591986656189,0.26669082045555115,-0.004400881007313728,0.9958605766296387,526,144
145,4833,4,0.5567983388900757,0.2667084336280823,-0.022053608670830727,0.9978563785552979,534,144
145,4833,5,0.5580347776412964,0.26694709062576294,-0.022257812321186066,0.9987090229988098,535,144
145,4833,6,0.5591232180595398,0.26715216040611267,-0.0223427414894104,0.9990537166595459,536,144
145,4833,7,0.5439596772193909,0.2729909420013428,0.0213012732565403,0.997012734413147,522,147
145,4833,8,0.5569835901260376,0.2730097472667694,-0.05428324267268181,0.9986668229103088,534,147
145,4833,9,0.5510810017585754,0.2874996066093445,0.004848402924835682,0.9952720403671265,529,155
145,4833,10,0.5554463267326355,0.28780943155288696,-0.019216159358620644,0.9973928332328796,533,155
145,4833,11,0.5333442687988281,0.34403175115585327,0.07226354628801346,0.9993624687194824,512,185
145,4833,12,0.551223635673523,0.3479479253292084,-0.10300386697053909,0.9999568462371826,529,187
145,4833,13,0.5282797813415527,0.43368929624557495,0.09671585261821747,0.027679437771439552,507,234
145,4833,14,0.5624581575393677,0.44504427909851074,-0.11914870142936707,0.9936050176620483,539,240
145,4833,15,0.5414029359817505,0.5136674642562866,0.06841523200273514,0.023164115846157074,519,277
145,4833,16,0.5882968902587891,0.5082640051841736,-0.10513443499803543,0.9821061491966248,564,274
145,4833,17,0.5421202182769775,0.529847264289856,0.06920377910137177,0.03519469127058983,520,286
145,4833,18,0.5937739014625549,0.5309099555015564,-0.12325596064329147,0.9686139225959778,570,286
145,4833,19,0.5444123148918152,0.5251060724258423,0.05006612092256546,0.03594344109296799,522,283
145,4833,20,0.5972592830657959,0.5290878415107727,-0.11869160085916519,0.9652412533760071,573,285
145,4833,21,0.546214759349823,0.524475634098053,0.06021004915237427,0.03460989519953728,524,283
145,4833,22,0.5948302745819092,0.5214634537696838,-0.10264270752668381,0.9381241202354431,571,281
145,4833,23,0.5346530675888062,0.5191416144371033,0.05514615401625633,0.999950110912323,513,280
145,4833,24,0.546899139881134,0.5207327604293823,-0.0552898533642292,0.9999833106994629,525,281
145,4833,25,0.5548511147499084,0.6293079853057861,0.07138087600469589,0.7403869032859802,532,339
145,4833,26,0.5629199147224426,0.6362454295158386,-0.02192523516714573,0.9704765677452087,540,343
145,4833,27,0.49235936999320984,0.7294949889183044,0.09023421257734299,0.922528862953186,472,393
145,4833,28,0.5563212037086487,0.7544817328453064,0.01969345472753048,0.9917793273925781,534,407
145,4833,29,0.4757636785507202,0.7242642045021057,0.09035088121891022,0.9258895516395569,456,391
145,4833,30,0.5478029847145081,0.7851106524467468,0.0237477645277977,0.9670622944831848,525,423
145,4833,31,0.48519232869148254,0.7808262705802917,0.06732525676488876,0.9202285408973694,465,421
145,4833,32,0.588880717754364,0.7894455790519714,-0.006948689930140972,0.9753885865211487,565,426
146,4866,0,0.5626094341278076,0.27406734228134155,-0.015181321650743484,0.9978529810905457,540,147
146,4866,1,0.5601401925086975,0.26483845710754395,-0.010005873627960682,0.9961385130882263,537,143
146,4866,2,0.5582605600357056,0.26510071754455566,-0.010119779966771603,0.9955466389656067,535,143
146,4866,3,0.5563748478889465,0.26539674401283264,-0.010060233063995838,0.9961833357810974,534,143
146,4866,4,0.5642910003662109,0.26453933119773865,-0.026530325412750244,0.9980263710021973,541,142
146,4866,5,0.5655471086502075,0.2646362781524658,-0.026729876175522804,0.9988139867782593,542,142
146,4866,6,0.5658780336380005,0.2646535038948059,-0.02678917720913887,0.9991307258605957,543,142
146,4866,7,0.5519103407859802,0.27162548899650574,0.01765253022313118,0.9972480535507202,529,146
146,4866,8,0.5667487382888794,0.27049365639686584,-0.05702079460024834,0.9987757802009583,544,146
146,4866,9,0.5596197247505188,0.28615549206733704,-0.0006621481734327972,0.9956476092338562,537,154
146,4866,10,0.5634437203407288,0.28661730885505676,-0.022940056398510933,0.9976050853729248,540,154
146,4866,11,0.5415685772895813,0.3419625163078308,0.06958804279565811,0.9993972182273865,519,184
146,4866,12,0.5591678619384766,0.3466889560222626,-0.10171902924776077,0.9999601244926453,536,187
146,4866,13,0.5422383546829224,0.4337807893753052,0.09493286162614822,0.029009945690631866,520,234
146,4866,14,0.5682355761528015,0.4435138702392578,-0.11072392016649246,0.9940277338027954,545,239
146,4866,15,0.5578555464744568,0.5145492553710938,0.06583109498023987,0.023711204528808594,535,277
146,4866,16,0.5923478007316589,0.5101723074913025,-0.08867785334587097,0.9838327169418335,568,275
146,4866,17,0.5590617060661316,0.5309256315231323,0.06776659190654755,0.037901654839515686,536,286
146,4866,18,0.5967962741851807,0.5338586568832397,-0.10504892468452454,0.9716507792472839,572,288
146,4866,19,0.5623834133148193,0.5300030708312988,0.04841617867350578,0.03867291659116745,539,286
146,4866,20,0.5992011427879333,0.5333235263824463,-0.10177932679653168,0.9685989618301392,575,287
146,4866,21,0.562646746635437,0.5261959433555603,0.057669747620821,0.03740854933857918,540,284
146,4866,22,0.597347617149353,0.5256287455558777,-0.0866687148809433,0.9440791606903076,573,283
146,4866,23,0.5410401225090027,0.5192502737045288,0.05368150770664215,0.999950110912323,519,280
146,4866,24,0.5529947280883789,0.52081698179245,-0.05383311212062836,0.9999838471412659,530,281
146,4866,25,0.564869225025177,0.628923773765564,0.08055771887302399,0.743439793586731,542,339
146,4866,26,0.5676770806312561,0.6367123126983643,-6.386965833371505e-05,0.9714117646217346,544,343
146,4866,27,0.4966137707233429,0.7172003984451294,0.11942509561777115,0.9154676198959351,476,387
146,4866,28,0.5586788058280945,0.7593390345573425,0.04834530130028725,0.9921140670776367,536,410
146,4866,29,0.48339471220970154,0.7147414684295654,0.12462709844112396,0.921937108039856,464,385
146,4866,30,0.5489960312843323,0.7868143320083618,0.0521833635866642,0.9687179327011108,527,424
146,4866,31,0.500806450843811,0.7704996466636658,0.11332692205905914,0.914855420589447,480,416
146,4866,32,0.5922957062721252,0.7856400609016418,0.01978900656104088,0.9762759208679199,568,424
147,4900,0,0.5638717412948608,0.2726976275444031,-0.01817050203680992,0.9980220794677734,541,147
147,4900,1,0.5608027577400208,0.2631847560405731,-0.013945046812295914,0.9964486956596375,538,142
147,4900,2,0.5588489174842834,0.2634165287017822,-0.014065823517739773,0.9959131479263306,536,142
147,4900,3,0.5568441152572632,0.26368728280067444,-0.014006402343511581,0.99648517370224,534,142
147,4900,4,0.565304696559906,0.2631970942020416,-0.029224861413240433,0.9981861710548401,542,142
147,4900,5,0.5665296316146851,0.2634456157684326,-0.029422113671898842,0.9989134669303894,543,142
147,4900,6,0.5675302743911743,0.2636178135871887,-0.029470283538103104,0.9992029666900635,544,142
147,4900,7,0.5521913170814514,0.26994919776916504,0.011516978964209557,0.9974685907363892,530,145
147,4900,8,0.5666969418525696,0.26987728476524353,-0.058809783309698105,0.9988791942596436,544,145
147,4900,9,0.5604457259178162,0.284843385219574,-0.004452921450138092,0.9959893226623535,538,153
147,4900,10,0.5643952488899231,0.2854754626750946,-0.025025831535458565,0.9978016018867493,541,154
147,4900,11,0.5427796244621277,0.3401530086994171,0.06494060158729553,0.999428391456604,521,183
147,4900,12,0.5589731335639954,0.34601151943206787,-0.09831549227237701,0.999963104724884,536,186
147,4900,13,0.5419057607650757,0.43356215953826904,0.0912737026810646,0.029801761731505394,520,234
147,4900,14,0.5686960220336914,0.44278156757354736,-0.10745380073785782,0.9943723082542419,545,239
147,4900,15,0.5577134490013123,0.5161955952644348,0.06591849774122238,0.024086471647024155,535,278
147,4900,16,0.5925735831260681,0.5136419534683228,-0.08763691782951355,0.9853973388671875,568,277
147,4900,17,0.5584750771522522,0.531912624835968,0.06838253885507584,0.04006868600845337,536,287
147,4900,18,0.5968530774116516,0.5372562408447266,-0.10409346222877502,0.9744051694869995,572,290
147,4900,19,0.5617353320121765,0.5299999713897705,0.04925671964883804,0.04078873619437218,539,286
147,4900,20,0.5996903777122498,0.5371900796890259,-0.0995427593588829,0.9716465473175049,575,290
147,4900,21,0.5627316832542419,0.5282312035560608,0.05801079049706459,0.03949597850441933,540,285
147,4900,22,0.5978874564170837,0.5290335416793823,-0.08524832874536514,0.9494906663894653,573,285
147,4900,23,0.5434140563011169,0.5185415744781494,0.05120183899998665,0.99994957447052,521,280
147,4900,24,0.5555592179298401,0.5198603868484497,-0.051362428814172745,0.9999843239784241,533,280
147,4900,25,0.568565309047699,0.628788948059082,0.07938318699598312,0.7455057501792908,545,339
147,4900,26,0.568401575088501,0.6369373202323914,-0.001215278054587543,0.9716021418571472,545,343
147,4900,27,0.49766796827316284,0.7157898545265198,0.12271397560834885,0.9104709625244141,477,386
147,4900,28,0.5583973526954651,0.7608861923217773,0.05235361307859421,0.9923893809318542,536,410
147,4900,29,0.48630601167678833,0.7146108150482178,0.12528246641159058,0.9191937446594238,466,385
147,4900,30,0.5484082102775574,0.7877916693687439,0.05690334364771843,0.9702823162078857,526,425
147,4900,31,0.5021845102310181,0.7692450881004333,0.11334893852472305,0.9118269085884094,482,415
147,4900,32,0.5917046070098877,0.7844679951667786,0.026218844577670097,0.9771170020103455,568,423
148,4933,0,0.572943925857544,0.2728743553161621,-0.022356970235705376,0.9981784224510193,550,147
148,4933,1,0.5703664422035217,0.2633134126663208,-0.016591103747487068,0.9967455267906189,547,142
148,4933,2,0.5686182379722595,0.26348236203193665,-0.016714194789528847,0.9962560534477234,545,142
148,4933,3,0.5667217373847961,0.2636986970901489,-0.016655022278428078,0.996778666973114,544,142
148,4933,4,0.5743838548660278,0.26332494616508484,-0.033183395862579346,0.998336911201477,551,142
148,4933,5,0.5754961371421814,0.2634926438331604,-0.033380214124917984,0.999003529548645,552,142
148,4933,6,0.575339138507843,0.2635052502155304,-0.03343167528510094,0.9992692470550537,552,142
148,4933,7,0.5619043707847595,0.2697082757949829,0.012073015794157982,0.9976789951324463,539,145
148,4933,8,0.5729129910469055,0.2690366506576538,-0.059064969420433044,0.9989708662033081,549,145
148,4933,9,0.5697444081306458,0.2847793996334076,-0.0070061031728982925,0.9963120222091675,546,153
148,4933,10,0.5730142593383789,0.28536078333854675,-0.029368910938501358,0.9979797005653381,550,154
148,4933,11,0.5517139434814453,0.3393864631652832,0.0662926584482193,0.9994628429412842,529,183
148,4933,12,0.5664731860160828,0.3459428548812866,-0.10076919943094254,0.9999655485153198,543,186
148,4933,13,0.5532615184783936,0.4347713589668274,0.09200853854417801,0.03191809356212616,531,234
148,4933,14,0.575366199016571,0.4431641399860382,-0.10997875034809113,0.9947517514228821,552,239
148,4933,15,0.5667251348495483,0.5167072415351868,0.05537092313170433,0.025097670033574104,544,279
148,4933,16,0.595037043094635,0.5160648822784424,-0.08651165664196014,0.9867501854896545,571,278
148,4933,17,0.5670158863067627,0.5325465798377991,0.05592804774641991,0.04230393469333649,544,287
148,4933,18,0.5989423990249634,0.5394957661628723,-0.10287072509527206,0.976764440536499,574,291
148,4933,19,0.5685530304908752,0.5295146107673645,0.03707794472575188,0.04291238635778427,545,285
148,4933,20,0.6020186543464661,0.539451003074646,-0.09959309548139572,0.9742525815963745,577,291
148,4933,21,0.571012556552887,0.5282856225967407,0.04713117331266403,0.04154226556420326,548,285
148,4933,22,0.6005941033363342,0.5313380360603333,-0.08461154997348785,0.9540846943855286,576,286
148,4933,23,0.5512593388557434,0.5174162983894348,0.052176062017679214,0.999951958656311,529,279
148,4933,24,0.5592960715293884,0.5191463232040405,-0.05232786014676094,0.9999852180480957,536,280
148,4933,25,0.5772145390510559,0.6310035586357117,0.08261096477508545,0.7586410045623779,554,340
148,4933,26,0.5760565996170044,0.6436672210693359,-0.009151355363428593,0.9737111926078796,553,347
148,4933,27,0.5232275128364563,0.7192633748054504,0.1265535205602646,0.9143691062927246,502,388
148,4933,28,0.5580072402954102,0.7616363167762756,0.04370764270424843,0.9929673075675964,535,411
148,4933,29,0.5076769590377808,0.7225335240364075,0.13011664152145386,0.9216495752334595,487,390
148,4933,30,0.5482912063598633,0.7872818112373352,0.0481596365571022,0.9722968935966492,526,425
148,4933,31,0.518342912197113,0.7694881558418274,0.11289659887552261,0.9160008430480957,497,415
148,4933,32,0.5880265831947327,0.7848109006881714,0.015987159684300423,0.9788791537284851,564,423
149,4966,0,0.572289764881134,0.2712457478046417,-0.023868141695857048,0.9983523488044739,549,146
149,4966,1,0.5695642828941345,0.26172542572021484,-0.01935596391558647,0.9970578551292419,546,141
149,4966,2,0.5676965117454529,0.261886328458786,-0.019478749483823776,0.996616542339325,544,141
149,4966,3,0.5657473802566528,0.2620851397514343,-0.019420355558395386,0.9970876574516296,543,141
149,4966,4,0.5738881826400757,0.2618682384490967,-0.03545699641108513,0.9984961748123169,550,141
149,4966,5,0.5750337243080139,0.26212868094444275,-0.03565094619989395,0.9990991950035095,552,141
149,4966,6,0.5758755803108215,0.26226693391799927,-0.035691045224666595,0.9993391633033752,552,141
149,4966,7,0.5610643625259399,0.26815932989120483,0.006856860127300024,0.997902512550354,538,144
149,4966,8,0.5745605230331421,0.2682557702064514,-0.06308602541685104,0.9990692734718323,551,144
149,4966,9,0.5686997175216675,0.2833010256290436,-0.009612915106117725,0.9966638684272766,545,152
149,4966,10,0.572344958782196,0.28394049406051636,-0.03147301450371742,0.9981727600097656,549,153
149,4966,11,0.5518611669540405,0.3383229374885559,0.06427459418773651,0.9995085000991821,529,182
149,4966,12,0.5661348700523376,0.34403759241104126,-0.10243821144104004,0.9999685287475586,543,185
149,4966,13,0.5543763637542725,0.43504709005355835,0.09131434559822083,0.037832923233509064,532,234
149,4966,14,0.5771921873092651,0.44318753480911255,-0.1094689592719078,0.9951489567756653,554,239
149,4966,15,0.5671564936637878,0.5135580897331238,0.061014533042907715,0.02895428240299225,544,277
149,4966,16,0.5950967669487,0.517425537109375,-0.08311305195093155,0.9880266785621643,571,279
149,4966,17,0.5680137276649475,0.5362541079521179,0.06268195807933807,0.04932865500450134,545,289
149,4966,18,0.5996628999710083,0.5420308709144592,-0.09923192858695984,0.9790029525756836,575,292
149,4966,19,0.5702918171882629,0.5318922400474548,0.04377756640315056,0.049804508686065674,547,287
149,4966,20,0.602876603603363,0.5414285659790039,-0.09563755244016647,0.9767286777496338,578,292
149,4966,21,0.5722671151161194,0.5318551659584045,0.0529717318713665,0.04818704351782799,549,287
149,4966,22,0.601094126701355,0.5338475704193115,-0.08112787455320358,0.9584878087043762,577,288
149,4966,23,0.5529542565345764,0.5159266591072083,0.052763041108846664,0.999954342842102,530,278
149,4966,24,0.5612892508506775,0.5171104073524475,-0.05291007459163666,0.9999861121177673,538,279
149,4966,25,0.577771008014679,0.631949245929718,0.09379029273986816,0.7704629898071289,554,341
149,4966,26,0.5770672559738159,0.6464719176292419,-0.002777671907097101,0.9756371974945068,553,349
149,4966,27,0.5259101390838623,0.7203176021575928,0.15241828560829163,0.916117787361145,504,388
149,4966,28,0.5578380823135376,0.7638888955116272,0.05344923213124275,0.9934840202331543,535,412
149,4966,29,0.510073184967041,0.7241029143333435,0.15670055150985718,0.9230291843414307,489,391
149,4966,30,0.5491006374359131,0.7873202562332153,0.05806346610188484,0.9742337465286255,527,425
149,4966,31,0.5233548879623413,0.7688153386116028,0.13688777387142181,0.9186463952064514,502,415
149,4966,32,0.5916452407836914,0.7850511074066162,0.024041645228862762,0.9804328680038452,567,423
150,5000,0,0.5795487761497498,0.271465003490448,-0.02808588556945324,0.9984996318817139,556,146
150,5000,1,0.5771472454071045,0.26181408762931824,-0.023671550676226616,0.9973246455192566,554,141
150,5000,2,0.5755769610404968,0.26187628507614136,-0.02380264364182949,0.9969243407249451,552,141
150,5000,3,0.5740219354629517,0.2619834840297699,-0.02373952604830265,0.9973509311676025,551,141
150,5000,4,0.5807650089263916,0.2620086371898651,-0.04003697633743286,0.9986326694488525,557,141
150,5000,5,0.58180832862854,0.2622120678424835,-0.0402318611741066,0.9991811513900757,558,141
150,5000,6,0.5828543305397034,0.2623300552368164,-0.040281783789396286,0.9993991851806641,559,141
150,5000,7,0.5696967244148254,0.2677187919616699,0.0026873082388192415,0.9980912804603577,546,144
150,5000,8,0.580853283405304,0.2680809795856476,-0.0699993371963501,0.9991522431373596,557,144
150,5000,9,0.5768125653266907,0.28333237767219543,-0.01412077248096466,0.9969605803489685,553,152
150,5000,10,0.5795717239379883,0.28409263491630554,-0.03642217442393303,0.9983359575271606,556,153
150,5000,11,0.559188187122345,0.3374156355857849,0.061541490256786346,0.9995434284210205,536,182
150,5000,12,0.5742290019989014,0.3438860774040222,-0.10894381254911423,0.9999709129333496,551,185
150,5000,13,0.5607891082763672,0.43496155738830566,0.0894722118973732,0.04257989674806595,538,234
150,5000,14,0.5811029076576233,0.443680077791214,-0.11620336025953293,0.995428204536438,557,239
150,5000,15,0.5762466192245483,0.5119878649711609,0.06071534380316734,0.03208610415458679,553,276
150,5000,16,0.5973437428474426,0.5195977687835693,-0.0958852469921112,0.989090085029602,573,280
150,5000,17,0.5773584246635437,0.5358899235725403,0.06292860954999924,0.05472921207547188,554,289
150,5000,18,0.6002243757247925,0.5453540086746216,-0.11207544058561325,0.9808722734451294,576,294
150,5000,19,0.5787054896354675,0.5324036478996277,0.04359249770641327,0.05533045157790184,555,287
150,5000,20,0.6037995219230652,0.5447521805763245,-0.1108878031373024,0.9787915945053101,579,294
150,5000,21,0.5788295865058899,0.5288429260253906,0.05256886035203934,0.05359705165028572,555,285
150,5000,22,0.6028391718864441,0.5362869501113892,-0.09501592069864273,0.9621313214302063,578,289
150,5000,23,0.5616604685783386,0.5166672468185425,0.05449860543012619,0.9999561905860901,539,279
150,5000,24,0.567939043045044,0.5179237127304077,-0.054619524627923965,0.9999868273735046,545,279
150,5000,25,0.5894544720649719,0.6291615962982178,0.11194200813770294,0.7728502154350281,565,339
150,5000,26,0.5757104158401489,0.6435917615890503,-0.004380551632493734,0.977366030216217,552,347
150,5000,27,0.5459583401679993,0.7197209596633911,0.18336643278598785,0.9119499325752258,524,388
150,5000,28,0.5593782067298889,0.7630352973937988,0.04683467000722885,0.9938710331916809,537,412
150,5000,29,0.5349951982498169,0.72775799036026,0.1884160339832306,0.9200972318649292,513,392
150,5000,30,0.5502955913543701,0.7853652238845825,0.05112100765109062,0.9754229784011841,528,424
150,5000,31,0.5522367358207703,0.7475939393043518,0.16923187673091888,0.9163578152656555,530,403
150,5000,32,0.5926030278205872,0.7847055792808533,0.023268619552254677,0.9815950393676758,568,423
151,5033,0,0.5785725116729736,0.27110469341278076,-0.03419298678636551,0.9986382722854614,555,146
151,5033,1,0.5763808488845825,0.26087504625320435,-0.03100460022687912,0.9975702166557312,553,140
151,5033,2,0.5747036337852478,0.26089614629745483,-0.031135328114032745,0.9972097873687744,551,140
151,5033,3,0.5729575753211975,0.260998010635376,-0.031075505539774895,0.9975946545600891,550,140
151,5033,4,0.5803922414779663,0.26124098896980286,-0.046164434403181076,0.9987571239471436,557,141
151,5033,5,0.5815452933311462,0.26149553060531616,-0.04635770246386528,0.999256432056427,558,141
151,5033,6,0.5826136469841003,0.26167622208595276,-0.046400103718042374,0.9994537234306335,559,141
151,5033,7,0.5683851838111877,0.26690351963043213,-0.006229165475815535,0.9982671737670898,545,144
151,5033,8,0.5809799432754517,0.2677232325077057,-0.07425589114427567,0.999228835105896,557,144
151,5033,9,0.5757116079330444,0.28272196650505066,-0.020529812201857567,0.9972339868545532,552,152
151,5033,10,0.578904390335083,0.28381815552711487,-0.04138265177607536,0.9984858632087708,555,153
151,5033,11,0.560073971748352,0.3368214964866638,0.053055599331855774,0.9995794296264648,537,181
151,5033,12,0.5736894011497498,0.3419061303138733,-0.10893337428569794,0.9999731779098511,550,184
151,5033,13,0.5609723329544067,0.4345610737800598,0.08016553521156311,0.044764645397663116,538,234
151,5033,14,0.5801007747650146,0.4435652792453766,-0.11568630486726761,0.9955240488052368,556,239
151,5033,15,0.5748468637466431,0.5101163387298584,0.055106889456510544,0.033929359167814255,551,275
151,5033,16,0.5975830554962158,0.521420955657959,-0.09522606432437897,0.989942729473114,573,281
151,5033,17,0.5765329599380493,0.5345800518989563,0.05694825202226639,0.058500610291957855,553,288
151,5033,18,0.5996777415275574,0.547295331954956,-0.11148372292518616,0.9824367761611938,575,295
151,5033,19,0.5794684886932373,0.5323523283004761,0.03785751760005951,0.059060435742139816,556,287
151,5033,20,0.6037527918815613,0.5459553003311157,-0.10920347273349762,0.9805148243904114,579,294
151,5033,21,0.5793060660362244,0.5261122584342957,0.04723281413316727,0.056976694613695145,556,284
151,5033,22,0.6026701331138611,0.5383322238922119,-0.09403083473443985,0.9652079343795776,578,290
151,5033,23,0.5643911957740784,0.5171156525611877,0.054409392178058624,0.9999569058418274,541,279
151,5033,24,0.5692992806434631,0.5180473327636719,-0.05452885851264,0.9999872446060181,546,279
151,5033,25,0.5923982262611389,0.6293120384216309,0.11083673685789108,0.7565357685089111,568,339
151,5033,26,0.5747866034507751,0.6426815390586853,-0.0052915820851922035,0.9778076410293579,551,347
151,5033,27,0.5504874587059021,0.7203073501586914,0.1692887246608734,0.8937485814094543,528,388
151,5033,28,0.5600547790527344,0.7625244855880737,0.04624051973223686,0.9938775897026062,537,411
151,5033,29,0.537855863571167,0.7295235395431519,0.17437192797660828,0.9101611971855164,516,393
151,5033,30,0.5504735112190247,0.784083366394043,0.05035607889294624,0.9757137298583984,528,423
151,5033,31,0.5563780665397644,0.7430470585823059,0.1552000641822815,0.9066207408905029,534,401
151,5033,32,0.5933409333229065,0.7838171124458313,0.017759937793016434,0.9819030165672302,569,423
152,5066,0,0.5873443484306335,0.27098581194877625,-0.05003909394145012,0.998700737953186,563,146
152,5066,1,0.5853441953659058,0.2607189416885376,-0.04575269669294357,0.9977132678031921,561,140
152,5066,2,0.5837029814720154,0.2607748806476593,-0.045902546495199203,0.9973746538162231,560,140
152,5066,3,0.5820589661598206,0.2608981132507324,-0.04584266245365143,0.99773770570755,558,140
152,5066,4,0.5891568660736084,0.2607998549938202,-0.062447573989629745,0.9988264441490173,565,140
152,5066,5,0.5903451442718506,0.2608964145183563,-0.06263349205255508,0.9992932677268982,566,140
152,5066,6,0.5915826559066772,0.2609226107597351,-0.06270451843738556,0.9994828104972839,567,140
152,5066,7,0.5775205492973328,0.26659563183784485,-0.018986370414495468,0.9983789920806885,554,143
152,5066,8,0.590768575668335,0.26666560769081116,-0.09437894076108932,0.9992711544036865,567,143
152,5066,9,0.5845300555229187,0.28257855772972107,-0.03617652505636215,0.9974266886711121,561,152
152,5066,10,0.5877106189727783,0.2834186553955078,-0.05904856696724892,0.998591959476471,564,153
152,5066,11,0.5676082372665405,0.33639195561408997,0.03615305945277214,0.9996073842048645,544,181
152,5066,12,0.5814064145088196,0.3411239683628082,-0.12871436774730682,0.9999746084213257,558,184
152,5066,13,0.5662145614624023,0.4339295029640198,0.06368178129196167,0.043984152376651764,543,234
152,5066,14,0.5854377150535583,0.4436982572078705,-0.14230939745903015,0.9949424266815186,562,239
152,5066,15,0.5765734910964966,0.5084441900253296,0.0417415052652359,0.033575765788555145,553,274
152,5066,16,0.5985245108604431,0.5225268602371216,-0.11625422537326813,0.9898790717124939,574,282
152,5066,17,0.5795524716377258,0.532653272151947,0.04419752582907677,0.05849001184105873,556,287
152,5066,18,0.5999035239219666,0.547944962978363,-0.13172470033168793,0.9823679327964783,575,295
152,5066,19,0.5809375643730164,0.5321922302246094,0.026762843132019043,0.05897565558552742,557,287
152,5066,20,0.6042715311050415,0.5479241609573364,-0.12932096421718597,0.9803416132926941,580,295
152,5066,21,0.5811002850532532,0.5235351324081421,0.034507375210523605,0.056843604892492294,557,282
152,5066,22,0.6029735207557678,0.5400526523590088,-0.11488174647092819,0.9650173187255859,578,291
152,5066,23,0.5722107291221619,0.5158104300498962,0.05448998883366585,0.9999588131904602,549,278
152,5066,24,0.574024498462677,0.5179936289787292,-0.05461258813738823,0.9999879002571106,551,279
152,5066,25,0.6055874228477478,0.6200847029685974,0.13965843617916107,0.7420573234558105,581,334
152,5066,26,0.57199627161026,0.6370622515678406,0.0021780976094305515,0.9788269400596619,549,344
152,5066,27,0.5728731155395508,0.6609430313110352,0.2570860981941223,0.8701702356338501,549,356
152,5066,28,0.5600804686546326,0.7603474259376526,0.060902711004018784,0.9940389394760132,537,410
152,5066,29,0.5662945508956909,0.6620617508888245,0.26750558614730835,0.8859676122665405,543,357
152,5066,30,0.5506012439727783,0.782966136932373,0.06563996523618698,0.974179208278656,528,422
152,5066,31,0.5771392583847046,0.6866992712020874,0.260930597782135,0.8873321413993835,554,370
152,5066,32,0.5895597338676453,0.7838538885116577,0.027577243745326996,0.9823562502861023,565,423
153,5100,0,0.5900211930274963,0.26989150047302246,-0.05059001222252846,0.998806893825531,566,145
153,5100,1,0.587451159954071,0.2595985531806946,-0.0454677939414978,0.997901976108551,563,140
153,5100,2,0.5860190987586975,0.2596602141857147,-0.04561414197087288,0.9975986480712891,562,140
153,5100,3,0.584143877029419,0.25973498821258545,-0.04555639252066612,0.9979274868965149,560,140
153,5100,4,0.5906236171722412,0.2597348988056183,-0.06279157102108002,0.9989193081855774,566,140
153,5100,5,0.5910797119140625,0.25981462001800537,-0.062983937561512,0.9993496537208557,567,140
153,5100,6,0.5918890237808228,0.25982901453971863,-0.06305466592311859,0.9995226860046387,568,140
153,5100,7,0.578520655632019,0.2653125524520874,-0.013442227616906166,0.998518705368042,555,143
153,5100,8,0.589265763759613,0.26580244302749634,-0.09093372523784637,0.999329149723053,565,143
153,5100,9,0.586854875087738,0.2817630469799042,-0.034268613904714584,0.9976400136947632,563,152
153,5100,10,0.5894371867179871,0.2826865315437317,-0.05792684480547905,0.9987086653709412,565,152
153,5100,11,0.569545567035675,0.3360448181629181,0.04332815483212471,0.9996368288993835,546,181
153,5100,12,0.5810114741325378,0.3402579426765442,-0.12313217669725418,0.9999760389328003,557,183
153,5100,13,0.5676754117012024,0.4337933659553528,0.0723615512251854,0.045598309487104416,544,234
153,5100,14,0.5843183398246765,0.4435991048812866,-0.13616491854190826,0.9948734045028687,560,239
153,5100,15,0.577079176902771,0.5086187124252319,0.04872509464621544,0.034606218338012695,553,274
153,5100,16,0.5986793637275696,0.5232693552970886,-0.11245075613260269,0.9897816777229309,574,282
153,5100,17,0.5779964923858643,0.5334324240684509,0.05106611177325249,0.0599636472761631,554,288
153,5100,18,0.5998829007148743,0.5480024218559265,-0.12878672778606415,0.9823120832443237,575,295
153,5100,19,0.582195520401001,0.5321488380432129,0.03236180916428566,0.06033460795879364,558,287
153,5100,20,0.6043813824653625,0.5488378405570984,-0.12404729425907135,0.9802082777023315,580,296
153,5100,21,0.5828085541725159,0.523686945438385,0.04097950831055641,0.05827094987034798,559,282
153,5100,22,0.6037933230400085,0.5408515930175781,-0.11013943701982498,0.9650540351867676,579,292
153,5100,23,0.5757450461387634,0.5155819654464722,0.05333203822374344,0.999960720539093,552,278
153,5100,24,0.5758638978004456,0.5172985792160034,-0.053441815078258514,0.9999886155128479,552,279
153,5100,25,0.6135238409042358,0.6237793564796448,0.10055746138095856,0.7445928454399109,588,336
153,5100,26,0.5712711811065674,0.6364671587944031,0.006180295255035162,0.9798619747161865,548,343
153,5100,27,0.5716344118118286,0.6621596217155457,0.2102251499891281,0.8563792109489441,548,357
153,5100,28,0.5601896643638611,0.7592291831970215,0.0773160383105278,0.9943470358848572,537,409
153,5100,29,0.5651243329048157,0.6606104969978333,0.2202763557434082,0.8748199343681335,542,356
153,5100,30,0.5506131649017334,0.7828150391578674,0.08388831466436386,0.9750404953956604,528,422
153,5100,31,0.5684968829154968,0.7093935608863831,0.20962688326835632,0.8796988129615784,545,383
153,5100,32,0.5893118977546692,0.7844927310943604,0.04948600009083748,0.9832808375358582,565,423
154,5133,0,0.5951432585716248,0.2700023353099823,-0.045217230916023254,0.9988535642623901,571,145
154,5133,1,0.5932468175888062,0.2597162127494812,-0.04043786972761154,0.9979860782623291,569,140
154,5133,2,0.5916178226470947,0.25977957248687744,-0.04056544229388237,0.9977002739906311,567,140
154,5133,3,0.5897369980812073,0.259870707988739,-0.04051673412322998,0.9980292916297913,566,140
154,5133,4,0.5971792340278625,0.25981754064559937,-0.05771419033408165,0.9989530444145203,573,140
154,5133,5,0.5983662009239197,0.2599143385887146,-0.05790640041232109,0.9993605613708496,574,140
154,5133,6,0.5996444225311279,0.2599301040172577,-0.05797998607158661,0.999529242515564,575,140
154,5133,7,0.5849946737289429,0.26549842953681946,-0.01216833759099245,0.9986022114753723,561,143
154,5133,8,0.5984718203544617,0.2659439742565155,-0.09046034514904022,0.9993367195129395,574,143
154,5133,9,0.5921695828437805,0.28187084197998047,-0.03068183735013008,0.9977706670761108,568,152
154,5133,10,0.595434844493866,0.28278493881225586,-0.054385650902986526,0.9987621903419495,571,152
154,5133,11,0.5738702416419983,0.3360971212387085,0.047399263828992844,0.9996563196182251,550,181
154,5133,12,0.588909924030304,0.3405471742153168,-0.12558050453662872,0.9999743700027466,565,183
154,5133,13,0.5737621188163757,0.43464240431785583,0.07322481274604797,0.050355833023786545,550,234
154,5133,14,0.5900471806526184,0.44640564918518066,-0.13842906057834625,0.994976818561554,566,241
154,5133,15,0.5864337682723999,0.513030469417572,0.042314812541007996,0.037131667137145996,562,277
154,5133,16,0.600238025188446,0.5264987349510193,-0.11567506939172745,0.9892333149909973,576,284
154,5133,17,0.5876175761222839,0.5340399742126465,0.04251059517264366,0.06230350211262703,564,288
154,5133,18,0.6004503965377808,0.5489636659622192,-0.13284297287464142,0.980748176574707,576,296
154,5133,19,0.5903667211532593,0.5346297025680542,0.023886777460575104,0.0626397654414177,566,288
154,5133,20,0.6039665937423706,0.5510389804840088,-0.13080956041812897,0.9784143567085266,579,297
154,5133,21,0.5903096795082092,0.5246505737304688,0.034214846789836884,0.0600096732378006,566,283
154,5133,22,0.6037417650222778,0.5431281328201294,-0.11463826149702072,0.961661159992218,579,293
154,5133,23,0.5757896900177002,0.5156851410865784,0.05684609338641167,0.9999589920043945,552,278
154,5133,24,0.5835626125335693,0.5176278352737427,-0.056933045387268066,0.9999871850013733,560,279
154,5133,25,0.6069427132606506,0.6380370259284973,0.10706738382577896,0.7417389154434204,582,344
154,5133,26,0.5929450392723083,0.6369975209236145,-0.02322106435894966,0.9811781644821167,569,343
154,5133,27,0.5673862099647522,0.7435839772224426,0.17357029020786285,0.8627954721450806,544,401
154,5133,28,0.5727848410606384,0.7589980363845825,0.032455217093229294,0.9943776726722717,549,409
154,5133,29,0.5597676634788513,0.7654297351837158,0.17522460222244263,0.876275897026062,537,413
154,5133,30,0.5612772107124329,0.782582700252533,0.036636169999837875,0.9739764332771301,538,422
154,5133,31,0.5730167031288147,0.7747285962104797,0.14571478962898254,0.8825601935386658,550,418
154,5133,32,0.600951075553894,0.7864547967910767,0.0018736080965027213,0.983279287815094,576,424
155,5166,0,0.5971378684043884,0.2694742977619171,-0.04704699665307999,0.9989223480224609,573,145
155,5166,1,0.594672441482544,0.25941964983940125,-0.0417693667113781,0.9981076717376709,570,140
155,5166,2,0.5931485891342163,0.2594776153564453,-0.04189516231417656,0.9978436231613159,569,140
155,5166,3,0.5914911031723022,0.2594856321811676,-0.04184248298406601,0.998153030872345,567,140
155,5166,4,0.5981740951538086,0.2596442401409149,-0.05941976234316826,0.999011754989624,574,140
155,5166,5,0.5991540551185608,0.2597677409648895,-0.05961346626281738,0.9993952512741089,575,140
155,5166,6,0.6001062393188477,0.25979119539260864,-0.05968092754483223,0.999553382396698,576,140
155,5166,7,0.586044430732727,0.26489558815956116,-0.010806921869516373,0.998685359954834,562,143
155,5166,8,0.5976604223251343,0.2657994031906128,-0.08993949741125107,0.9993672370910645,573,143
155,5166,9,0.593791663646698,0.2818059027194977,-0.031273793429136276,0.9978917241096497,570,152
155,5166,10,0.5964646935462952,0.2827882170677185,-0.055398210883140564,0.9988255500793457,572,152
155,5166,11,0.5768107175827026,0.3360113501548767,0.04930976405739784,0.9996722936630249,553,181
155,5166,12,0.5889841914176941,0.3406639099121094,-0.12592580914497375,0.9999740123748779,565,183
155,5166,13,0.5767659544944763,0.4345290958881378,0.07605461776256561,0.050275690853595734,553,234
155,5166,14,0.5906970500946045,0.4463415741920471,-0.1409366875886917,0.9946650266647339,567,241
155,5166,15,0.5879951119422913,0.5130175948143005,0.04348029941320419,0.037593189626932144,564,277
155,5166,16,0.6004192233085632,0.5270916819572449,-0.1201920285820961,0.9889025092124939,576,284
155,5166,17,0.5882042646408081,0.5356433391571045,0.043990373611450195,0.06287621706724167,564,289
155,5166,18,0.6003055572509766,0.5489197969436646,-0.1380911022424698,0.9802907109260559,576,296
155,5166,19,0.591084897518158,0.5373414158821106,0.023336658254265785,0.06328775733709335,567,290
155,5166,20,0.6037676930427551,0.5507602691650391,-0.13490982353687286,0.9778911471366882,579,297
155,5166,21,0.5916295647621155,0.5260652899742126,0.03452311456203461,0.06049015000462532,567,284
155,5166,22,0.6036657094955444,0.5430448651313782,-0.11879672110080719,0.9607673287391663,579,293
155,5166,23,0.5813807845115662,0.515734076499939,0.05766948685050011,0.9999585747718811,558,278
155,5166,24,0.5834085941314697,0.517686665058136,-0.05775833874940872,0.9999867081642151,560,279
155,5166,25,0.6060807108879089,0.6462412476539612,0.0751429945230484,0.740503191947937,581,348
155,5166,26,0.5834105610847473,0.6378074288368225,-0.02394930273294449,0.9811110496520996,560,344
155,5166,27,0.5705732703208923,0.7547392845153809,0.12666894495487213,0.8636386394500732,547,407
155,5166,28,0.5713366866111755,0.7592735290527344,0.022851133719086647,0.994162917137146,548,410
155,5166,29,0.5621888041496277,0.7773197889328003,0.12904664874076843,0.8735923767089844,539,419
155,5166,30,0.5607673525810242,0.7823523283004761,0.025919513776898384,0.9724079370498657,538,422
155,5166,31,0.5752029418945312,0.7868795990943909,0.09281531721353531,0.8835940361022949,552,424
155,5166,32,0.5982566475868225,0.7874072194099426,-0.018701821565628052,0.9830278158187866,574,425
156,5200,0,0.6033838987350464,0.26998674869537354,-0.040617797523736954,0.9989737868309021,579,145
156,5200,1,0.6017201542854309,0.2598365843296051,-0.03352046012878418,0.9982014894485474,577,140
156,5200,2,0.6001092195510864,0.2598983943462372,-0.033638663589954376,0.9979447722434998,576,140
156,5200,3,0.5985516309738159,0.25993987917900085,-0.033584170043468475,0.9982495307922363,574,140
156,5200,4,0.6052513122558594,0.2600180506706238,-0.05074724182486534,0.9990596771240234,581,140
156,5200,5,0.6056308150291443,0.2601313889026642,-0.05094388872385025,0.9994195103645325,581,140
156,5200,6,0.6065710783004761,0.26019468903541565,-0.051018126308918,0.9995731115341187,582,140
156,5200,7,0.5936543941497803,0.26584985852241516,-0.0002190744417021051,0.9987486004829407,569,143
156,5200,8,0.6041494011878967,0.26685428619384766,-0.077049620449543,0.9993879199028015,579,144
156,5200,9,0.6003888845443726,0.28251931071281433,-0.024152129888534546,0.9980005025863647,576,152
156,5200,10,0.603374719619751,0.2834443151950836,-0.04774721711874008,0.99888014793396,579,153
156,5200,11,0.5838392972946167,0.33725228905677795,0.05896928533911705,0.9996840953826904,560,182
156,5200,12,0.5957503914833069,0.3427128195762634,-0.1093495562672615,0.9999743700027466,571,185
156,5200,13,0.5828427672386169,0.43458253145217896,0.080556720495224,0.04894854128360748,559,234
156,5200,14,0.5961143374443054,0.4470292031764984,-0.12413323670625687,0.9948126077651978,572,241
156,5200,15,0.5907931923866272,0.5127877593040466,0.04645290598273277,0.03811286389827728,567,276
156,5200,16,0.6014562845230103,0.5308190584182739,-0.117752805352211,0.9893690943717957,577,286
156,5200,17,0.5930095314979553,0.5372039675712585,0.047742996364831924,0.06332585960626602,569,290
156,5200,18,0.5999627709388733,0.5547774434089661,-0.1374310702085495,0.9809422492980957,575,299
156,5200,19,0.595726728439331,0.5362399220466614,0.027810055762529373,0.0637550801038742,571,289
156,5200,20,0.6038665771484375,0.5562748908996582,-0.13055074214935303,0.9786237478256226,579,300
156,5200,21,0.5971193313598633,0.5294017195701599,0.03784497082233429,0.060440074652433395,573,285
156,5200,22,0.6045622229576111,0.5486695766448975,-0.11716314405202866,0.9618681073188782,580,296
156,5200,23,0.5844922661781311,0.515769362449646,0.056763987988233566,0.9999561309814453,561,278
156,5200,24,0.589343786239624,0.5177087187767029,-0.056857649236917496,0.9999856352806091,565,279
156,5200,25,0.5949875116348267,0.643873393535614,0.08010517805814743,0.7206067442893982,571,347
156,5200,26,0.5889724493026733,0.6387186050415039,-0.027017742395401,0.9804141521453857,565,344
156,5200,27,0.5712786912918091,0.7604092359542847,0.13012252748012543,0.8613913059234619,548,410
156,5200,28,0.5731930136680603,0.7617771625518799,0.02532639540731907,0.9933921694755554,550,411
156,5200,29,0.5634654760360718,0.7788290977478027,0.13205255568027496,0.8684415221214294,540,420
156,5200,30,0.5580683946609497,0.7814218401908875,0.02904692478477955,0.968551516532898,535,421
156,5200,31,0.5811205506324768,0.7809416651725769,0.09935847669839859,0.8827491998672485,557,421
156,5200,32,0.595819890499115,0.7881672978401184,-0.01084783487021923,0.9820119738578796,571,425
157,5233,0,0.6065210700035095,0.2685382664203644,-0.0400577113032341,0.9990440011024475,582,145
157,5233,1,0.6037848591804504,0.2591933310031891,-0.03354271501302719,0.9983221888542175,579,139
157,5233,2,0.6022204756736755,0.25930696725845337,-0.03366308659315109,0.9980865120887756,578,140
157,5233,3,0.6006678342819214,0.2594698667526245,-0.0336095429956913,0.9983682036399841,576,140
157,5233,4,0.6070330142974854,0.25941115617752075,-0.05080756917595863,0.9991208910942078,582,140
157,5233,5,0.6077384352684021,0.25963595509529114,-0.05100321024656296,0.9994561672210693,583,140
157,5233,6,0.6077789068222046,0.25969555974006653,-0.05107618123292923,0.9995983839035034,583,140
157,5233,7,0.5943004488945007,0.2654778063297272,-0.00045457269879989326,0.9988384246826172,570,143
157,5233,8,0.604288637638092,0.26636144518852234,-0.07789108902215958,0.9994254112243652,580,143
157,5233,9,0.6023615002632141,0.2819749414920807,-0.023947101086378098,0.9981223940849304,578,152
157,5233,10,0.605785071849823,0.28295376896858215,-0.04758823290467262,0.9989445805549622,581,152
157,5233,11,0.5845621824264526,0.3371681869029999,0.059164728969335556,0.9996959567070007,561,182
157,5233,12,0.5980815291404724,0.34271907806396484,-0.11048460751771927,0.9999746084213257,574,185
157,5233,13,0.5825130939483643,0.43253403902053833,0.08091366291046143,0.04900263994932175,559,233
157,5233,14,0.5953763127326965,0.44609978795051575,-0.1320255696773529,0.9949294924736023,571,240
157,5233,15,0.5904138684272766,0.5127993822097778,0.04805946350097656,0.03840386122465134,566,276
157,5233,16,0.602733850479126,0.5299674272537231,-0.12482330948114395,0.9897987842559814,578,286
157,5233,17,0.5900105834007263,0.5361090898513794,0.04951874911785126,0.06399046629667282,566,289
157,5233,18,0.6005958318710327,0.553935706615448,-0.14381065964698792,0.9817257523536682,576,299
157,5233,19,0.5932238101959229,0.5360645651817322,0.029532382264733315,0.06440015137195587,569,289
157,5233,20,0.6049401164054871,0.555259644985199,-0.1404387205839157,0.9795103669166565,580,299
157,5233,21,0.5949283838272095,0.5311256647109985,0.039379119873046875,0.06080576404929161,571,286
157,5233,22,0.6059120893478394,0.5473102927207947,-0.1239142194390297,0.9633185863494873,581,295
157,5233,23,0.5835006237030029,0.5156258940696716,0.056825440376996994,0.9999547004699707,560,278
157,5233,24,0.5945387482643127,0.5176815390586853,-0.056926608085632324,0.9999850392341614,570,279
157,5233,25,0.5822195410728455,0.6424021124839783,0.11001046001911163,0.7126017808914185,558,346
157,5233,26,0.6189209818840027,0.638671875,-0.024299101904034615,0.9806155562400818,594,344
157,5233,27,0.5653613805770874,0.7575756907463074,0.16228526830673218,0.866485059261322,542,409
157,5233,28,0.6040185689926147,0.7616701722145081,0.026991065591573715,0.9933080077171326,579,411
157,5233,29,0.5566461682319641,0.7793514728546143,0.1640775203704834,0.8728857636451721,534,420
157,5233,30,0.5903360247612,0.7813202738761902,0.029905354604125023,0.9683399200439453,566,421
157,5233,31,0.582015335559845,0.7785100340843201,0.13764634728431702,0.8870039582252502,558,420
157,5233,32,0.6221814751625061,0.790627658367157,-0.00013451518316287547,0.9820157885551453,597,426
158,5266,0,0.6141589283943176,0.26905882358551025,-0.039539191871881485,0.9988411664962769,589,145
158,5266,1,0.6117843985557556,0.25950494408607483,-0.033410001546144485,0.9979715347290039,587,140
158,5266,2,0.6102588772773743,0.25961586833000183,-0.03353244438767433,0.9976212978363037,585,140
158,5266,3,0.6087453365325928,0.2597787380218506,-0.03347538411617279,0.9980739951133728,584,140
158,5266,4,0.615233838558197,0.25973397493362427,-0.050593357533216476,0.9989149570465088,590,140
158,5266,5,0.616179347038269,0.25997430086135864,-0.050789136439561844,0.9992823600769043,591,140
158,5266,6,0.6171023845672607,0.26008328795433044,-0.05085929110646248,0.9994953274726868,592,140
158,5266,7,0.6036221981048584,0.2664792835712433,0.00116620899643749,0.9985607862472534,579,143
158,5266,8,0.615109384059906,0.267129510641098,-0.0777658149600029,0.9992121458053589,590,144
158,5266,9,0.6104600429534912,0.28276124596595764,-0.02390090376138687,0.9978464245796204,586,152
158,5266,10,0.6132819056510925,0.28350165486335754,-0.047287702560424805,0.9987584352493286,588,153
158,5266,11,0.5955912470817566,0.33750081062316895,0.06106243655085564,0.999687910079956,571,182
158,5266,12,0.6041117310523987,0.3428853750228882,-0.11117492616176605,0.9999714493751526,579,185
158,5266,13,0.5922242403030396,0.4378122091293335,0.08622828871011734,0.04587123915553093,568,236
158,5266,14,0.5990553498268127,0.4461669921875,-0.13190943002700806,0.9943751096725464,575,240
158,5266,15,0.6000476479530334,0.5178607106208801,0.049149878323078156,0.036744214594364166,576,279
158,5266,16,0.6053699851036072,0.5306698083877563,-0.12219051271677017,0.9878843426704407,581,286
158,5266,17,0.6004945039749146,0.5508395433425903,0.05045073851943016,0.061175376176834106,576,297
158,5266,18,0.6016632318496704,0.5562880635261536,-0.14072613418102264,0.977957010269165,577,300
158,5266,19,0.6024356484413147,0.5459734201431274,0.030864525586366653,0.06157495081424713,578,294
158,5266,20,0.6069195866584778,0.557803213596344,-0.13942502439022064,0.9753164052963257,582,301
158,5266,21,0.6040313839912415,0.5424919128417969,0.039672818034887314,0.05778798833489418,579,292
158,5266,22,0.6085044145584106,0.549658477306366,-0.12179367989301682,0.9555125832557678,584,296
158,5266,23,0.5962575674057007,0.5212847590446472,0.056676410138607025,0.9999523758888245,572,281
158,5266,24,0.5960462093353271,0.5229277014732361,-0.0567711740732193,0.9999830722808838,572,282
158,5266,25,0.6287679672241211,0.6421207189559937,0.07697542011737823,0.6941476464271545,603,346
158,5266,26,0.604213297367096,0.640162467956543,-0.02267821878194809,0.9772285223007202,580,345
158,5266,27,0.6098344922065735,0.7704623937606812,0.1246519610285759,0.8678082227706909,585,416
158,5266,28,0.5844296216964722,0.7614617347717285,0.04377598688006401,0.9914122819900513,561,411
158,5266,29,0.602685809135437,0.7922466993331909,0.12557430565357208,0.8659066557884216,578,427
158,5266,30,0.5873982310295105,0.7811626195907593,0.04857446998357773,0.9567441344261169,563,421
158,5266,31,0.6246086955070496,0.7908545136451721,0.0812767744064331,0.8879163265228271,599,427
158,5266,32,0.6206772923469543,0.7852199673652649,0.004753208719193935,0.9791255593299866,595,424
159,5300,0,0.6139048933982849,0.26921382546424866,-0.039463069289922714,0.9989357590675354,589,145
159,5300,1,0.6108617186546326,0.2595939040184021,-0.03323401138186455,0.9981371164321899,586,140
159,5300,2,0.6091366410255432,0.2597229778766632,-0.03335690498352051,0.9978182315826416,584,140
159,5300,3,0.6073392629623413,0.25990229845046997,-0.03329969942569733,0.9982303380966187,583,140
159,5300,4,0.6149049997329712,0.2597930431365967,-0.05039772763848305,0.9990032315254211,590,140
159,5300,5,0.6160246729850769,0.2600449025630951,-0.05059327557682991,0.9993410110473633,591,140
159,5300,6,0.6170710921287537,0.26017051935195923,-0.05066350847482681,0.9995356798171997,592,140
159,5300,7,0.6024247407913208,0.2665397524833679,-0.0033137784339487553,0.9986814856529236,578,143
159,5300,8,0.6149442791938782,0.2672880291938782,-0.08086501061916351,0.9992775321006775,590,144
159,5300,9,0.6100727915763855,0.28277134895324707,-0.023681683465838432,0.998016893863678,585,152
159,5300,10,0.6135645508766174,0.2835123538970947,-0.04707307368516922,0.9988547563552856,589,153
159,5300,11,0.5933554172515869,0.3373125493526459,0.05990767106413841,0.999701201915741,569,182
159,5300,12,0.6065216064453125,0.34278154373168945,-0.11509893089532852,0.999972403049469,582,185
159,5300,13,0.588850200176239,0.4377627670764923,0.08600533753633499,0.04701802507042885,565,236
159,5300,14,0.6017640829086304,0.4460547864437103,-0.14026717841625214,0.9943892955780029,577,240
159,5300,15,0.5952020883560181,0.5187170505523682,0.05205696076154709,0.03731287643313408,571,280
159,5300,16,0.6080647110939026,0.5300626158714294,-0.13092656433582306,0.9884666800498962,583,286
159,5300,17,0.5949491858482361,0.5480667948722839,0.05394824594259262,0.06257543712854385,571,295
159,5300,18,0.6040394902229309,0.5560405254364014,-0.14943644404411316,0.9791064858436584,579,300
159,5300,19,0.5991992354393005,0.549106776714325,0.03541997820138931,0.06294851750135422,575,296
159,5300,20,0.6092387437820435,0.5577903389930725,-0.14679521322250366,0.976570188999176,584,301
159,5300,21,0.6005010604858398,0.543673038482666,0.04365662857890129,0.0588233582675457,576,293
159,5300,22,0.611164927482605,0.5488633513450623,-0.12970176339149475,0.9576133489608765,586,296
159,5300,23,0.5919138789176941,0.5224296450614929,0.057195644825696945,0.9999529719352722,568,282
159,5300,24,0.6037744283676147,0.5234696269035339,-0.05730442702770233,0.9999832510948181,579,282
159,5300,25,0.5888410210609436,0.6414753794670105,0.12594111263751984,0.7038376927375793,565,346
159,5300,26,0.6330709457397461,0.639396071434021,-0.006837332621216774,0.9781957864761353,607,345
159,5300,27,0.6042231321334839,0.7615506649017334,0.17338255047798157,0.8774926066398621,580,411
159,5300,28,0.6355270147323608,0.762747585773468,0.05521457642316818,0.9917896389961243,610,411
159,5300,29,0.5950114130973816,0.7833225131034851,0.17451722919940948,0.8755308985710144,571,422
159,5300,30,0.6284887790679932,0.7855067253112793,0.05956070497632027,0.9594393968582153,603,424
159,5300,31,0.5967904329299927,0.785369873046875,0.143773153424263,0.8954704999923706,572,424
159,5300,32,0.6633535623550415,0.7851097583770752,0.023582080379128456,0.9797486662864685,636,423
160,5333,0,0.6198427081108093,0.2714588940143585,-0.027746176347136497,0.9989884495735168,595,146
160,5333,1,0.6168476343154907,0.2612646222114563,-0.02504357509315014,0.9982516765594482,592,141
160,5333,2,0.6153039336204529,0.2613004744052887,-0.02516883611679077,0.9979536533355713,590,141
160,5333,3,0.6136705279350281,0.26141875982284546,-0.02511981874704361,0.9983498454093933,589,141
160,5333,4,0.6212272047996521,0.26171040534973145,-0.04002424702048302,0.999056875705719,596,141
160,5333,5,0.6224703192710876,0.26202499866485596,-0.04022323712706566,0.9993705153465271,597,141
160,5333,6,0.6238136291503906,0.26232805848121643,-0.04028951749205589,0.9995564222335815,598,141
160,5333,7,0.608958899974823,0.26762598752975464,-0.003408574964851141,0.9987766146659851,584,144
160,5333,8,0.6228323578834534,0.26936075091362,-0.07395640015602112,0.9993046522140503,597,145
160,5333,9,0.6162727475166321,0.28463250398635864,-0.016030166298151016,0.9981409311294556,591,153
160,5333,10,0.619766354560852,0.28582900762557983,-0.03667255863547325,0.9989079833030701,594,154
160,5333,11,0.5977426767349243,0.337986022233963,0.057805974036455154,0.9997085332870483,573,182
160,5333,12,0.6126051545143127,0.3441397249698639,-0.1034875437617302,0.9999668002128601,588,185
160,5333,13,0.5999348759651184,0.43932655453681946,0.0809001699090004,0.050852298736572266,575,237
160,5333,14,0.6059471368789673,0.447252482175827,-0.12372712045907974,0.9918337464332581,581,241
160,5333,15,0.6155880689620972,0.52329421043396,0.047740038484334946,0.0394514761865139,590,282
160,5333,16,0.6100176572799683,0.5312978625297546,-0.11017390340566635,0.9806675910949707,585,286
160,5333,17,0.6168535947799683,0.5465023517608643,0.048480406403541565,0.06520523875951767,592,295
160,5333,18,0.605306088924408,0.5565336346626282,-0.12336321175098419,0.968204915523529,581,300
160,5333,19,0.6172037720680237,0.5477622747421265,0.031657714396715164,0.06547020375728607,592,295
160,5333,20,0.6093867421150208,0.5579702258110046,-0.12536285817623138,0.9641625285148621,585,301
160,5333,21,0.6202040314674377,0.5419432520866394,0.04017089679837227,0.06082003563642502,595,292
160,5333,22,0.6112615466117859,0.549422562122345,-0.11070907860994339,0.9406425952911377,586,296
160,5333,23,0.5930238366127014,0.5277413129806519,0.05552246421575546,0.9999552369117737,569,284
160,5333,24,0.6127309203147888,0.5257858633995056,-0.055669527500867844,0.999983549118042,588,283
160,5333,25,0.5823097825050354,0.64305180311203,0.12854783236980438,0.7241533398628235,559,347
160,5333,26,0.6406792998313904,0.6392320394515991,0.013853401876986027,0.9792210459709167,615,345
160,5333,27,0.5960205793380737,0.7573379278182983,0.17856265604496002,0.8878738284111023,572,408
160,5333,28,0.6549009680747986,0.7624663710594177,0.06732494384050369,0.9922783374786377,628,411
160,5333,29,0.582984983921051,0.779775857925415,0.18016719818115234,0.8849632143974304,559,421
160,5333,30,0.6510947942733765,0.7851159572601318,0.07058417052030563,0.9621164798736572,625,423
160,5333,31,0.5888217687606812,0.7814399600028992,0.15167589485645294,0.9031454920768738,565,421
160,5333,32,0.6833603978157043,0.7757101058959961,0.03544044494628906,0.9805942177772522,656,418
161,5366,0,0.6220853924751282,0.272689551115036,-0.033349260687828064,0.9990634322166443,597,147
161,5366,1,0.6188822984695435,0.26232337951660156,-0.0294711384922266,0.9983848333358765,594,141
161,5366,2,0.6173476576805115,0.26229327917099,-0.029597479850053787,0.9981123208999634,592,141
161,5366,3,0.6153048872947693,0.2622956931591034,-0.029552927240729332,0.9984782338142395,590,141
161,5366,4,0.6225559711456299,0.2628915309906006,-0.0455741360783577,0.9991283416748047,597,141
161,5366,5,0.6235033273696899,0.26321882009506226,-0.045770104974508286,0.9994174838066101,598,142
161,5366,6,0.6244626641273499,0.26348528265953064,-0.045839760452508926,0.9995889067649841,599,142
161,5366,7,0.6102716326713562,0.26824483275413513,-0.005102008581161499,0.998878002166748,585,144
161,5366,8,0.6226323246955872,0.27015259861946106,-0.07915428280830383,0.999358057975769,597,145
161,5366,9,0.6184340715408325,0.28549227118492126,-0.020139582455158234,0.9982929229736328,593,154
161,5366,10,0.6216091513633728,0.2866978049278259,-0.04232710599899292,0.9989942908287048,596,154
161,5366,11,0.6016725897789001,0.338435560464859,0.057925887405872345,0.9997206330299377,577,182
161,5366,12,0.6127145886421204,0.3443811237812042,-0.11089345812797546,0.9999670386314392,588,185
161,5366,13,0.601338267326355,0.43946704268455505,0.08169804513454437,0.055638886988162994,577,237
161,5366,14,0.6034785509109497,0.44732677936553955,-0.13820093870162964,0.9918208718299866,579,241
161,5366,15,0.6185691356658936,0.5259119272232056,0.047078993171453476,0.04629115015268326,593,283
161,5366,16,0.6093607544898987,0.533536970615387,-0.13317206501960754,0.981818437576294,584,288
161,5366,17,0.6204644441604614,0.5462693572044373,0.047242529690265656,0.07697047293186188,595,294
161,5366,18,0.6046968698501587,0.5587304830551147,-0.15074530243873596,0.9701495170593262,580,301
161,5366,19,0.6196529865264893,0.5464495420455933,0.028572287410497665,0.07776884734630585,594,295
161,5366,20,0.6088923811912537,0.5605245232582092,-0.1513136923313141,0.966346263885498,584,302
161,5366,21,0.6228823065757751,0.5412070155143738,0.03876878321170807,0.0722443237900734,597,292
161,5366,22,0.61081463098526,0.552769124507904,-0.13324500620365143,0.9440996646881104,586,298
161,5366,23,0.5967198014259338,0.5278555750846863,0.05618054047226906,0.999955415725708,572,285
161,5366,24,0.612469494342804,0.5261229872703552,-0.056342530995607376,0.9999832510948181,587,284
161,5366,25,0.5792820453643799,0.6454429626464844,0.13167084753513336,0.7396038770675659,556,348
161,5366,26,0.642632782459259,0.6392314434051514,0.008824454620480537,0.9799032211303711,616,345
161,5366,27,0.5837520956993103,0.7567861080169678,0.18195678293704987,0.8965139389038086,560,408
161,5366,28,0.6566949486732483,0.7623053193092346,0.07017403095960617,0.9925209283828735,630,411
161,5366,29,0.5731748342514038,0.7800117135047913,0.18361012637615204,0.8932721614837646,550,421
161,5366,30,0.6522741913795471,0.784805953502655,0.07430677860975266,0.9642298817634583,626,423
161,5366,31,0.5857788324356079,0.7807531356811523,0.15372982621192932,0.9097277522087097,562,421
161,5366,32,0.6852697730064392,0.7742426991462708,0.03886895626783371,0.980851948261261,657,418
162,5400,0,0.6292555332183838,0.27707362174987793,-0.03146829456090927,0.9991042017936707,604,149
162,5400,1,0.6272911429405212,0.26661455631256104,-0.02787109836935997,0.998477041721344,602,143
162,5400,2,0.6257379055023193,0.26654818654060364,-0.02799912542104721,0.9982178211212158,600,143
162,5400,3,0.6241033673286438,0.26653844118118286,-0.02794589474797249,0.9985671043395996,599,143
162,5400,4,0.630733072757721,0.2669823169708252,-0.04343163222074509,0.9991763830184937,605,144
162,5400,5,0.6316387057304382,0.2671676278114319,-0.04362967982888222,0.9994471073150635,606,144
162,5400,6,0.632600724697113,0.26736462116241455,-0.0437023900449276,0.9996108412742615,607,144
162,5400,7,0.6191602349281311,0.2717720568180084,-0.004654630087316036,0.9989445209503174,594,146
162,5400,8,0.6305503845214844,0.27333149313926697,-0.07500696927309036,0.9993882775306702,605,147
162,5400,9,0.6256113052368164,0.28904154896736145,-0.018361559137701988,0.9983854293823242,600,156
162,5400,10,0.6286637187004089,0.28988584876060486,-0.03978057578206062,0.9990389347076416,603,156
162,5400,11,0.6085120439529419,0.3399704396724701,0.05783498287200928,0.999718427658081,584,183
162,5400,12,0.6219456791877747,0.34596800804138184,-0.10516954213380814,0.9999663829803467,597,186
162,5400,13,0.606857419013977,0.43962526321411133,0.08029055595397949,0.05473906546831131,582,237
162,5400,14,0.6123217940330505,0.44896969199180603,-0.13019110262393951,0.9911887645721436,587,242
162,5400,15,0.6148769855499268,0.5248469114303589,0.04488662630319595,0.04481089487671852,590,283
162,5400,16,0.6143370866775513,0.5355348587036133,-0.13287557661533356,0.9815456867218018,589,289
162,5400,17,0.6186897158622742,0.5500660538673401,0.04444676637649536,0.07483837008476257,593,297
162,5400,18,0.6089516282081604,0.5596938729286194,-0.14655351638793945,0.9698468446731567,584,302
162,5400,19,0.6202467083930969,0.5481298565864563,0.026732293888926506,0.07553326338529587,595,295
162,5400,20,0.6132616400718689,0.562650740146637,-0.14703740179538727,0.9659464359283447,588,303
162,5400,21,0.6210623979568481,0.5439046621322632,0.03702729567885399,0.07000907510519028,596,293
162,5400,22,0.6154428720474243,0.554984450340271,-0.13023002445697784,0.943203330039978,590,299
162,5400,23,0.6031152606010437,0.528937816619873,0.05510489642620087,0.9999573230743408,578,285
162,5400,24,0.6202001571655273,0.5282641649246216,-0.05527021735906601,0.9999837875366211,595,285
162,5400,25,0.5811765789985657,0.6447887420654297,0.12395510822534561,0.7515063881874084,557,348
162,5400,26,0.646626889705658,0.6392881870269775,0.007378209847956896,0.9802802205085754,620,345
162,5400,27,0.5806582570075989,0.7551168203353882,0.1733226776123047,0.9036202430725098,557,407
162,5400,28,0.6689459085464478,0.7593562602996826,0.06776538491249084,0.9927810430526733,642,410
162,5400,29,0.5670670866966248,0.7769518494606018,0.17283682525157928,0.9003626108169556,544,419
162,5400,30,0.6674938797950745,0.7847341299057007,0.06712450832128525,0.9664146900177002,640,423
162,5400,31,0.5838169455528259,0.7797796726226807,0.1481064409017563,0.9146332144737244,560,421
162,5400,32,0.7000763416290283,0.7648816108703613,0.03720970079302788,0.9811970591545105,672,413
163,5433,0,0.6299581527709961,0.27837491035461426,-0.031031612306833267,0.9991723299026489,604,150
163,5433,1,0.6274844408035278,0.2680942416191101,-0.02780822478234768,0.9986006021499634,602,144
163,5433,2,0.6259791254997253,0.2679589092731476,-0.027938667684793472,0.9983626008033752,600,144
163,5433,3,0.6243420839309692,0.26787513494491577,-0.027888575568795204,0.9986861348152161,599,144
163,5433,4,0.6312761902809143,0.26858267188072205,-0.04353828355669975,0.9992407560348511,606,145
163,5433,5,0.6322781443595886,0.268792986869812,-0.04373461380600929,0.9994887709617615,606,145
163,5433,6,0.6332689523696899,0.2690044939517975,-0.04380262270569801,0.9996397495269775,607,145
163,5433,7,0.6189051270484924,0.2728254497051239,-0.005808635614812374,0.9990342259407043,594,147
163,5433,8,0.6319673657417297,0.2747448980808258,-0.07616770267486572,0.9994325041770935,606,148
163,5433,9,0.6255751848220825,0.28974756598472595,-0.018303845077753067,0.998516321182251,600,156
163,5433,10,0.62892746925354,0.2909975051879883,-0.039954669773578644,0.9991113543510437,603,157
163,5433,11,0.6081634163856506,0.34026268124580383,0.057528961449861526,0.999733030796051,583,183
163,5433,12,0.6239062547683716,0.34633445739746094,-0.10831231623888016,0.999966561794281,598,187
163,5433,13,0.6072700619697571,0.4390884041786194,0.08047656714916229,0.05708065256476402,582,237
163,5433,14,0.6111745834350586,0.4488871991634369,-0.13770748674869537,0.9904043674468994,586,242
163,5433,15,0.6206943988800049,0.5243105888366699,0.045809052884578705,0.04801786318421364,595,283
163,5433,16,0.6156002879142761,0.5353336334228516,-0.13197441399097443,0.9810389280319214,590,289
163,5433,17,0.6227734088897705,0.548750638961792,0.04571038484573364,0.08061102777719498,597,296
163,5433,18,0.6100267767906189,0.5592709183692932,-0.14718316495418549,0.9693586826324463,585,302
163,5433,19,0.6250126957893372,0.5479456186294556,0.02749011293053627,0.0813957005739212,600,295
163,5433,20,0.6153624057769775,0.5619524717330933,-0.14735446870326996,0.9653339385986328,590,303
163,5433,21,0.6246981024742126,0.5425218939781189,0.0378524474799633,0.07500152289867401,599,292
163,5433,22,0.6177655458450317,0.5546030402183533,-0.1309790164232254,0.9422726035118103,593,299
163,5433,23,0.6026080250740051,0.5287467241287231,0.05561409145593643,0.9999596476554871,578,285
163,5433,24,0.6224924325942993,0.5279711484909058,-0.05579949915409088,0.9999843835830688,597,285
163,5433,25,0.5835210680961609,0.6437024474143982,0.12589068710803986,0.7611206769943237,560,347
163,5433,26,0.6480863094329834,0.6392923593521118,0.012683303095400333,0.9801853895187378,622,345
163,5433,27,0.5728766918182373,0.7549623847007751,0.17474980652332306,0.9092659950256348,549,407
163,5433,28,0.67066490650177,0.7589604258537292,0.065199114382267,0.9928598403930664,643,409
163,5433,29,0.5609748959541321,0.7755349278450012,0.17591170966625214,0.9064825177192688,538,418
163,5433,30,0.6696881055831909,0.7845514416694641,0.06726756691932678,0.9681916236877441,642,423
163,5433,31,0.5837786197662354,0.7786416411399841,0.15464124083518982,0.9178834557533264,560,420
163,5433,32,0.7021493911743164,0.7625113725662231,0.037449911236763,0.9807454943656921,674,411
164,5466,0,0.6368008255958557,0.2821163833141327,-0.03648535907268524,0.9992191195487976,611,152
164,5466,1,0.6348528265953064,0.2718994617462158,-0.031821925193071365,0.9986791014671326,609,146
164,5466,2,0.6334328055381775,0.2717588543891907,-0.03195333108305931,0.9984619617462158,608,146
164,5466,3,0.6315497756004333,0.2717105746269226,-0.03192051127552986,0.998769998550415,606,146
164,5466,4,0.6384339928627014,0.27234575152397156,-0.04753103107213974,0.9992846846580505,612,147
164,5466,5,0.6396311521530151,0.2724683880805969,-0.047727927565574646,0.999517560005188,614,147
164,5466,6,0.6409310102462769,0.2725978195667267,-0.04780279099941254,0.9996597170829773,615,147
164,5466,7,0.6265984177589417,0.27790990471839905,-0.006616020575165749,0.9991007447242737,601,150
164,5466,8,0.6401712894439697,0.27918505668640137,-0.07670652121305466,0.9994626641273499,614,150
164,5466,9,0.6339387893676758,0.2931766211986542,-0.022864434868097305,0.9986313581466675,608,158
164,5466,10,0.6369287967681885,0.29438021779060364,-0.04437467083334923,0.9991753697395325,611,158
164,5466,11,0.6196429133415222,0.3439698815345764,0.057581327855587006,0.9997434616088867,594,185
164,5466,12,0.6293485760688782,0.3509099781513214,-0.10942723602056503,0.9999669194221497,604,189
164,5466,13,0.6261027455329895,0.4432012438774109,0.08220572024583817,0.06706169992685318,601,239
164,5466,14,0.6154536604881287,0.45160189270973206,-0.13717016577720642,0.9904762506484985,590,243
164,5466,15,0.6484723687171936,0.5060673356056213,0.044580232352018356,0.07230835407972336,622,273
164,5466,16,0.6178416013717651,0.5372400879859924,-0.1428862363100052,0.9825072884559631,593,290
164,5466,17,0.6573442816734314,0.5260658860206604,0.04418826103210449,0.11581428349018097,631,284
164,5466,18,0.6123734712600708,0.5597256422042847,-0.16155247390270233,0.9717969298362732,587,302
164,5466,19,0.6605532765388489,0.5235072374343872,0.023393644019961357,0.11926154792308807,634,282
164,5466,20,0.6164759397506714,0.5623053312301636,-0.16473621129989624,0.9681281447410583,591,303
164,5466,21,0.6585012674331665,0.5205334424972534,0.035347189754247665,0.11111295223236084,632,281
164,5466,22,0.619520902633667,0.5553616285324097,-0.1442396193742752,0.9468733668327332,594,299
164,5466,23,0.6112768054008484,0.5301195979118347,0.05558596923947334,0.9999558925628662,586,286
164,5466,24,0.6253921985626221,0.5287247896194458,-0.05576665326952934,0.9999822974205017,600,285
164,5466,25,0.5894137024879456,0.6445049047470093,0.11757157742977142,0.7629115581512451,565,348
164,5466,26,0.6540117263793945,0.6399831175804138,-0.00017926744476426393,0.9794124364852905,627,345
164,5466,27,0.5711422562599182,0.7546716332435608,0.13684286177158356,0.9127581715583801,548,407
164,5466,28,0.6780977845191956,0.7589464783668518,0.05075329169631004,0.9922341704368591,650,409
164,5466,29,0.5594626665115356,0.7751529216766357,0.1355053335428238,0.9107943773269653,537,418
164,5466,30,0.6769273281097412,0.7844717502593994,0.05347182974219322,0.9687893390655518,649,423
164,5466,31,0.5850208401679993,0.7784307599067688,0.10052873939275742,0.9203847646713257,561,420
164,5466,32,0.7090608477592468,0.7585858106613159,0.01690400019288063,0.9790575504302979,680,409
165,5500,0,0.6364039182662964,0.28294628858566284,-0.04165390506386757,0.9992886185646057,610,152
165,5500,1,0.6344587802886963,0.2722889482975006,-0.03687603771686554,0.998795211315155,609,147
165,5500,2,0.6329343914985657,0.2720600366592407,-0.03701150789856911,0.9985986948013306,607,146
165,5500,3,0.6312178373336792,0.2719017267227173,-0.036981530487537384,0.9988802075386047,605,146
165,5500,4,0.6380967497825623,0.2729862630367279,-0.052535369992256165,0.9993481636047363,612,147
165,5500,5,0.6391680240631104,0.2731904685497284,-0.05273260176181793,0.9995602369308472,613,147
165,5500,6,0.6402159333229065,0.27335235476493835,-0.05280006304383278,0.9996896982192993,614,147
165,5500,7,0.626487135887146,0.27787694334983826,-0.009990989230573177,0.9991828799247742,601,150
165,5500,8,0.6387659311294556,0.27980566024780273,-0.07971016317605972,0.9995097517967224,613,151
165,5500,9,0.6338359117507935,0.2938770353794098,-0.027462424710392952,0.9987577795982361,608,158
165,5500,10,0.636194109916687,0.2954559922218323,-0.048869021236896515,0.9992507100105286,610,159
165,5500,11,0.6204352974891663,0.3448405861854553,0.056670960038900375,0.9997596740722656,595,186
165,5500,12,0.6295493841171265,0.35244452953338623,-0.1113307848572731,0.999968945980072,604,190
165,5500,13,0.6279995441436768,0.44553717970848083,0.08258283883333206,0.0723683163523674,602,240
165,5500,14,0.6134191155433655,0.45228317379951477,-0.13633204996585846,0.9910188317298889,588,244
165,5500,15,0.6459872126579285,0.4995921850204468,0.04477526992559433,0.08712057024240494,620,269
165,5500,16,0.616527259349823,0.5383002758026123,-0.1361934244632721,0.9840230345726013,591,290
165,5500,17,0.6559610962867737,0.518324077129364,0.04448433592915535,0.14090292155742645,629,279
165,5500,18,0.6113603711128235,0.5608566999435425,-0.15401074290275574,0.9742692112922668,586,302
165,5500,19,0.6591374278068542,0.5160712003707886,0.024953413754701614,0.14618554711341858,632,278
165,5500,20,0.6167078614234924,0.5632839202880859,-0.15494585037231445,0.9709320068359375,592,304
165,5500,21,0.6572675704956055,0.5136488080024719,0.036225270479917526,0.13728007674217224,630,277
165,5500,22,0.6191977262496948,0.5566422343254089,-0.13649694621562958,0.9515244364738464,594,300
165,5500,23,0.6148011684417725,0.5323598980903625,0.055444732308387756,0.9999567270278931,590,287
165,5500,24,0.6283248662948608,0.5314677357673645,-0.05562657117843628,0.9999825954437256,603,286
165,5500,25,0.5909662246704102,0.6464627385139465,0.11992170661687851,0.7680742144584656,567,349
165,5500,26,0.6567938923835754,0.6422743797302246,0.015148731879889965,0.9795839190483093,630,346
165,5500,27,0.5696122050285339,0.7544634342193604,0.1465575248003006,0.9164904952049255,546,407
165,5500,28,0.6783844232559204,0.758597195148468,0.07153729349374771,0.9923204183578491,651,409
165,5500,29,0.5583279132843018,0.7747981548309326,0.14486581087112427,0.9154360890388489,535,418
165,5500,30,0.6775369048118591,0.7843067646026611,0.07534744590520859,0.9704375863075256,650,423
165,5500,31,0.5850658416748047,0.7783727645874023,0.11971544474363327,0.9235962629318237,561,420
165,5500,32,0.7097392678260803,0.7573739290237427,0.04533892869949341,0.9792302250862122,681,408
166,5533,0,0.6462282538414001,0.28474342823028564,-0.04129742830991745,0.9993473887443542,620,153
166,5533,1,0.6438578963279724,0.27498573064804077,-0.03599414601922035,0.9988843202590942,618,148
166,5533,2,0.6424316763877869,0.27472811937332153,-0.03612790256738663,0.9986957907676697,616,148
166,5533,3,0.6405423283576965,0.27455586194992065,-0.03609270602464676,0.9989619255065918,614,148
166,5533,4,0.6472010016441345,0.275710791349411,-0.0519898496568203,0.9993976354598999,621,148
166,5533,5,0.6481915712356567,0.275887131690979,-0.05218857526779175,0.9995909929275513,622,148
166,5533,6,0.6479251384735107,0.2758513391017914,-0.052258361130952835,0.9997115731239319,622,148
166,5533,7,0.636521577835083,0.280030757188797,-0.0030147305224090815,0.9992367625236511,611,151
166,5533,8,0.6476871371269226,0.28159889578819275,-0.07843927294015884,0.9995390772819519,621,152
166,5533,9,0.6438307166099548,0.29596689343452454,-0.026562757790088654,0.9988588690757751,618,159
166,5533,10,0.6460747122764587,0.2973441183567047,-0.048659808933734894,0.9993112087249756,620,160
166,5533,11,0.6350424289703369,0.3482622504234314,0.06087855249643326,0.999776303768158,609,188
166,5533,12,0.6352683305740356,0.3571557104587555,-0.11389239132404327,0.9999710321426392,609,192
166,5533,13,0.638909637928009,0.4480026662349701,0.08829227834939957,0.07048699259757996,613,241
166,5533,14,0.6202772855758667,0.45389920473098755,-0.1445055603981018,0.991654098033905,595,245
166,5533,15,0.6615728735923767,0.5025599002838135,0.05427884683012962,0.0901813730597496,635,271
166,5533,16,0.6203811764717102,0.5418406128883362,-0.15038494765758514,0.984329879283905,595,292
166,5533,17,0.6666150689125061,0.5157479643821716,0.05400067940354347,0.14356058835983276,639,278
166,5533,18,0.6148828268051147,0.5639906525611877,-0.1697714924812317,0.9739602208137512,590,304
166,5533,19,0.669666051864624,0.5121876001358032,0.03321937099099159,0.14977887272834778,642,276
166,5533,20,0.6203163862228394,0.5663222670555115,-0.1714295893907547,0.9708393812179565,595,305
166,5533,21,0.6678298115730286,0.5098042488098145,0.04481445625424385,0.13998709619045258,641,275
166,5533,22,0.6228762269020081,0.5599507093429565,-0.15186133980751038,0.9505923390388489,597,302
166,5533,23,0.6376060247421265,0.5371816754341125,0.05698351562023163,0.9999575018882751,612,290
166,5533,24,0.6280757188796997,0.5364103317260742,-0.05712084099650383,0.9999827146530151,602,289
166,5533,25,0.6608331799507141,0.6459944844245911,0.08896245807409286,0.7563601136207581,634,348
166,5533,26,0.6066319942474365,0.6451356410980225,-0.007640584371984005,0.9803369045257568,582,348
166,5533,27,0.6789185404777527,0.7563199400901794,0.12644854187965393,0.9186484813690186,651,408
166,5533,28,0.5727424025535583,0.754436731338501,0.04269254580140114,0.9921997785568237,549,407
166,5533,29,0.6759268045425415,0.7821481823921204,0.1259615570306778,0.913718044757843,648,422
166,5533,30,0.5619863867759705,0.7737676501274109,0.04512510821223259,0.9618679285049438,539,417
166,5533,31,0.7106560468673706,0.7774157524108887,0.07568535208702087,0.9273131489753723,682,419
166,5533,32,0.5980115532875061,0.7768170237541199,-0.011628865264356136,0.9797483086585999,574,419
167,5566,0,0.6457200646400452,0.28457164764404297,-0.04255639389157295,0.9993872046470642,619,153
167,5566,1,0.64323890209198,0.27474477887153625,-0.03580766171216965,0.9989233016967773,617,148
167,5566,2,0.6418213248252869,0.27457156777381897,-0.03594105318188667,0.998722493648529,616,148
167,5566,3,0.6402146816253662,0.27446043491363525,-0.03590147942304611,0.9989902973175049,614,148
167,5566,4,0.646579384803772,0.27538710832595825,-0.052432868629693985,0.9994258284568787,620,148
167,5566,5,0.6474918127059937,0.2755940556526184,-0.05263586714863777,0.9996066093444824,621,148
167,5566,6,0.6473597884178162,0.27555960416793823,-0.052711401134729385,0.9997234344482422,621,148
167,5566,7,0.6357889771461487,0.28026285767555237,0.0009949213126674294,0.9992403388023376,610,151
167,5566,8,0.6473371386528015,0.2815976142883301,-0.07732177525758743,0.9995476007461548,621,152
167,5566,9,0.6434001326560974,0.29584187269210815,-0.026472097262740135,0.9989222884178162,617,159
167,5566,10,0.6453001499176025,0.29733186960220337,-0.04945812001824379,0.9993534684181213,619,160
167,5566,11,0.6349761486053467,0.34935635328292847,0.06639643013477325,0.9997819662094116,609,188
167,5566,12,0.6362964510917664,0.3576110899448395,-0.116492860019207,0.9999728798866272,610,193
167,5566,13,0.6397678852081299,0.4527008533477783,0.09835609793663025,0.06667692959308624,614,244
167,5566,14,0.621845006942749,0.4538755714893341,-0.15722618997097015,0.9922707676887512,596,245
167,5566,15,0.6593357920646667,0.49552127718925476,0.0673244372010231,0.08887840807437897,632,267
167,5566,16,0.6216456890106201,0.541338324546814,-0.17752638459205627,0.9853700995445251,596,292
167,5566,17,0.6673112511634827,0.5095606446266174,0.06708217412233353,0.14169122278690338,640,275
167,5566,18,0.6173755526542664,0.5655416250228882,-0.19975386559963226,0.9754253029823303,592,305
167,5566,19,0.6703358888626099,0.5054296851158142,0.04556811973452568,0.14865604043006897,643,272
167,5566,20,0.6227951645851135,0.5686699748039246,-0.20086747407913208,0.972591757774353,597,307
167,5566,21,0.6684547066688538,0.5032016038894653,0.05740806832909584,0.13876374065876007,641,271
167,5566,22,0.625624418258667,0.5604425668716431,-0.17905552685260773,0.9530833959579468,600,302
167,5566,23,0.6403592228889465,0.5382609963417053,0.057413578033447266,0.9999566674232483,614,290
167,5566,24,0.6281337141990662,0.5381911396980286,-0.057542648166418076,0.9999823570251465,603,290
167,5566,25,0.6671021580696106,0.6457643508911133,0.06352952867746353,0.7425917387008667,640,348
167,5566,26,0.6010748744010925,0.6453038454055786,-0.00971840787678957,0.9794813990592957,577,348
167,5566,27,0.6832035183906555,0.7583268284797668,0.08884646743535995,0.9182514548301697,655,409
167,5566,28,0.5685540437698364,0.7526074051856995,0.03830832988023758,0.9913759827613831,545,406
167,5566,29,0.6807458400726318,0.7860790491104126,0.08717142790555954,0.9099436402320862,653,424
167,5566,30,0.5569447875022888,0.7697715759277344,0.040555816143751144,0.9502353668212891,534,415
167,5566,31,0.7149358987808228,0.7772178649902344,0.03308498486876488,0.9290019273757935,686,419
167,5566,32,0.5924282670021057,0.7831527590751648,-0.01581433415412903,0.9790056347846985,568,422
168,5600,0,0.655095100402832,0.2877984941005707,-0.03980826959013939,0.9993637204170227,628,155
168,5600,1,0.6528431177139282,0.2779155373573303,-0.0304025299847126,0.9987668991088867,626,150
168,5600,2,0.6515475511550903,0.2777582108974457,-0.030531564727425575,0.9984490275382996,625,149
168,5600,3,0.6501456499099731,0.2776449918746948,-0.030490964651107788,0.9988080859184265,624,149
168,5600,4,0.6556916832923889,0.27836811542510986,-0.04775995761156082,0.9993716478347778,629,150
168,5600,5,0.6565021872520447,0.27847567200660706,-0.04796415939927101,0.9995566606521606,630,150
168,5600,6,0.6572571396827698,0.27843737602233887,-0.0480598621070385,0.9996966123580933,630,150
168,5600,7,0.6455681324005127,0.2832765281200409,0.01107081864029169,0.9990267753601074,619,152
168,5600,8,0.6549550294876099,0.2839718163013458,-0.0680563747882843,0.9994693398475647,628,153
168,5600,9,0.6531793475151062,0.298446387052536,-0.02198820374906063,0.9988641738891602,627,161
168,5600,10,0.655286967754364,0.29972460865974426,-0.04580048844218254,0.9993308186531067,629,161
168,5600,11,0.6466713547706604,0.35021328926086426,0.07337049394845963,0.999778687953949,620,189
168,5600,12,0.6453747153282166,0.3586827516555786,-0.11293508857488632,0.999974250793457,619,193
168,5600,13,0.6532184481620789,0.4537546634674072,0.1049530878663063,0.06301508843898773,627,245
168,5600,14,0.6310828924179077,0.4555605947971344,-0.15520408749580383,0.9928451180458069,605,246
168,5600,15,0.6707852482795715,0.49583637714385986,0.07704225927591324,0.08702681213617325,643,267
168,5600,16,0.6292212605476379,0.5415414571762085,-0.18244363367557526,0.9865217208862305,604,292
168,5600,17,0.6794517040252686,0.5134173035621643,0.07818292826414108,0.13734281063079834,652,277
168,5600,18,0.6226627230644226,0.5663498044013977,-0.2058490663766861,0.9770789742469788,597,305
168,5600,19,0.6811068058013916,0.5086755156517029,0.05605757236480713,0.14476433396339417,653,274
168,5600,20,0.6283640265464783,0.5699268579483032,-0.2072693556547165,0.9745073318481445,603,307
168,5600,21,0.6804711818695068,0.5074376463890076,0.0670996755361557,0.13523922860622406,653,274
168,5600,22,0.6320636868476868,0.5614513754844666,-0.1843719184398651,0.955947995185852,606,303
168,5600,23,0.647293746471405,0.5371348261833191,0.05739377811551094,0.9999518990516663,621,290
168,5600,24,0.6362413763999939,0.537066638469696,-0.057516299188137054,0.9999806880950928,610,290
168,5600,25,0.6740158200263977,0.6456065773963928,0.06669052690267563,0.6989347338676453,647,348
168,5600,26,0.6083434820175171,0.6452010273933411,-0.025843434035778046,0.9749769568443298,584,348
168,5600,27,0.6882476806640625,0.7596037983894348,0.09520330280065536,0.8983156085014343,660,410
168,5600,28,0.5727854371070862,0.7448408007621765,0.012673473916947842,0.9872556328773499,549,402
168,5600,29,0.6840897798538208,0.7878052592277527,0.09395013749599457,0.8857506513595581,656,425
168,5600,30,0.5601091980934143,0.7602955102920532,0.014200115576386452,0.9237310886383057,537,410
168,5600,31,0.7203911542892456,0.7793282270431519,0.04444044828414917,0.9161245822906494,691,420
168,5600,32,0.5912306308746338,0.7840012311935425,-0.03985890373587608,0.9733666777610779,567,423
169,5633,0,0.6540023684501648,0.2888606786727905,-0.053136490285396576,0.9994148015975952,627,155
169,5633,1,0.6523839831352234,0.2787790894508362,-0.04442766681313515,0.9988689422607422,626,150
169,5633,2,0.6512818932533264,0.2785166800022125,-0.04456067457795143,0.99858158826828,625,150
169,5633,3,0.6500180959701538,0.2782987058162689,-0.044532135128974915,0.998910665512085,624,150
169,5633,4,0.6551209092140198,0.27944645285606384,-0.061269067227840424,0.9994220733642578,628,150
169,5633,5,0.6556112766265869,0.2794969379901886,-0.06145526468753815,0.9995920062065125,629,150
169,5633,6,0.6563231348991394,0.27940279245376587,-0.06152023747563362,0.9997190833091736,630,150
169,5633,7,0.6456298232078552,0.28372690081596375,0.0006333883502520621,0.9991143345832825,619,153
169,5633,8,0.654354453086853,0.28459352254867554,-0.07595905661582947,0.9995096325874329,628,153
169,5633,9,0.652662456035614,0.29912543296813965,-0.03384915739297867,0.9989621043205261,626,161
169,5633,10,0.6538172364234924,0.30059751868247986,-0.05684309080243111,0.9993842840194702,627,162
169,5633,11,0.644361674785614,0.35013434290885925,0.07134301215410233,0.9997881054878235,618,189
169,5633,12,0.6476210355758667,0.35795027017593384,-0.11613347381353378,0.9999738931655884,621,193
169,5633,13,0.6568269729614258,0.4545697271823883,0.10136980563402176,0.07827909290790558,630,245
169,5633,14,0.6328967809677124,0.45528164505958557,-0.1552981436252594,0.9927115440368652,607,245
169,5633,15,0.6744259595870972,0.4964495599269867,0.06124159321188927,0.1400979608297348,647,268
169,5633,16,0.6307758092880249,0.5414378643035889,-0.17343947291374207,0.987613320350647,605,292
169,5633,17,0.6838303804397583,0.5136421918869019,0.059206798672676086,0.19906316697597504,656,277
169,5633,18,0.6240642070770264,0.566048800945282,-0.19497297704219818,0.9790216684341431,599,305
169,5633,19,0.6859424114227295,0.5092421174049377,0.037069134414196014,0.20823431015014648,658,274
169,5633,20,0.6297647953033447,0.56974196434021,-0.19706180691719055,0.9766935110092163,604,307
169,5633,21,0.6824910640716553,0.5053711533546448,0.05059778317809105,0.19746385514736176,655,272
169,5633,22,0.6329294443130493,0.5610023736953735,-0.174886092543602,0.959753692150116,607,302
169,5633,23,0.63835209608078,0.5364317893981934,0.06017541512846947,0.9999485611915588,612,289
169,5633,24,0.645339846611023,0.5361326932907104,-0.06033436581492424,0.9999786019325256,619,289
169,5633,25,0.6337432861328125,0.6463453769683838,0.09623207151889801,0.7030063271522522,608,349
169,5633,26,0.6708148121833801,0.645158588886261,-0.023387817665934563,0.9741188287734985,643,348
169,5633,27,0.5818222165107727,0.7492687106132507,0.12547029554843903,0.9010900855064392,558,404
169,5633,28,0.6824920177459717,0.7595718502998352,0.025259368121623993,0.9872180223464966,655,410
169,5633,29,0.5711495280265808,0.764462947845459,0.12616905570030212,0.890919029712677,548,412
169,5633,30,0.6762083172798157,0.7820773720741272,0.028143908828496933,0.9281722903251648,649,422
169,5633,31,0.6016113758087158,0.7817848920822144,0.09997955709695816,0.9180628657341003,577,422
169,5633,32,0.714652955532074,0.7837141752243042,-0.01934339851140976,0.9730009436607361,686,423
170,5666,0,0.6633579730987549,0.29014256596565247,-0.04289015009999275,0.9992956519126892,636,156
170,5666,1,0.6609827876091003,0.2800159454345703,-0.03405109792947769,0.9985877275466919,634,151
170,5666,2,0.659656822681427,0.2798340320587158,-0.034195974469184875,0.9982161521911621,633,151
170,5666,3,0.6582877039909363,0.2797277271747589,-0.034167446196079254,0.9986892342567444,631,151
170,5666,4,0.6641560792922974,0.2803393006324768,-0.051789622753858566,0.9992265105247498,637,151
170,5666,5,0.6650707125663757,0.2802794873714447,-0.05197921022772789,0.999420166015625,638,151
170,5666,6,0.6660673022270203,0.28010138869285583,-0.0520731583237648,0.999592125415802,639,151
170,5666,7,0.6542661190032959,0.2852991223335266,0.007028242107480764,0.9989666938781738,628,154
170,5666,8,0.6639257073402405,0.2851245701313019,-0.07225562632083893,0.9992519617080688,637,153
170,5666,9,0.6615055799484253,0.30068227648735046,-0.024817820638418198,0.9987857341766357,635,162
170,5666,10,0.6638451218605042,0.302040159702301,-0.049039408564567566,0.9992126822471619,637,163
170,5666,11,0.6551691889762878,0.35182270407676697,0.07093869894742966,0.9997913837432861,628,189
170,5666,12,0.6538531184196472,0.35896211862564087,-0.11463555693626404,0.9999703764915466,627,193
170,5666,13,0.6571427583694458,0.45379123091697693,0.10191648453474045,0.07354595512151718,630,245
170,5666,14,0.63948655128479,0.4572630822658539,-0.15038631856441498,0.9923350214958191,613,246
170,5666,15,0.6715085506439209,0.5235139727592468,0.068345807492733,0.13258254528045654,644,282
170,5666,16,0.6356346607208252,0.5420794486999512,-0.15100863575935364,0.980449914932251,610,292
170,5666,17,0.6756800413131714,0.5399283766746521,0.06808362901210785,0.18842272460460663,648,291
170,5666,18,0.6296479105949402,0.5658677220344543,-0.1682325005531311,0.965326189994812,604,305
170,5666,19,0.6777899265289307,0.5375644564628601,0.04731982201337814,0.19740216434001923,650,290
170,5666,20,0.6353713870048523,0.5690247416496277,-0.17105387151241302,0.9626097083091736,609,307
170,5666,21,0.67592853307724,0.5316169857978821,0.058755356818437576,0.18667683005332947,648,287
170,5666,22,0.6370737552642822,0.5604967474937439,-0.15279564261436462,0.9376625418663025,611,302
170,5666,23,0.6533531546592712,0.5362160205841064,0.0599379725754261,0.999950110912323,627,289
170,5666,24,0.6474334001541138,0.5367865562438965,-0.060085479170084,0.9999781847000122,621,289
170,5666,25,0.6799529790878296,0.6460037231445312,0.07228975743055344,0.690092146396637,652,348
170,5666,26,0.6492186784744263,0.6467911005020142,-0.028832213953137398,0.9742283821105957,623,349
170,5666,27,0.6813119649887085,0.7542799115180969,0.1033911257982254,0.9041697978973389,654,407
170,5666,28,0.5891625285148621,0.7416768670082092,0.020440250635147095,0.9869968295097351,565,400
170,5666,29,0.6751755475997925,0.7747681736946106,0.10272059589624405,0.8909244537353516,648,418
170,5666,30,0.5759010314941406,0.7500497102737427,0.023453224450349808,0.9200803637504578,552,405
170,5666,31,0.7131441831588745,0.7842081189155579,0.05356945842504501,0.9208024144172668,684,423
170,5666,32,0.6007548570632935,0.7855769991874695,-0.02712453529238701,0.9729856252670288,576,424
171,5700,0,0.664175271987915,0.2895071506500244,-0.0367695651948452,0.9992182850837708,637,156
171,5700,1,0.6614711880683899,0.2793310880661011,-0.028535721823573112,0.9983526468276978,635,150
171,5700,2,0.660036027431488,0.27915966510772705,-0.02867492102086544,0.9978885054588318,633,150
171,5700,3,0.6585243940353394,0.2790564000606537,-0.028636055067181587,0.998453676700592,632,150
171,5700,4,0.6649242639541626,0.27971261739730835,-0.04622757062315941,0.9991006255149841,638,151
171,5700,5,0.6658474802970886,0.2797219157218933,-0.04642576724290848,0.9993259906768799,639,151
171,5700,6,0.6659706830978394,0.2795824408531189,-0.04652399569749832,0.9995269775390625,639,150
171,5700,7,0.6543886661529541,0.28472426533699036,0.009901254437863827,0.998793363571167,628,153
171,5700,8,0.665843665599823,0.28487271070480347,-0.06936051696538925,0.9991375803947449,639,153
171,5700,9,0.6621841788291931,0.30025172233581543,-0.019640404731035233,0.99860018491745,635,162
171,5700,10,0.6642546057701111,0.30161184072494507,-0.04383384436368942,0.999091386795044,637,162
171,5700,11,0.6559253931045532,0.3523259460926056,0.07182883471250534,0.9997832179069519,629,190
171,5700,12,0.6561036705970764,0.3585493564605713,-0.11144576966762543,0.9999703764915466,629,193
171,5700,13,0.6582964658737183,0.45959240198135376,0.10292363166809082,0.06748946756124496,631,248
171,5700,14,0.6431450247764587,0.457309365272522,-0.13918882608413696,0.9925351738929749,617,246
171,5700,15,0.6687246561050415,0.5264205932617188,0.07376833260059357,0.12128040939569473,641,284
171,5700,16,0.6386143565177917,0.5420616865158081,-0.13388751447200775,0.9803729057312012,613,292
171,5700,17,0.6705687642097473,0.5413335561752319,0.07472828775644302,0.17298494279384613,643,292
171,5700,18,0.6321240663528442,0.565534770488739,-0.15021710097789764,0.9646664261817932,606,305
171,5700,19,0.672964334487915,0.5380678176879883,0.055752966552972794,0.18122901022434235,646,290
171,5700,20,0.6375866532325745,0.5685666799545288,-0.1518506109714508,0.9620022773742676,612,307
171,5700,21,0.6721848845481873,0.5326189994812012,0.06511663645505905,0.17136165499687195,645,287
171,5700,22,0.6403281092643738,0.5602891445159912,-0.13486136496067047,0.9360889196395874,614,302
171,5700,23,0.6548067927360535,0.5358648896217346,0.05856878682971001,0.9999526143074036,628,289
171,5700,24,0.6472331881523132,0.5363479256629944,-0.05870191380381584,0.9999790787696838,621,289
171,5700,25,0.6841850876808167,0.6428326964378357,0.05760807543992996,0.6971180438995361,656,347
171,5700,26,0.6395424604415894,0.646598219871521,-0.028279602527618408,0.9750539660453796,613,349
171,5700,27,0.6882407665252686,0.7550544142723083,0.08221028745174408,0.9109688401222229,660,407
171,5700,28,0.5793113708496094,0.7382692694664001,0.017353804782032967,0.9875434637069702,556,398
171,5700,29,0.6800041794776917,0.7780892848968506,0.08097365498542786,0.897289514541626,652,420
171,5700,30,0.5676791667938232,0.7472347021102905,0.02024022489786148,0.9206790924072266,544,403
171,5700,31,0.7184614539146423,0.785838782787323,0.0335664339363575,0.9261828064918518,689,424
171,5700,32,0.5927080512046814,0.787031888961792,-0.0277707502245903,0.9742753505706787,568,424
172,5733,0,0.6709528565406799,0.29006317257881165,-0.02961164526641369,0.9981653690338135,644,156
172,5733,1,0.6681435108184814,0.2796730697154999,-0.023905310779809952,0.9960231781005859,641,151
172,5733,2,0.6665288209915161,0.2795524299144745,-0.024043265730142593,0.9947985410690308,639,150
172,5733,3,0.6648481488227844,0.27952122688293457,-0.024009646847844124,0.9964355230331421,638,150
172,5733,4,0.6723290681838989,0.27977070212364197,-0.03894193470478058,0.997628927230835,645,151
172,5733,5,0.6736105680465698,0.27965784072875977,-0.03913690894842148,0.9980597496032715,646,151
172,5733,6,0.6747527718544006,0.2794238030910492,-0.039248283952474594,0.9986591339111328,647,150
172,5733,7,0.6610776782035828,0.2851525843143463,0.008159014396369457,0.9977415800094604,634,153
172,5733,8,0.673270046710968,0.2845942974090576,-0.06241985782980919,0.9978911876678467,646,153
172,5733,9,0.66938316822052,0.3006550371646881,-0.015551989898085594,0.9975780248641968,642,162
172,5733,10,0.6725260615348816,0.30183035135269165,-0.036441829055547714,0.9982576966285706,645,162
172,5733,11,0.6630288362503052,0.3522115647792816,0.0658954307436943,0.9997689127922058,636,190
172,5733,12,0.6647663712501526,0.3582833409309387,-0.100800059735775,0.999954104423523,638,193
172,5733,13,0.6629158854484558,0.4647151231765747,0.0934998095035553,0.06375854462385178,636,250
172,5733,14,0.6497242450714111,0.45739907026290894,-0.13608965277671814,0.9898082613945007,623,246
172,5733,15,0.6742570996284485,0.5342991352081299,0.07027869671583176,0.11435197293758392,647,288
172,5733,16,0.6431018114089966,0.5427376627922058,-0.13685612380504608,0.9622448682785034,617,293
172,5733,17,0.675683319568634,0.5492498874664307,0.07099184393882751,0.16312089562416077,648,296
172,5733,18,0.6387528777122498,0.5653017163276672,-0.15482813119888306,0.9350940585136414,613,305
172,5733,19,0.6787506937980652,0.5455747246742249,0.05177446827292442,0.17075002193450928,651,294
172,5733,20,0.6418322324752808,0.5683382153511047,-0.15683196485042572,0.9310250282287598,616,306
172,5733,21,0.6781823635101318,0.5401033759117126,0.06148149445652962,0.16068443655967712,651,291
172,5733,22,0.6430698037147522,0.5603122115135193,-0.1376132220029831,0.8966025114059448,617,302
172,5733,23,0.6631478667259216,0.5370007157325745,0.056870441883802414,0.9999525547027588,636,289
172,5733,24,0.658936083316803,0.5395880341529846,-0.05696908012032509,0.9999775886535645,632,291
172,5733,25,0.687362551689148,0.647377610206604,0.08076206594705582,0.6934100389480591,659,349
172,5733,26,0.6398089528083801,0.6504471302032471,-0.026480304077267647,0.975873589515686,614,351
172,5733,27,0.6917282938957214,0.7599183320999146,0.13608969748020172,0.9164489507675171,664,410
172,5733,28,0.5886726379394531,0.7301137447357178,0.03363911435008049,0.987882673740387,565,394
172,5733,29,0.6832472681999207,0.7819274663925171,0.13699762523174286,0.8968453407287598,655,422
172,5733,30,0.5754638314247131,0.7335706353187561,0.03931184113025665,0.91764235496521,552,396
172,5733,31,0.7154038548469543,0.786064088344574,0.0786474198102951,0.929337203502655,686,424
172,5733,32,0.5938494205474854,0.7874552011489868,-0.011997229419648647,0.9748778939247131,570,425
173,5766,0,0.6724379062652588,0.2890828847885132,-0.03158340975642204,0.9976103901863098,645,156
173,5766,1,0.6700804829597473,0.27949681878089905,-0.024345215409994125,0.9949896335601807,643,150
173,5766,2,0.6686936616897583,0.27949491143226624,-0.024458158761262894,0.9933978319168091,641,150
173,5766,3,0.6665753722190857,0.27937716245651245,-0.024437036365270615,0.9955137968063354,639,150
173,5766,4,0.6735811829566956,0.2793426513671875,-0.04038254916667938,0.9969280958175659,646,150
173,5766,5,0.6746006608009338,0.279195100069046,-0.04058365523815155,0.9974584579467773,647,150
173,5766,6,0.6747265458106995,0.27885669469833374,-0.040728770196437836,0.9982590079307556,647,150
173,5766,7,0.662541925907135,0.2848365902900696,0.00931168720126152,0.997081458568573,636,153
173,5766,8,0.6745736598968506,0.28437450528144836,-0.06382844597101212,0.997143030166626,647,153
173,5766,9,0.6703561544418335,0.3003738820552826,-0.016276592388749123,0.9966873526573181,643,162
173,5766,10,0.6731796860694885,0.3013824224472046,-0.03794793784618378,0.9975277781486511,646,162
173,5766,11,0.6645424962043762,0.35352644324302673,0.07125456631183624,0.9997498989105225,637,190
173,5766,12,0.6664698123931885,0.35822170972824097,-0.10457678884267807,0.9999433159828186,639,193
173,5766,13,0.661837637424469,0.4655182957649231,0.10074770450592041,0.05845336988568306,635,251
173,5766,14,0.6532532572746277,0.45766595005989075,-0.14682383835315704,0.9877443909645081,627,247
173,5766,15,0.6698020696640015,0.5407273173332214,0.07461560517549515,0.10466192662715912,643,291
173,5766,16,0.6462305784225464,0.542599081993103,-0.15438717603683472,0.9512658715248108,620,293
173,5766,17,0.6708352565765381,0.5582188367843628,0.07629802078008652,0.14972200989723206,644,301
173,5766,18,0.640789806842804,0.5652512907981873,-0.17454862594604492,0.9155775904655457,615,305
173,5766,19,0.6740366816520691,0.5545715689659119,0.05677863582968712,0.1566758155822754,647,299
173,5766,20,0.6448162794113159,0.5677753686904907,-0.17365284264087677,0.9104244112968445,619,306
173,5766,21,0.6737304329872131,0.5480465292930603,0.06597866863012314,0.14722362160682678,646,295
173,5766,22,0.646543562412262,0.5602726340293884,-0.1548018753528595,0.8671367764472961,620,302
173,5766,23,0.6653721928596497,0.5375025272369385,0.05973587930202484,0.9999544620513916,638,290
173,5766,24,0.6592140793800354,0.5404725670814514,-0.059822190552949905,0.9999778270721436,632,291
173,5766,25,0.6909139156341553,0.6475533246994019,0.10337889939546585,0.6835218071937561,663,349
173,5766,26,0.6389427781105042,0.651256799697876,-0.028065791353583336,0.9758266806602478,613,351
173,5766,27,0.6909968256950378,0.7605510950088501,0.16742438077926636,0.9212059378623962,663,410
173,5766,28,0.5906463265419006,0.7287134528160095,0.05715348571538925,0.9880313873291016,567,393
173,5766,29,0.6829734444618225,0.7823982238769531,0.16940055787563324,0.8985249400138855,655,422
173,5766,30,0.578316867351532,0.7318155765533447,0.06480032950639725,0.9145586490631104,555,395
173,5766,31,0.7178086638450623,0.7885121703147888,0.11709443479776382,0.932584285736084,689,425
173,5766,32,0.5925466418266296,0.7876116633415222,0.016084523871541023,0.9752918481826782,568,425
174,5800,0,0.6784496903419495,0.2878892421722412,-0.020077282562851906,0.99759840965271,651,155
174,5800,1,0.6750904321670532,0.278470516204834,-0.01648324355483055,0.99500572681427,648,150
174,5800,2,0.6730082631111145,0.2785945534706116,-0.016634464263916016,0.9934774041175842,646,150
174,5800,3,0.6709067821502686,0.2786518931388855,-0.016605021432042122,0.995603621006012,644,150
174,5800,4,0.6799576282501221,0.27809080481529236,-0.03129176050424576,0.9968847632408142,652,150
174,5800,5,0.6814108490943909,0.27814173698425293,-0.03148633986711502,0.9974089860916138,654,150
174,5800,6,0.6826929450035095,0.2779749035835266,-0.03158402442932129,0.9982112050056458,655,150
174,5800,7,0.6668394207954407,0.28424161672592163,0.008329256437718868,0.9971830248832703,640,153
174,5800,8,0.6821920871734619,0.2838658094406128,-0.062175072729587555,0.9970777630805969,654,153
174,5800,9,0.6755269169807434,0.29980358481407166,-0.009143834933638573,0.9968242645263672,648,161
174,5800,10,0.6803082823753357,0.30098649859428406,-0.029541602358222008,0.9975919127464294,653,162
174,5800,11,0.6673194169998169,0.3532276749610901,0.0583556704223156,0.9997666478157043,640,190
174,5800,12,0.6763661503791809,0.3579758107662201,-0.09835831075906754,0.9999378323554993,649,193
174,5800,13,0.6713123321533203,0.4636963903903961,0.07756953686475754,0.0611613392829895,644,250
174,5800,14,0.6609745025634766,0.4575323760509491,-0.1296340376138687,0.9856430888175964,634,247
174,5800,15,0.6917658448219299,0.5341203808784485,0.044292401522397995,0.11517281830310822,664,288
174,5800,16,0.657458484172821,0.5424299240112305,-0.13520298898220062,0.9402461647987366,631,292
174,5800,17,0.6946293115615845,0.5320689082145691,0.04311944544315338,0.15993747115135193,666,287
174,5800,18,0.6521043181419373,0.5651037693023682,-0.1522745043039322,0.8971426486968994,626,305
174,5800,19,0.6954578161239624,0.5333840847015381,0.024383479729294777,0.16704818606376648,667,288
174,5800,20,0.6555737853050232,0.5677038431167603,-0.153702050447464,0.8912480473518372,629,306
174,5800,21,0.6978047490119934,0.5350406169891357,0.03574094548821449,0.15432976186275482,669,288
174,5800,22,0.6571193337440491,0.5601064562797546,-0.13683512806892395,0.8416512608528137,630,302
174,5800,23,0.6707115769386292,0.537261962890625,0.05580355226993561,0.9999560117721558,643,290
174,5800,24,0.669398307800293,0.5407771468162537,-0.0558883436024189,0.9999770522117615,642,292
174,5800,25,0.6924787163734436,0.6491943001747131,0.10093418508768082,0.690625011920929,664,350
174,5800,26,0.6508802771568298,0.6533001661300659,-0.018948592245578766,0.9757580757141113,624,352
174,5800,27,0.6907596588134766,0.7608489990234375,0.15435637533664703,0.9260697364807129,663,410
174,5800,28,0.594293475151062,0.7234165072441101,0.06941340863704681,0.9876209497451782,570,390
174,5800,29,0.6837348341941833,0.7833377122879028,0.15545764565467834,0.8999075889587402,656,423
174,5800,30,0.5838420987129211,0.7236745953559875,0.07625807821750641,0.9086047410964966,560,390
174,5800,31,0.7178362011909485,0.7885293364524841,0.10650654882192612,0.9357932209968567,689,425
174,5800,32,0.5981764197349548,0.7838057279586792,0.03289381042122841,0.9747862219810486,574,423
175,5833,0,0.6810474991798401,0.28661513328552246,-0.02872590534389019,0.9976899027824402,653,154
175,5833,1,0.6776160001754761,0.2774774134159088,-0.02158108726143837,0.9952153563499451,650,149
175,5833,2,0.6757897734642029,0.27758023142814636,-0.02177015133202076,0.9937592148780823,648,149
175,5833,3,0.673880398273468,0.27762168645858765,-0.0217336043715477,0.995798647403717,646,149
175,5833,4,0.6819421648979187,0.2771461009979248,-0.039767779409885406,0.9970138669013977,654,149
175,5833,5,0.6831170916557312,0.2771492600440979,-0.0399664081633091,0.997511625289917,655,149
175,5833,6,0.6841886043548584,0.27696794271469116,-0.040078748017549515,0.9982798099517822,656,149
175,5833,7,0.6693961024284363,0.28356051445007324,0.007821973413228989,0.9973094463348389,642,153
175,5833,8,0.6822587847709656,0.28274863958358765,-0.07022590190172195,0.9971858263015747,654,152
175,5833,9,0.6775709390640259,0.2992102801799774,-0.013761359266936779,0.9969736337661743,650,161
175,5833,10,0.6817647218704224,0.3002057373523712,-0.0385422445833683,0.9977017045021057,654,162
175,5833,11,0.6694336533546448,0.35308220982551575,0.0598592571914196,0.9997789263725281,642,190
175,5833,12,0.6781896948814392,0.3578132688999176,-0.11153314262628555,0.999938428401947,651,193
175,5833,13,0.6717454195022583,0.46270984411239624,0.07968530058860779,0.06011202931404114,644,249
175,5833,14,0.6624481678009033,0.45743733644485474,-0.1457056850194931,0.9862451553344727,635,247
175,5833,15,0.6878340840339661,0.5309337377548218,0.04964501038193703,0.1180289164185524,660,286
175,5833,16,0.6566765308380127,0.5435436964035034,-0.15370045602321625,0.943508505821228,630,293
175,5833,17,0.6901359558105469,0.5342829823493958,0.049109652638435364,0.16421055793762207,662,288
175,5833,18,0.6511692404747009,0.5677593946456909,-0.17440634965896606,0.9013213515281677,625,306
175,5833,19,0.6900097727775574,0.532640278339386,0.029438761994242668,0.17154231667518616,662,287
175,5833,20,0.6557914018630981,0.5698865652084351,-0.1755312830209732,0.8957339525222778,629,307
175,5833,21,0.6904230117797852,0.5286400318145752,0.04079296439886093,0.15736672282218933,662,285
175,5833,22,0.6576700806617737,0.561236560344696,-0.15516836941242218,0.8465235233306885,631,303
175,5833,23,0.6765893697738647,0.5390918850898743,0.05738727003335953,0.9999579787254333,649,291
175,5833,24,0.6680185794830322,0.5413339138031006,-0.057473424822092056,0.9999774694442749,641,292
175,5833,25,0.6945558786392212,0.6501405835151672,0.11679274588823318,0.6956266760826111,666,351
175,5833,26,0.6526722311973572,0.6549257040023804,-0.018891962245106697,0.9760093092918396,626,353
175,5833,27,0.6914081573486328,0.7618342041969299,0.18845400214195251,0.9303329586982727,663,411
175,5833,28,0.5954240560531616,0.7201161980628967,0.08962849527597427,0.9871392250061035,571,388
175,5833,29,0.6831569075584412,0.7854325175285339,0.1916884034872055,0.9025747776031494,655,424
175,5833,30,0.5859969854354858,0.7205272316932678,0.09927558898925781,0.9037908911705017,562,389
175,5833,31,0.7171487808227539,0.7881830930709839,0.1478477418422699,0.938767671585083,688,425
175,5833,32,0.5993780493736267,0.781385600566864,0.06143152713775635,0.9743560552597046,575,421
176,5866,0,0.688488781452179,0.2865498960018158,-0.028942609205842018,0.9976578950881958,660,154
176,5866,1,0.6855287551879883,0.27729517221450806,-0.024510344490408897,0.9951714277267456,658,149
176,5866,2,0.6837062835693359,0.2774004638195038,-0.024719782173633575,0.9937748908996582,656,149
176,5866,3,0.6817790269851685,0.27745944261550903,-0.02469269186258316,0.9958353042602539,654,149
176,5866,4,0.6896593570709229,0.276847779750824,-0.040142595767974854,0.9969367980957031,662,149
176,5866,5,0.6908435821533203,0.27675434947013855,-0.04034292697906494,0.9974363446235657,663,149
176,5866,6,0.6920360922813416,0.2765340209007263,-0.04045475646853447,0.9982097148895264,664,149
176,5866,7,0.6771638989448547,0.2829063832759857,-0.003326172474771738,0.9973710775375366,650,152
176,5866,8,0.6926313638687134,0.2820760905742645,-0.07015852630138397,0.9970741868019104,664,152
176,5866,9,0.6860330104827881,0.29916298389434814,-0.0171376783400774,0.997007429599762,658,161
176,5866,10,0.6897494196891785,0.29962101578712463,-0.03887345269322395,0.997691810131073,662,161
176,5866,11,0.6735936999320984,0.3520737886428833,0.04586551710963249,0.9997898936271667,646,190
176,5866,12,0.6821802258491516,0.3565378785133362,-0.10069309920072556,0.9999298453330994,654,192
176,5866,13,0.6845057010650635,0.4549624025821686,0.06659513711929321,0.06289364397525787,657,245
176,5866,14,0.672493040561676,0.45792943239212036,-0.11600063741207123,0.9851348996162415,645,247
176,5866,15,0.7073818445205688,0.528900682926178,0.03728483244776726,0.13144002854824066,679,285
176,5866,16,0.6699339151382446,0.5448863506317139,-0.10513066500425339,0.942990243434906,643,294
176,5866,17,0.7115508317947388,0.5352848768234253,0.03654324263334274,0.17761574685573578,683,289
176,5866,18,0.6661256551742554,0.5682865381240845,-0.11869659274816513,0.8994198441505432,639,306
176,5866,19,0.7150415182113647,0.5335825085639954,0.017883652821183205,0.184862419962883,686,288
176,5866,20,0.6678792238235474,0.5700022578239441,-0.12138665467500687,0.8937313556671143,641,307
176,5866,21,0.7130680084228516,0.5300477147102356,0.02895602211356163,0.16830149292945862,684,286
176,5866,22,0.6687431335449219,0.5613203048706055,-0.10655256360769272,0.8436023592948914,641,303
176,5866,23,0.6859772205352783,0.538798987865448,0.049389712512493134,0.9999571442604065,658,290
176,5866,24,0.6800979971885681,0.5410895943641663,-0.049537573009729385,0.9999740719795227,652,292
176,5866,25,0.6946147084236145,0.6484026312828064,0.1098058894276619,0.7040287256240845,666,350
176,5866,26,0.6687945127487183,0.6461571455001831,0.026074770838022232,0.9726120233535767,642,348
176,5866,27,0.6909412145614624,0.7615970969200134,0.16740532219409943,0.9343563318252563,663,411
176,5866,28,0.6228803992271423,0.7048296928405762,0.12205314636230469,0.9855275750160217,597,380
176,5866,29,0.6808713674545288,0.7850697636604309,0.1692323088645935,0.9047337770462036,653,423
176,5866,30,0.6114804744720459,0.7033248543739319,0.13019834458827972,0.8967665433883667,587,379
176,5866,31,0.7146822810173035,0.7878090143203735,0.12877051532268524,0.9410200715065002,686,425
176,5866,32,0.602057695388794,0.7412223815917969,0.10489436239004135,0.9721106886863708,577,400
177,5900,0,0.6904395818710327,0.2863345146179199,-0.033985547721385956,0.997553288936615,662,154
177,5900,1,0.6881014108657837,0.27665191888809204,-0.02852488122880459,0.995011568069458,660,149
177,5900,2,0.6863882541656494,0.27659544348716736,-0.028727954253554344,0.9935835003852844,658,149
177,5900,3,0.6849459409713745,0.27647486329078674,-0.028690773993730545,0.9957230091094971,657,149
177,5900,4,0.6912478804588318,0.2765532433986664,-0.044769253581762314,0.9967822432518005,663,149
177,5900,5,0.69160395860672,0.27649325132369995,-0.04496101289987564,0.9972920417785645,663,149
177,5900,6,0.692435085773468,0.2763042449951172,-0.04506674036383629,0.998098611831665,664,149
177,5900,7,0.6799101233482361,0.28172868490219116,-0.0023575492668896914,0.997285783290863,652,152
177,5900,8,0.6922224760055542,0.28202158212661743,-0.07318400591611862,0.9968495965003967,664,152
177,5900,9,0.6877154111862183,0.2989698648452759,-0.020222745835781097,0.9967524409294128,660,161
177,5900,10,0.6903306245803833,0.29958680272102356,-0.042656004428863525,0.99745774269104,662,161
177,5900,11,0.67598956823349,0.3519606292247772,0.05077487230300903,0.999789834022522,648,190
177,5900,12,0.6826255321502686,0.3535539209842682,-0.1056005209684372,0.9999210834503174,655,190
177,5900,13,0.6806526184082031,0.45418521761894226,0.0738367810845375,0.060138601809740067,653,245
177,5900,14,0.6720653772354126,0.4571756422519684,-0.11953653395175934,0.9844335317611694,645,246
177,5900,15,0.6926494836807251,0.5460621118545532,0.04098894074559212,0.1262233406305313,664,294
177,5900,16,0.6708595752716064,0.5451369285583496,-0.12018129974603653,0.9410709142684937,644,294
177,5900,17,0.6966741681098938,0.5672419667243958,0.039666466414928436,0.1711651235818863,668,306
177,5900,18,0.666978120803833,0.5682191848754883,-0.13574658334255219,0.894351601600647,640,306
177,5900,19,0.6998589634895325,0.5650153160095215,0.021949054673314095,0.1776016801595688,671,305
177,5900,20,0.6715515851974487,0.5699373483657837,-0.13715122640132904,0.8884003162384033,644,307
177,5900,21,0.6986319422721863,0.5570253729820251,0.03299817070364952,0.160782590508461,670,300
177,5900,22,0.6722661852836609,0.5617419481277466,-0.12099169194698334,0.8359113931655884,645,303
177,5900,23,0.6857421398162842,0.5383226871490479,0.05001312121748924,0.999957263469696,658,290
177,5900,24,0.6781534552574158,0.540422797203064,-0.05013551190495491,0.9999723434448242,651,291
177,5900,25,0.6997626423835754,0.6458861231803894,0.1090150699019432,0.6981027722358704,671,348
177,5900,26,0.6724660396575928,0.645431399345398,0.009335408918559551,0.966197669506073,645,348
177,5900,27,0.6929000616073608,0.7615477442741394,0.16258789598941803,0.9358890652656555,665,411
177,5900,28,0.6267874240875244,0.7001949548721313,0.10708879679441452,0.9814439415931702,601,378
177,5900,29,0.682013750076294,0.7840349078178406,0.16384370625019073,0.9045430421829224,654,423
177,5900,30,0.6172511577606201,0.7007336020469666,0.11616184562444687,0.8832466006278992,592,378
177,5900,31,0.7160586714744568,0.7877352833747864,0.11991754919290543,0.9407532811164856,687,425
177,5900,32,0.6098219156265259,0.7348724007606506,0.0923779308795929,0.966352105140686,585,396
178,5933,0,0.6992219686508179,0.2848343253135681,-0.04060525819659233,0.9972577691078186,671,153
178,5933,1,0.6962142586708069,0.2744980752468109,-0.03844444826245308,0.9948936104774475,668,148
178,5933,2,0.694226086139679,0.27441853284835815,-0.03860360383987427,0.9935295581817627,666,148
178,5933,3,0.6917738318443298,0.27439701557159424,-0.038557764142751694,0.9956240653991699,664,148
178,5933,4,0.7005204558372498,0.2746807634830475,-0.05338849499821663,0.9967018365859985,672,148
178,5933,5,0.7015485763549805,0.2747008800506592,-0.05358196422457695,0.9972392320632935,673,148
178,5933,6,0.7026659846305847,0.2746482193470001,-0.0536758154630661,0.9980621933937073,674,148
178,5933,7,0.6863266229629517,0.27983665466308594,-0.020533567294478416,0.9972864985466003,658,151
178,5933,8,0.7008708715438843,0.2801584005355835,-0.08730851858854294,0.9968807101249695,672,151
178,5933,9,0.6954038143157959,0.29769814014434814,-0.029360465705394745,0.9965779185295105,667,160
178,5933,10,0.6991268396377563,0.2983361482620239,-0.05002792552113533,0.9973328113555908,671,161
178,5933,11,0.6743122339248657,0.3518076241016388,0.03244052827358246,0.9997710585594177,647,189
178,5933,12,0.6945741176605225,0.3532037138938904,-0.11299653351306915,0.9999108910560608,666,190
178,5933,13,0.6747829914093018,0.4505598545074463,0.05020538344979286,0.05598858371376991,647,243
178,5933,14,0.6859976649284363,0.4589044153690338,-0.12544885277748108,0.9804444909095764,658,247
178,5933,15,0.6880532503128052,0.5404639840126038,0.02715369313955307,0.11492252349853516,660,291
178,5933,16,0.6907275915145874,0.5458447337150574,-0.10957791656255722,0.9337371587753296,663,294
178,5933,17,0.6909882426261902,0.5593451261520386,0.028492271900177002,0.15653307735919952,663,302
178,5933,18,0.6892102360725403,0.5689350366592407,-0.12261520326137543,0.8844673037528992,661,307
178,5933,19,0.694018542766571,0.5564244389533997,0.013201279565691948,0.16220124065876007,666,300
178,5933,20,0.6924015283584595,0.5703788995742798,-0.1222391128540039,0.8768255710601807,664,308
178,5933,21,0.693372905254364,0.5506895780563354,0.02074001170694828,0.14681531488895416,665,297
178,5933,22,0.6921504735946655,0.5617245435714722,-0.10916084796190262,0.820426344871521,664,303
178,5933,23,0.6797058582305908,0.537714958190918,0.05087634548544884,0.9999541640281677,652,290
178,5933,24,0.6898928880691528,0.5402212738990784,-0.051005009561777115,0.9999716281890869,662,291
178,5933,25,0.6953732967376709,0.6458715796470642,0.14787475764751434,0.7126975655555725,667,348
178,5933,26,0.6960723996162415,0.6457647681236267,0.01916457898914814,0.967824399471283,668,348
178,5933,27,0.6511252522468567,0.7379363775253296,0.20846979320049286,0.9402750730514526,625,398
178,5933,28,0.6866740584373474,0.7515045404434204,0.10003412514925003,0.9828943014144897,659,405
178,5933,29,0.6286016702651978,0.7202802896499634,0.2115364521741867,0.9100761413574219,603,388
178,5933,30,0.6770171523094177,0.7754658460617065,0.10675858706235886,0.8923423290252686,649,418
178,5933,31,0.642030656337738,0.7474794387817383,0.1829080432653427,0.9433964490890503,616,403
178,5933,32,0.7118327021598816,0.7735229134559631,0.07333049923181534,0.9683237075805664,683,417
179,5966,0,0.7042221426963806,0.28192970156669617,-0.041897404938936234,0.9973312020301819,676,152
179,5966,1,0.7000485062599182,0.2721015512943268,-0.04003215953707695,0.9952098727226257,672,146
179,5966,2,0.6984264850616455,0.27205389738082886,-0.040186524391174316,0.9939537644386292,670,146
179,5966,3,0.6968055963516235,0.27202126383781433,-0.04014051705598831,0.9958922863006592,668,146
179,5966,4,0.7027114033699036,0.27248328924179077,-0.05460287630558014,0.9968913793563843,674,147
179,5966,5,0.7030561566352844,0.27260684967041016,-0.05479835346341133,0.9974010586738586,674,147
179,5966,6,0.7034474611282349,0.27259743213653564,-0.054876361042261124,0.9981748461723328,675,147
179,5966,7,0.6896541118621826,0.2775489389896393,-0.021029643714427948,0.9974720478057861,662,149
179,5966,8,0.6993234157562256,0.277911514043808,-0.08695171028375626,0.9970731735229492,671,150
179,5966,9,0.6989819407463074,0.295715868473053,-0.030306320637464523,0.9966763257980347,671,159
179,5966,10,0.7015672922134399,0.29628992080688477,-0.050590597093105316,0.9974101781845093,673,159
179,5966,11,0.6738427877426147,0.3517214059829712,0.028709670528769493,0.9997594356536865,646,189
179,5966,12,0.6959056258201599,0.3524324595928192,-0.10891158133745193,0.9999054670333862,668,190
179,5966,13,0.6720374226570129,0.4429551959037781,0.04902857169508934,0.05219428986310959,645,239
179,5966,14,0.6854897737503052,0.4571813941001892,-0.1211647167801857,0.9760738015174866,658,246
179,5966,15,0.6860533356666565,0.5304561257362366,0.029609255492687225,0.10460695624351501,658,286
179,5966,16,0.6923789381980896,0.5400600433349609,-0.09938418865203857,0.9199516177177429,664,291
179,5966,17,0.6896454691886902,0.5493429899215698,0.03031771630048752,0.14312744140625,662,296
179,5966,18,0.6917589902877808,0.566408097743988,-0.11112702637910843,0.8679690957069397,664,305
179,5966,19,0.6921355128288269,0.5505915284156799,0.015676146373152733,0.1481097787618637,664,297
179,5966,20,0.692296028137207,0.5670730471611023,-0.1107330471277237,0.8581613302230835,664,306
179,5966,21,0.6908636689186096,0.5443741083145142,0.023446733132004738,0.13406893610954285,663,293
179,5966,22,0.6924635767936707,0.556862473487854,-0.09897156059741974,0.7977426052093506,664,300
179,5966,23,0.6781446933746338,0.5376420021057129,0.04964183643460274,0.9999552369117737,651,290
179,5966,24,0.6924864649772644,0.5401921272277832,-0.04979993775486946,0.9999728798866272,664,291
179,5966,25,0.6888149380683899,0.6446161866188049,0.1501837819814682,0.7238026261329651,661,348
179,5966,26,0.6992542743682861,0.6474976539611816,0.0358993224799633,0.969062328338623,671,349
179,5966,27,0.6408074498176575,0.7077853679656982,0.221099853515625,0.9429162740707397,615,382
179,5966,28,0.6904569268226624,0.7623788118362427,0.10599274188280106,0.9842554330825806,662,411
179,5966,29,0.6228485107421875,0.7142168879508972,0.22548693418502808,0.9138758182525635,597,385
179,5966,30,0.6808748841285706,0.7870961427688599,0.11139879375696182,0.9010118842124939,653,425
179,5966,31,0.640413224697113,0.7433574795722961,0.2020227015018463,0.9446456432342529,614,401
179,5966,32,0.7198542952537537,0.7829731702804565,0.07601619511842728,0.9702879190444946,691,422
180,6000,0,0.7081595659255981,0.28255024552345276,-0.04159513860940933,0.99733966588974,679,152
180,6000,1,0.7043651342391968,0.27221885323524475,-0.040536068379879,0.9954020977020264,676,146
180,6000,2,0.7021462321281433,0.27216190099716187,-0.04068908467888832,0.9942154884338379,674,146
180,6000,3,0.6999364495277405,0.27212437987327576,-0.0406358502805233,0.9960319399833679,671,146
180,6000,4,0.7090876698493958,0.2725333273410797,-0.0544828325510025,0.9970160722732544,680,147
180,6000,5,0.7101834416389465,0.27262362837791443,-0.054676976054906845,0.9975228309631348,681,147
180,6000,6,0.7112408876419067,0.2726067006587982,-0.054754309356212616,0.998268723487854,682,147
180,6000,7,0.6939632892608643,0.2775828242301941,-0.026317685842514038,0.9975501298904419,666,149
180,6000,8,0.7086198925971985,0.2777732312679291,-0.08785929530858994,0.9972192049026489,680,149
180,6000,9,0.7039234042167664,0.2957878112792969,-0.030937636271119118,0.9967010617256165,675,159
180,6000,10,0.7077394723892212,0.2963044345378876,-0.050334855914115906,0.9974591732025146,679,160
180,6000,11,0.6783548593521118,0.3505793511867523,0.019080599769949913,0.9997511506080627,651,189
180,6000,12,0.7046400308609009,0.35034888982772827,-0.10890968888998032,0.9999098181724548,676,189
180,6000,13,0.6761465072631836,0.4409603476524353,0.03828984126448631,0.04827612638473511,649,238
180,6000,14,0.6990712881088257,0.45258381962776184,-0.11961086094379425,0.9763619303703308,671,244
180,6000,15,0.6857951283454895,0.5301365852355957,0.022438274696469307,0.09496716409921646,658,286
180,6000,16,0.7038539052009583,0.5385234355926514,-0.09680444747209549,0.9241194725036621,675,290
180,6000,17,0.687507688999176,0.5496278405189514,0.023795876652002335,0.13030438125133514,660,296
180,6000,18,0.701245129108429,0.5657520890235901,-0.10845113545656204,0.8740180730819702,673,305
180,6000,19,0.6903159618377686,0.5504099130630493,0.009744876995682716,0.13471843302249908,662,297
180,6000,20,0.7026403546333313,0.56673264503479,-0.10894377529621124,0.8642727136611938,674,306
180,6000,21,0.6900805234909058,0.5440143346786499,0.01687757484614849,0.12189982086420059,662,293
180,6000,22,0.7031952142715454,0.556504487991333,-0.09675033390522003,0.8048595190048218,675,300
180,6000,23,0.6808337569236755,0.5352706909179688,0.04715150594711304,0.9999548196792603,653,289
180,6000,24,0.6969528794288635,0.5375686883926392,-0.047310296446084976,0.9999740123748779,669,290
180,6000,25,0.6974266171455383,0.6343598365783691,0.1380614936351776,0.705011248588562,669,342
180,6000,26,0.7023108005523682,0.6474053859710693,0.04172760620713234,0.9671112298965454,674,349
180,6000,27,0.6493628621101379,0.7041007280349731,0.20325525104999542,0.9322358965873718,623,380
180,6000,28,0.6911694407463074,0.762114942073822,0.10290054231882095,0.9848559498786926,663,411
180,6000,29,0.6343254446983337,0.7095323204994202,0.20716145634651184,0.9042385816574097,608,383
180,6000,30,0.6817182898521423,0.786198616027832,0.10742853581905365,0.9065775275230408,654,424
180,6000,31,0.6475343108177185,0.7418428063392639,0.18483369052410126,0.9326328635215759,621,400
180,6000,32,0.7204999923706055,0.7858098745346069,0.07123459875583649,0.9702692627906799,691,424
181,6033,0,0.7074280381202698,0.2819543480873108,-0.03464001417160034,0.9972967505455017,679,152
181,6033,1,0.7033489942550659,0.27200308442115784,-0.03919756039977074,0.9955504536628723,675,146
181,6033,2,0.701167106628418,0.27199405431747437,-0.03933227062225342,0.9944040775299072,673,146
181,6033,3,0.698932409286499,0.2719818651676178,-0.03927280381321907,0.996135950088501,670,146
181,6033,4,0.70856773853302,0.2722432315349579,-0.04904510825872421,0.9971131682395935,680,147
181,6033,5,0.7098548412322998,0.2723439037799835,-0.04923411086201668,0.9976155757904053,681,147
181,6033,6,0.7110573649406433,0.2723105549812317,-0.0492878332734108,0.9983450174331665,682,147
181,6033,7,0.6935191750526428,0.2775588631629944,-0.03175574913620949,0.9976242184638977,665,149
181,6033,8,0.7095890641212463,0.2777392864227295,-0.08586166054010391,0.9973468780517578,681,149
181,6033,9,0.7034385800361633,0.2953280210494995,-0.030472882091999054,0.996714174747467,675,159
181,6033,10,0.7078511714935303,0.2960369884967804,-0.044576309621334076,0.9974964261054993,679,159
181,6033,11,0.6803938150405884,0.3502618968486786,0.008892846293747425,0.999744176864624,653,189
181,6033,12,0.7060048580169678,0.35038021206855774,-0.10332323610782623,0.9999127984046936,677,189
181,6033,13,0.6767114996910095,0.44025540351867676,0.02706506848335266,0.04516146332025528,649,237
181,6033,14,0.702728271484375,0.4524630606174469,-0.10635395348072052,0.9742656946182251,674,244
181,6033,15,0.6847082376480103,0.5150195360183716,0.016356030479073524,0.08605853468179703,657,278
181,6033,16,0.7050474286079407,0.5387959480285645,-0.07999422401189804,0.924386203289032,676,290
181,6033,17,0.6833265423774719,0.5448624491691589,0.01726147159934044,0.11835939437150955,655,294
181,6033,18,0.703590452671051,0.5657418966293335,-0.09006474167108536,0.8748932480812073,675,305
181,6033,19,0.6865277886390686,0.5463370084762573,0.005190016236156225,0.12224644422531128,659,295
181,6033,20,0.7042688727378845,0.5669094324111938,-0.09201522171497345,0.8646143078804016,676,306
181,6033,21,0.688278317451477,0.5396010875701904,0.01172586064785719,0.11058064550161362,660,291
181,6033,22,0.7046261429786682,0.5566121339797974,-0.08047077059745789,0.8040546774864197,676,300
181,6033,23,0.6817914247512817,0.5326334834098816,0.043038252741098404,0.999956488609314,654,287
181,6033,24,0.697898805141449,0.5354123115539551,-0.0431993268430233,0.9999756217002869,669,289
181,6033,25,0.6990945935249329,0.6302102208137512,0.1333245187997818,0.711668848991394,671,340
181,6033,26,0.703304648399353,0.6474397778511047,0.04193395748734474,0.9673324823379517,675,349
181,6033,27,0.6520301699638367,0.7012370228767395,0.1942090392112732,0.9334375858306885,625,378
181,6033,28,0.690647304058075,0.7624713182449341,0.0991031751036644,0.9858733415603638,663,411
181,6033,29,0.6391818523406982,0.706921398639679,0.19758547842502594,0.9051470756530762,613,381
181,6033,30,0.6804947257041931,0.786760151386261,0.10344983637332916,0.9133518934249878,653,424
181,6033,31,0.6471061706542969,0.741353452205658,0.1738746613264084,0.9313732385635376,621,400
181,6033,32,0.7182475924491882,0.7878918647766113,0.06759548932313919,0.9714867472648621,689,425
182,6066,0,0.712670624256134,0.2819894552230835,0.00033107493072748184,0.9974805116653442,684,152
182,6066,1,0.7088349461555481,0.2720227539539337,-0.006025814916938543,0.9958795309066772,680,146
182,6066,2,0.7065706849098206,0.2720111012458801,-0.006147091742604971,0.9948234558105469,678,146
182,6066,3,0.7041980028152466,0.2719973623752594,-0.006097511854022741,0.9964028596878052,676,146
182,6066,4,0.7147414088249207,0.2722620964050293,-0.016458014026284218,0.9973418712615967,686,147
182,6066,5,0.7163857221603394,0.27235984802246094,-0.016635794192552567,0.9978157877922058,687,147
182,6066,6,0.7179791331291199,0.2723228335380554,-0.016683664172887802,0.998486340045929,689,147
182,6066,7,0.6989666223526001,0.27755501866340637,-0.03047403134405613,0.9977929592132568,671,149
182,6066,8,0.7190807461738586,0.2777612507343292,-0.06846974790096283,0.9975805878639221,690,149
182,6066,9,0.7089798450469971,0.2948370575904846,0.00019489999976940453,0.996944785118103,680,159
182,6066,10,0.7141382098197937,0.2954498529434204,-0.014346948824822903,0.9976935982704163,685,159
182,6066,11,0.6834925413131714,0.34831786155700684,0.020498087629675865,0.9997568726539612,656,188
182,6066,12,0.7158530354499817,0.3502095341682434,-0.10058732330799103,0.9999204874038696,687,189
182,6066,13,0.6787235140800476,0.4374401569366455,0.042229656130075455,0.04388200864195824,651,236
182,6066,14,0.7163442373275757,0.45426708459854126,-0.1017053946852684,0.974875807762146,687,245
182,6066,15,0.6869285106658936,0.516474187374115,0.028810769319534302,0.07880597561597824,659,278
182,6066,16,0.7199133038520813,0.5404158234596252,-0.07269060611724854,0.9306862354278564,691,291
182,6066,17,0.6866982579231262,0.542678952217102,0.03159494325518608,0.10916333645582199,659,293
182,6066,18,0.7173507809638977,0.5670493841171265,-0.08371910452842712,0.885239839553833,688,306
182,6066,19,0.6892827749252319,0.543910026550293,0.022087467834353447,0.11245255172252655,661,293
182,6066,20,0.7196198105812073,0.5686800479888916,-0.0854698196053505,0.8756319880485535,690,307
182,6066,21,0.6906582117080688,0.5365859270095825,0.02622082643210888,0.1016627848148346,663,289
182,6066,22,0.7198682427406311,0.5583627223968506,-0.07290816307067871,0.8192565441131592,691,301
182,6066,23,0.6844331622123718,0.5302769541740417,0.04472438246011734,0.9999594688415527,657,286
182,6066,24,0.7034996747970581,0.5336222052574158,-0.04487762600183487,0.9999776482582092,675,288
182,6066,25,0.7073431611061096,0.6284897923469543,0.14132902026176453,0.7191491723060608,679,339
182,6066,26,0.7083971500396729,0.6476083397865295,0.03827662765979767,0.9686663150787354,680,349
182,6066,27,0.6594425439834595,0.7072272300720215,0.21843335032463074,0.9331104159355164,633,381
182,6066,28,0.6913376450538635,0.7629091739654541,0.09868230670690536,0.9867613911628723,663,411
182,6066,29,0.6487418413162231,0.7170722484588623,0.22410494089126587,0.9078454375267029,622,387
182,6066,30,0.6816033124923706,0.7881389260292053,0.10325046628713608,0.9197176694869995,654,425
182,6066,31,0.651016116142273,0.7437945604324341,0.20969325304031372,0.9258328080177307,624,401
182,6066,32,0.7216260433197021,0.7891744375228882,0.06868723779916763,0.9718359112739563,692,426
183,6100,0,0.7142342329025269,0.28111517429351807,-0.008987401612102985,0.9975019097328186,685,151
183,6100,1,0.7109019756317139,0.27123162150382996,-0.012695428915321827,0.9959803223609924,682,146
183,6100,2,0.7088440656661987,0.271097332239151,-0.012829913757741451,0.9949749708175659,680,146
183,6100,3,0.7062380909919739,0.2709062099456787,-0.012780300341546535,0.996451199054718,677,146
183,6100,4,0.7158246636390686,0.27164483070373535,-0.024548104032874107,0.9974448084831238,687,146
183,6100,5,0.7174510359764099,0.2718081772327423,-0.024733999744057655,0.9979330897331238,688,146
183,6100,6,0.7187862992286682,0.27182087302207947,-0.02478959411382675,0.9985737204551697,690,146
183,6100,7,0.7007454633712769,0.2761704921722412,-0.024419700726866722,0.9978323578834534,672,149
183,6100,8,0.7187983989715576,0.27738794684410095,-0.07054111361503601,0.9977362751960754,690,149
183,6100,9,0.71024489402771,0.29337844252586365,-0.005766998045146465,0.9970322251319885,681,158
183,6100,10,0.7148257493972778,0.2944815158843994,-0.022173646837472916,0.9978103041648865,686,159
183,6100,11,0.6850141286849976,0.3466968834400177,0.020900875329971313,0.9997565746307373,657,187
183,6100,12,0.7170790433883667,0.3502469062805176,-0.10147468000650406,0.9999266266822815,688,189
183,6100,13,0.6799026727676392,0.43781155347824097,0.04227370768785477,0.04301300644874573,652,236
183,6100,14,0.7174788117408752,0.45545151829719543,-0.106833815574646,0.9763798713684082,688,245
183,6100,15,0.6878422498703003,0.5174521803855896,0.028195185586810112,0.07265158742666245,660,279
183,6100,16,0.7206547856330872,0.5412280559539795,-0.08293279260396957,0.9371214509010315,691,292
183,6100,17,0.6872037053108215,0.5411664247512817,0.029820259660482407,0.1016259491443634,659,292
183,6100,18,0.7173132300376892,0.5673218369483948,-0.09529518336057663,0.8958335518836975,688,306
183,6100,19,0.6901227831840515,0.5418673753738403,0.018346469849348068,0.10441025346517563,662,292
183,6100,20,0.7208328247070312,0.5690869092941284,-0.09674693644046783,0.8870740532875061,691,307
183,6100,21,0.6914976835250854,0.5348953008651733,0.02398444153368473,0.09427160769701004,663,288
183,6100,22,0.7215175032615662,0.5592063665390015,-0.08313517272472382,0.8355159759521484,692,301
183,6100,23,0.6866394281387329,0.5279266834259033,0.04519575834274292,0.9999602437019348,659,285
183,6100,24,0.7042057514190674,0.5320021510124207,-0.045345235615968704,0.9999789595603943,676,287
183,6100,25,0.7101362347602844,0.6233710646629333,0.13615860044956207,0.7281752824783325,681,336
183,6100,26,0.7083455920219421,0.6476003527641296,0.032511673867702484,0.9693233370780945,680,349
183,6100,27,0.6656555533409119,0.7062744498252869,0.20448198914527893,0.9330694079399109,639,381
183,6100,28,0.6912295818328857,0.7631245851516724,0.09454508125782013,0.9875565767288208,663,412
183,6100,29,0.6522650122642517,0.7126208543777466,0.20876727998256683,0.9090023040771484,626,384
183,6100,30,0.6811321973800659,0.7889710068702698,0.09797174483537674,0.9253525137901306,653,426
183,6100,31,0.6556597948074341,0.7421875596046448,0.18787537515163422,0.923092246055603,629,400
183,6100,32,0.7222791314125061,0.7892955541610718,0.06107711419463158,0.9725873470306396,693,426
184,6133,0,0.7236050367355347,0.2811449468135834,-0.010900590568780899,0.9977307319641113,694,151
184,6133,1,0.7204355597496033,0.2710980772972107,-0.013711352832615376,0.9963488578796387,691,146
184,6133,2,0.7177942991256714,0.2709489166736603,-0.013838325627148151,0.9954376220703125,689,146
184,6133,3,0.7152622938156128,0.27079272270202637,-0.013774841092526913,0.9967648386955261,686,146
184,6133,4,0.7251946926116943,0.2715349793434143,-0.0258012842386961,0.9976855516433716,696,146
184,6133,5,0.7264325022697449,0.2716437876224518,-0.025989675894379616,0.9981312155723572,697,146
184,6133,6,0.727609395980835,0.27163031697273254,-0.02604123204946518,0.9987103939056396,698,146
184,6133,7,0.7090704441070557,0.2759338617324829,-0.024158639833331108,0.9980219602584839,680,149
184,6133,8,0.7276651263237,0.27687808871269226,-0.07022514939308167,0.997954785823822,698,149
184,6133,9,0.7193235754966736,0.29335924983024597,-0.006581886671483517,0.9972834587097168,690,158
184,6133,10,0.723894476890564,0.294351190328598,-0.023422833532094955,0.9980098009109497,694,158
184,6133,11,0.690716028213501,0.34602880477905273,0.023870520293712616,0.9997677206993103,663,186
184,6133,12,0.7246242165565491,0.349638968706131,-0.10192270576953888,0.9999334216117859,695,188
184,6133,13,0.6833640336990356,0.43230801820755005,0.04717744141817093,0.0446883924305439,656,233
184,6133,14,0.7284586429595947,0.4554755687713623,-0.1064365953207016,0.9781591892242432,699,245
184,6133,15,0.6944781541824341,0.5084888339042664,0.05741304159164429,0.0676255002617836,666,274
184,6133,16,0.7356939911842346,0.5396341681480408,-0.07826502621173859,0.9430900812149048,706,291
184,6133,17,0.695175051689148,0.5259144306182861,0.06193546578288078,0.09586257487535477,667,283
184,6133,18,0.7365413904190063,0.5641677379608154,-0.09096012264490128,0.905701220035553,707,304
184,6133,19,0.6989299058914185,0.5268937349319458,0.0480952151119709,0.09832021594047546,670,284
184,6133,20,0.7397421598434448,0.5666862726211548,-0.09106453508138657,0.8977556824684143,710,306
184,6133,21,0.699966311454773,0.5220383405685425,0.052514251321554184,0.08908914029598236,671,281
184,6133,22,0.7385879158973694,0.5572424530982971,-0.07798504829406738,0.8508666753768921,709,300
184,6133,23,0.6926708817481995,0.5274295210838318,0.04578598588705063,0.9999618530273438,664,284
184,6133,24,0.7108783721923828,0.5305527448654175,-0.0459342859685421,0.9999805688858032,682,286
184,6133,25,0.7166619896888733,0.6179034113883972,0.15713731944561005,0.7326196432113647,687,333
184,6133,26,0.7133718132972717,0.6465189456939697,0.03196804225444794,0.9714857935905457,684,349
184,6133,27,0.6888901591300964,0.7085692286491394,0.24605807662010193,0.9300599694252014,661,382
184,6133,28,0.6917346119880676,0.7615728378295898,0.07129348069429398,0.9884779453277588,664,411
184,6133,29,0.678843080997467,0.7189863324165344,0.2527274787425995,0.9082796573638916,651,388
184,6133,30,0.682498037815094,0.787602424621582,0.07395828515291214,0.930836021900177,655,425
184,6133,31,0.6940479874610901,0.7350581288337708,0.24304421246051788,0.9184853434562683,666,396
184,6133,32,0.723414957523346,0.7883263230323792,0.03893168270587921,0.9741014242172241,694,425
185,6166,0,0.7230508327484131,0.2798825800418854,0.004321476444602013,0.997938871383667,694,151
185,6166,1,0.7193517088890076,0.2700520157814026,0.0008633685065433383,0.9966878890991211,690,145
185,6166,2,0.7171657681465149,0.2699570059776306,0.0007482932996936142,0.995860755443573,688,145
185,6166,3,0.7149251699447632,0.26986145973205566,0.0008172790985554457,0.9970588684082031,686,145
185,6166,4,0.7243977189064026,0.2704187035560608,-0.01068668533116579,0.9979044198989868,695,146
185,6166,5,0.7256594896316528,0.27054789662361145,-0.010868970304727554,0.9983099102973938,696,146
185,6166,6,0.7267898917198181,0.2705536186695099,-0.010894956067204475,0.9988341331481934,697,146
185,6166,7,0.7094053030014038,0.2750808298587799,-0.007016276940703392,0.998199462890625,681,148
185,6166,8,0.7258930802345276,0.2759948670864105,-0.05661245808005333,0.9981511831283569,696,149
185,6166,9,0.718368411064148,0.2921483814716339,0.007427204865962267,0.9975214600563049,689,157
185,6166,10,0.7236766219139099,0.29347607493400574,-0.008714338764548302,0.998192310333252,694,158
185,6166,11,0.6913672685623169,0.3455565571784973,0.02509411610662937,0.9997815489768982,663,186
185,6166,12,0.7269983291625977,0.3492423892021179,-0.08879165351390839,0.9999396204948425,697,188
185,6166,13,0.6844789981842041,0.4337705373764038,0.05337827652692795,0.04593277350068092,657,234
185,6166,14,0.728907585144043,0.454864501953125,-0.08875572681427002,0.9796414375305176,699,245
185,6166,15,0.6923683285713196,0.49850594997406006,0.06194504722952843,0.06252073496580124,664,269
185,6166,16,0.7376132607460022,0.5388190746307373,-0.05841713771224022,0.9482420682907104,708,290
185,6166,17,0.693376898765564,0.521857738494873,0.06471649557352066,0.08938086032867432,665,281
185,6166,18,0.7388996481895447,0.5619885325431824,-0.06993798911571503,0.9142041206359863,709,303
185,6166,19,0.6969799399375916,0.5215482115745544,0.05248420685529709,0.09145623445510864,669,281
185,6166,20,0.7414271235466003,0.5647898316383362,-0.07081258296966553,0.9069299697875977,711,304
185,6166,21,0.6982940435409546,0.516663134098053,0.05754779279232025,0.08294756710529327,670,278
185,6166,22,0.7404680252075195,0.5556046962738037,-0.05841175466775894,0.8638662099838257,710,300
185,6166,23,0.6952621936798096,0.5271744132041931,0.04535632207989693,0.9999645352363586,667,284
185,6166,24,0.7134687900543213,0.528885006904602,-0.04549575597047806,0.9999822378158569,684,285
185,6166,25,0.7223589420318604,0.6162161827087402,0.14673444628715515,0.7418904900550842,693,332
185,6166,26,0.7139139771461487,0.645973265171051,0.03099769540131092,0.9734852910041809,685,348
185,6166,27,0.6926714777946472,0.7071042060852051,0.22683295607566833,0.9282476305961609,664,381
185,6166,28,0.693367063999176,0.761032223701477,0.07099594175815582,0.9893422722816467,665,410
185,6166,29,0.6832225322723389,0.7178174257278442,0.23276779055595398,0.9078627228736877,655,387
185,6166,30,0.6822986006736755,0.7865166068077087,0.07434352487325668,0.9359890818595886,655,424
185,6166,31,0.6973961591720581,0.7323477268218994,0.220718115568161,0.9151847958564758,669,395
185,6166,32,0.7258719205856323,0.7878612279891968,0.0393327921628952,0.975568950176239,696,425
186,6200,0,0.7283377051353455,0.2819198668003082,0.028804956004023552,0.998129665851593,699,152
186,6200,1,0.724979817867279,0.2714087963104248,0.023614374920725822,0.9969900846481323,695,146
186,6200,2,0.722690999507904,0.27121686935424805,0.023503627628087997,0.9962388873100281,693,146
186,6200,3,0.7202183604240417,0.2710883319377899,0.023559266701340675,0.9973174929618835,691,146
186,6200,4,0.7302831411361694,0.27179983258247375,0.012050194665789604,0.9981016516685486,701,146
186,6200,5,0.7318225502967834,0.2718066871166229,0.011858264915645123,0.9984717965126038,702,146
186,6200,6,0.7334182858467102,0.27175021171569824,0.011801373213529587,0.9989458918571472,704,146
186,6200,7,0.715284526348114,0.2765050530433655,0.007254013326019049,0.9983528256416321,686,149
186,6200,8,0.7350445985794067,0.2778371572494507,-0.04461555927991867,0.9983291625976562,705,150
186,6200,9,0.7245338559150696,0.2930856943130493,0.02767413668334484,0.9977378845214844,695,158
186,6200,10,0.7293664216995239,0.29442134499549866,0.011490660719573498,0.9983597993850708,700,158
186,6200,11,0.6970714926719666,0.34559404850006104,0.03969413787126541,0.9997960329055786,669,186
186,6200,12,0.7335442900657654,0.3493565022945404,-0.09041985869407654,0.9999454021453857,704,188
186,6200,13,0.6908407211303711,0.4342019855976105,0.06698489934206009,0.051952850073575974,663,234
186,6200,14,0.7378745675086975,0.45237141847610474,-0.09730933606624603,0.9815407395362854,708,244
186,6200,15,0.7012718915939331,0.5024200677871704,0.06778264045715332,0.06236108019948006,673,271
186,6200,16,0.7536365389823914,0.5302247405052185,-0.07346459478139877,0.9533122181892395,723,286
186,6200,17,0.7017677426338196,0.520645797252655,0.07194245606660843,0.08951467275619507,673,281
186,6200,18,0.7571628093719482,0.5545074343681335,-0.08600176125764847,0.9225262403488159,726,299
186,6200,19,0.7063786387443542,0.5198489427566528,0.058225639164447784,0.09101493656635284,678,280
186,6200,20,0.7588387727737427,0.5562102198600769,-0.08647618442773819,0.9159538149833679,728,300
186,6200,21,0.7078119516372681,0.5152420401573181,0.0628296434879303,0.08225028216838837,679,278
186,6200,22,0.7574409246444702,0.5487274527549744,-0.07328667491674423,0.8768752217292786,727,296
186,6200,23,0.6981021761894226,0.5239769816398621,0.04568639025092125,0.9999661445617676,670,282
186,6200,24,0.7180941104888916,0.525539755821228,-0.04582591354846954,0.999983549118042,689,283
186,6200,25,0.7194051146507263,0.6181638836860657,0.14275850355625153,0.7410802245140076,690,333
186,6200,26,0.7263874411582947,0.6419858932495117,0.006521804258227348,0.9747468829154968,697,346
186,6200,27,0.7015239596366882,0.7164279222488403,0.2147165685892105,0.9259747862815857,673,386
186,6200,28,0.6958817839622498,0.7605064511299133,0.0377083383500576,0.9896872043609619,668,410
186,6200,29,0.6951521635055542,0.7477160692214966,0.21920830011367798,0.9099583029747009,667,403
186,6200,30,0.6837437152862549,0.7842022180557251,0.03998177498579025,0.9393653869628906,656,423
186,6200,31,0.7144914865493774,0.7492099404335022,0.20397192239761353,0.9100180268287659,685,404
186,6200,32,0.7214980721473694,0.7875803112983704,0.011602078564465046,0.9755892157554626,692,425
187,6233,0,0.7298290133476257,0.2816666066646576,0.02568572200834751,0.9983078837394714,700,152
187,6233,1,0.7260487675666809,0.27114617824554443,0.020586548373103142,0.9972735047340393,697,146
187,6233,2,0.7236488461494446,0.2709212899208069,0.020482143387198448,0.9965928792953491,694,146
187,6233,3,0.7209869027137756,0.27076682448387146,0.020538123324513435,0.9975641369819641,692,146
187,6233,4,0.7318102121353149,0.2716640532016754,0.00835149921476841,0.9982846975326538,702,146
187,6233,5,0.733361542224884,0.27170082926750183,0.008169570937752724,0.9986206293106079,704,146
187,6233,6,0.7348021864891052,0.27166232466697693,0.008123978972434998,0.9990487098693848,705,146
187,6233,7,0.7160864472389221,0.27624431252479553,0.005180424079298973,0.9985007047653198,687,149
187,6233,8,0.7354974150657654,0.2776862680912018,-0.050005774945020676,0.9984925389289856,706,149
187,6233,9,0.7257365584373474,0.2925330698490143,0.02464255318045616,0.997944176197052,696,157
187,6233,10,0.731139600276947,0.29419052600860596,0.007558425422757864,0.998516321182251,701,158
187,6233,11,0.6992547512054443,0.3453989326953888,0.04012812301516533,0.9998108744621277,671,186
187,6233,12,0.7346752285957336,0.34946513175964355,-0.09155166149139404,0.9999507069587708,705,188
187,6233,13,0.6921858191490173,0.43379345536231995,0.07188128679990768,0.054822467267513275,664,234
187,6233,14,0.7379715442657471,0.451656311750412,-0.10102873295545578,0.9831922650337219,708,243
187,6233,15,0.7019097208976746,0.49793678522109985,0.07694940268993378,0.05926424264907837,673,268
187,6233,16,0.7551202178001404,0.5277913808822632,-0.07632677257061005,0.957859218120575,724,285
187,6233,17,0.7042044997215271,0.5197216868400574,0.08197976648807526,0.08538024872541428,676,280
187,6233,18,0.7594168782234192,0.5518380999565125,-0.08997196704149246,0.9299803376197815,729,297
187,6233,19,0.7087163329124451,0.5192232728004456,0.06739474833011627,0.08650998026132584,680,280
187,6233,20,0.7614224553108215,0.5532569885253906,-0.08870139718055725,0.9240291118621826,730,298
187,6233,21,0.710063099861145,0.5147401690483093,0.07167267054319382,0.07819607853889465,681,277
187,6233,22,0.7599465847015381,0.5463335514068604,-0.0753897875547409,0.8884528279304504,729,295
187,6233,23,0.6996029615402222,0.5214567184448242,0.046262722462415695,0.9999679327011108,671,281
187,6233,24,0.7194487452507019,0.5231698155403137,-0.04639269411563873,0.999984860420227,690,282
187,6233,25,0.7177597880363464,0.6189557313919067,0.1481054127216339,0.7298965454101562,689,334
187,6233,26,0.7274672985076904,0.6398192048072815,-0.0024824237916618586,0.9758186936378479,698,345
187,6233,27,0.7050222754478455,0.7261199355125427,0.22511617839336395,0.9180895090103149,676,392
187,6233,28,0.6958473324775696,0.760209321975708,0.036949850618839264,0.9898591637611389,668,410
187,6233,29,0.6997395157814026,0.7504290342330933,0.23055164515972137,0.9073596596717834,671,405
187,6233,30,0.6841508150100708,0.7829324007034302,0.04005150869488716,0.9415940642356873,656,422
187,6233,31,0.7173032164573669,0.752312958240509,0.22295738756656647,0.8968953490257263,688,406
187,6233,32,0.7215124368667603,0.7872739434242249,0.013546748086810112,0.9748939871788025,692,425
188,6266,0,0.7363331317901611,0.28369250893592834,0.01694980077445507,0.9984320402145386,706,153
188,6266,1,0.7329203486442566,0.27312156558036804,0.012005670927464962,0.9974554777145386,703,147
188,6266,2,0.7306474447250366,0.27280494570732117,0.011883224360644817,0.9968293905258179,701,147
188,6266,3,0.7282306551933289,0.2725509703159332,0.011928258463740349,0.9977044463157654,699,147
188,6266,4,0.7384436130523682,0.27377623319625854,0.000644947518594563,0.998420238494873,708,147
188,6266,5,0.7399291396141052,0.2738627791404724,0.0004500173672568053,0.9987393617630005,710,147
188,6266,6,0.7413764595985413,0.2739591598510742,0.00039508691406808794,0.9991292357444763,711,147
188,6266,7,0.7234952449798584,0.2771727740764618,0.0018940709996968508,0.9985798001289368,694,149
188,6266,8,0.7427332401275635,0.2795431315898895,-0.0506114587187767,0.9986212253570557,713,150
188,6266,9,0.7323408126831055,0.2933611273765564,0.017895270138978958,0.9979983568191528,703,158
188,6266,10,0.7371189594268799,0.2949790060520172,0.0020417342893779278,0.9986108541488647,707,159
188,6266,11,0.7031288146972656,0.34513235092163086,0.03934482857584953,0.9998138546943665,675,186
188,6266,12,0.7403611540794373,0.3494701087474823,-0.0920136496424675,0.9999551177024841,710,188
188,6266,13,0.6893779635429382,0.4189069867134094,0.12640425562858582,0.052520278841257095,661,226
188,6266,14,0.747261106967926,0.4508536458015442,-0.11513099074363708,0.9837736487388611,717,243
188,6266,15,0.7083860635757446,0.4482896625995636,0.21595372259616852,0.05607395991683006,680,242
188,6266,16,0.7696223855018616,0.5259758234024048,-0.11499183624982834,0.9614329934120178,738,284
188,6266,17,0.7148724794387817,0.45816096663475037,0.2313622683286667,0.083271324634552,686,247
188,6266,18,0.7766008973121643,0.5487286448478699,-0.13071148097515106,0.9361935257911682,745,296
188,6266,19,0.7167445421218872,0.4564881920814514,0.21444256603717804,0.08462227135896683,688,246
188,6266,20,0.7804735898971558,0.5467566847801208,-0.12666088342666626,0.9308081269264221,749,295
188,6266,21,0.7160589694976807,0.45490482449531555,0.2115669548511505,0.07683588564395905,687,245
188,6266,22,0.7771976590156555,0.5413429737091064,-0.11383288353681564,0.8981567025184631,746,292
188,6266,23,0.7069813013076782,0.5184787511825562,0.04551909863948822,0.9999669194221497,678,279
188,6266,24,0.7207691073417664,0.5214886665344238,-0.045658402144908905,0.9999851584434509,691,281
188,6266,25,0.7449868321418762,0.6184009909629822,0.09246426075696945,0.7002219557762146,715,333
188,6266,26,0.7190096974372864,0.6401188373565674,0.0033692442812025547,0.9693424105644226,690,345
188,6266,27,0.7236467599868774,0.7297608852386475,0.148275226354599,0.9054373502731323,694,394
188,6266,28,0.6935613751411438,0.7599135041236877,0.049774784594774246,0.9888296723365784,665,410
188,6266,29,0.7143374085426331,0.7517548203468323,0.15199866890907288,0.9006277322769165,685,405
188,6266,30,0.681927502155304,0.7827814221382141,0.05360459163784981,0.9407605528831482,654,422
188,6266,31,0.745124101638794,0.7595240473747253,0.13861438632011414,0.8855507969856262,715,410
188,6266,32,0.7181581854820251,0.7870892286300659,0.024546097964048386,0.9720106720924377,689,425
189,6300,0,0.7369047403335571,0.2837413549423218,0.017738450318574905,0.9985311627388,707,153
189,6300,1,0.7336314916610718,0.27323827147483826,0.01286131702363491,0.9975941181182861,704,147
189,6300,2,0.7312679886817932,0.27289241552352905,0.01273661945015192,0.9970112442970276,702,147
189,6300,3,0.7287819385528564,0.27261874079704285,0.012774352915585041,0.9978039860725403,699,147
189,6300,4,0.7390868067741394,0.2739848494529724,0.0011037893127650023,0.9985322952270508,709,147
189,6300,5,0.7405429482460022,0.2740940451622009,0.000905853055883199,0.9988406300544739,710,148
189,6300,6,0.7418337464332581,0.2742050588130951,0.0008546240860596299,0.999197781085968,712,148
189,6300,7,0.7237622141838074,0.2771768271923065,0.0030941381119191647,0.9986310601234436,694,149
189,6300,8,0.7420989871025085,0.2796664834022522,-0.05055912956595421,0.9987307190895081,712,151
189,6300,9,0.7328916788101196,0.29335591197013855,0.019062595441937447,0.9980302453041077,703,158
189,6300,10,0.7379668951034546,0.2949889302253723,0.0026395367458462715,0.9986876845359802,708,159
189,6300,11,0.7025387287139893,0.34513428807258606,0.04126888886094093,0.999815046787262,674,186
189,6300,12,0.7411258816719055,0.3494413197040558,-0.091862253844738,0.9999589920043945,711,188
189,6300,13,0.6878935694694519,0.4164990186691284,0.12894436717033386,0.05049315094947815,660,224
189,6300,14,0.7481926679611206,0.45087930560112,-0.11722211539745331,0.9841994047164917,718,243
189,6300,15,0.710034966468811,0.448406457901001,0.20742519199848175,0.052509963512420654,681,242
189,6300,16,0.7705968618392944,0.5239561796188354,-0.1181781217455864,0.9647013545036316,739,282
189,6300,17,0.7152942419052124,0.46181267499923706,0.22121605277061462,0.07937614619731903,686,249
189,6300,18,0.7765225768089294,0.5471612811088562,-0.13365538418293,0.9418346285820007,745,295
189,6300,19,0.7200345993041992,0.45409125089645386,0.20437738299369812,0.08073079586029053,691,245
189,6300,20,0.780777633190155,0.545098602771759,-0.13008476793766022,0.9369572401046753,749,294
189,6300,21,0.7192159295082092,0.452274352312088,0.20274093747138977,0.07349997758865356,690,244
189,6300,22,0.7773019671440125,0.5394560098648071,-0.11711172014474869,0.906868577003479,746,291
189,6300,23,0.7084090113639832,0.5163085460662842,0.04505084082484245,0.999966025352478,680,278
189,6300,24,0.7222174406051636,0.5199037790298462,-0.04519649222493172,0.99998539686203,693,280
189,6300,25,0.7448441982269287,0.6191414594650269,0.08012931048870087,0.6812491416931152,715,334
189,6300,26,0.7156597971916199,0.6400519609451294,0.0006365485605783761,0.964148223400116,687,345
189,6300,27,0.7243576049804688,0.732718288898468,0.12690423429012299,0.8997203707695007,695,395
189,6300,28,0.6940618753433228,0.7594566345214844,0.043785907328128815,0.9880596995353699,666,410
189,6300,29,0.7140163779258728,0.754805326461792,0.1295846849679947,0.898923933506012,685,407
189,6300,30,0.682400643825531,0.7825489044189453,0.047478217631578445,0.9407246708869934,655,422
189,6300,31,0.7439985871315002,0.7630786299705505,0.11328831315040588,0.8804419636726379,714,412
189,6300,32,0.7170926928520203,0.7872592210769653,0.020363757386803627,0.9697456955909729,688,425
190,6333,0,0.7443785071372986,0.2845245599746704,0.01361050270497799,0.9986622333526611,714,153
190,6333,1,0.7417666912078857,0.2741832733154297,0.012530460022389889,0.9978059530258179,712,148
190,6333,2,0.7396672368049622,0.2737817168235779,0.012417313642799854,0.9972677230834961,710,147
190,6333,3,0.7374058961868286,0.2734273672103882,0.012459776364266872,0.9979891777038574,707,147
190,6333,4,0.745798647403717,0.27474716305732727,-0.0014203249011188745,0.9986670613288879,715,148
190,6333,5,0.7467648386955261,0.2747360169887543,-0.001614507520571351,0.9989478588104248,716,148
190,6333,6,0.7477177381515503,0.2747446596622467,-0.001666169730015099,0.9992721080780029,717,148
190,6333,7,0.7315592169761658,0.27766305208206177,0.019818268716335297,0.998733639717102,702,149
190,6333,8,0.7476889491081238,0.2797027826309204,-0.04697274789214134,0.9988449811935425,717,151
190,6333,9,0.7404181361198425,0.2937565743923187,0.019373469054698944,0.9981420040130615,710,158
190,6333,10,0.7440977692604065,0.2950989603996277,-5.288156899041496e-06,0.9987813830375671,714,159
190,6333,11,0.7100518345832825,0.34505948424339294,0.06953028589487076,0.999811589717865,681,186
190,6333,12,0.7439926266670227,0.3479035198688507,-0.0922042578458786,0.9999620318412781,714,187
190,6333,13,0.6955642104148865,0.41523781418800354,0.15774573385715485,0.048262819647789,667,224
190,6333,14,0.7547518014907837,0.4455614387989044,-0.125945582985878,0.9851169586181641,724,240
190,6333,15,0.726441502571106,0.4636915624141693,0.2242627739906311,0.04831947386264801,697,250
190,6333,16,0.7805511951446533,0.5141008496284485,-0.11334295570850372,0.9661113023757935,749,277
190,6333,17,0.7313146591186523,0.47607332468032837,0.23920784890651703,0.07324977964162827,702,257
190,6333,18,0.7868627309799194,0.5375978350639343,-0.12796622514724731,0.9438262581825256,755,290
190,6333,19,0.7344856858253479,0.47439274191856384,0.22168543934822083,0.07447302341461182,705,256
190,6333,20,0.7911262512207031,0.5352046489715576,-0.12366382032632828,0.939088761806488,759,289
190,6333,21,0.7342866063117981,0.47142407298088074,0.2190227061510086,0.06799522042274475,704,254
190,6333,22,0.7883671522140503,0.5272061228752136,-0.11156058311462402,0.9085253477096558,756,284
190,6333,23,0.7174661755561829,0.5147771835327148,0.0510270856320858,0.999965250492096,688,277
190,6333,24,0.7236679792404175,0.5160545110702515,-0.0511712022125721,0.9999852776527405,694,278
190,6333,25,0.7496841549873352,0.6197973489761353,0.07624305784702301,0.6677775382995605,719,334
190,6333,26,0.7148829698562622,0.6399758458137512,-0.017519468441605568,0.9629201292991638,686,345
190,6333,27,0.7487245798110962,0.7423275709152222,0.10945336520671844,0.8933766484260559,718,400
190,6333,28,0.6928418278694153,0.7595087289810181,0.014063590206205845,0.9871535301208496,665,410
190,6333,29,0.7420027256011963,0.7695902585983276,0.10997946560382843,0.8935302495956421,712,415
190,6333,30,0.6822940111160278,0.7823723554611206,0.015938354656100273,0.936034083366394,655,422
190,6333,31,0.7748466730117798,0.7621879577636719,0.08346644788980484,0.8750429749488831,743,411
190,6333,32,0.7189724445343018,0.7881422638893127,-0.0199777502566576,0.9673198461532593,690,425
191,6366,0,0.7462491393089294,0.28446164727211,0.011923851445317268,0.9987634420394897,716,153
191,6366,1,0.7429674863815308,0.2741510570049286,0.010158540681004524,0.9979674220085144,713,148
191,6366,2,0.7408158779144287,0.2737595736980438,0.010042527690529823,0.9974614381790161,711,147
191,6366,3,0.7385454177856445,0.2734141945838928,0.010089200921356678,0.9981234073638916,709,147
191,6366,4,0.7471124529838562,0.27471405267715454,-0.00353694474324584,0.9987768530845642,717,148
191,6366,5,0.7480404376983643,0.2747024595737457,-0.0037291846238076687,0.9990370273590088,718,148
191,6366,6,0.7489637136459351,0.2747093439102173,-0.003780336817726493,0.9993341565132141,719,148
191,6366,7,0.7321930527687073,0.27766358852386475,0.012483213096857071,0.9988023042678833,702,149
191,6366,8,0.748077392578125,0.279682457447052,-0.04869167506694794,0.9989401698112488,718,151
191,6366,9,0.7420955300331116,0.29362523555755615,0.016809571534395218,0.9982083439826965,712,158
191,6366,10,0.7458491921424866,0.29491302371025085,-0.0021994118578732014,0.998851478099823,716,159
191,6366,11,0.712234616279602,0.3448013663291931,0.05797213315963745,0.9998090267181396,683,186
191,6366,12,0.7462213635444641,0.3473438620567322,-0.09693589806556702,0.9999645948410034,716,187
191,6366,13,0.697569727897644,0.41199830174446106,0.13478513062000275,0.04551907256245613,669,222
191,6366,14,0.7559229135513306,0.44538867473602295,-0.12473761290311813,0.9854499101638794,725,240
191,6366,15,0.7257738709449768,0.4652973413467407,0.20157665014266968,0.04407618194818497,696,251
191,6366,16,0.782301664352417,0.5094924569129944,-0.1097102165222168,0.96616530418396,751,275
191,6366,17,0.7301076054573059,0.475713312625885,0.2157118171453476,0.06704168021678925,700,256
191,6366,18,0.7892711758613586,0.5314775705337524,-0.1259911060333252,0.9440316557884216,757,286
191,6366,19,0.7325024008750916,0.4698352813720703,0.19955770671367645,0.06814108043909073,703,253
191,6366,20,0.7921816110610962,0.5302066206932068,-0.12011876702308655,0.9393531084060669,760,286
191,6366,21,0.733450174331665,0.4728536009788513,0.19700761139392853,0.06230012699961662,704,255
191,6366,22,0.7892765402793884,0.522132158279419,-0.10956521332263947,0.907027006149292,757,281
191,6366,23,0.7232221961021423,0.5144543647766113,0.05071878060698509,0.9999635219573975,694,277
191,6366,24,0.7264829874038696,0.516070544719696,-0.05086063593626022,0.9999847412109375,697,278
191,6366,25,0.7514137029647827,0.6202312111854553,0.08702743798494339,0.6532628536224365,721,334
191,6366,26,0.7146677374839783,0.6397828459739685,-0.014094999060034752,0.9611995220184326,686,345
191,6366,27,0.7507407665252686,0.7461081743240356,0.12979426980018616,0.8876203298568726,720,402
191,6366,28,0.6925210356712341,0.7598291039466858,0.021265078336000443,0.9862506985664368,664,410
191,6366,29,0.7464415431022644,0.7722345590591431,0.13133075833320618,0.8870661854743958,716,417
191,6366,30,0.6824833750724792,0.7824754118919373,0.0235648974776268,0.9316782355308533,655,422
191,6366,31,0.7767935395240784,0.7615628838539124,0.10603614151477814,0.8673393726348877,745,411
191,6366,32,0.719855010509491,0.7887829542160034,-0.01204785704612732,0.9643200039863586,691,425
192,6400,0,0.750516951084137,0.28570911288261414,0.017447296530008316,0.9987831711769104,720,154
192,6400,1,0.748039960861206,0.27570974826812744,0.014531135559082031,0.998023271560669,718,148
192,6400,2,0.7459866404533386,0.275385320186615,0.014412368647754192,0.9975118637084961,716,148
192,6400,3,0.7437424063682556,0.2751674950122833,0.014466803520917892,0.99815833568573,713,148
192,6400,4,0.752598762512207,0.2760324478149414,0.002423675265163183,0.9987991452217102,722,149
192,6400,5,0.7540374398231506,0.27590838074684143,0.002247363328933716,0.9990519285202026,723,148
192,6400,6,0.7555516362190247,0.27583885192871094,0.0021960933227092028,0.999347448348999,725,148
192,6400,7,0.7381635308265686,0.2803371846675873,0.010288423858582973,0.998795211315155,708,151
192,6400,8,0.7562506794929504,0.281794011592865,-0.04564530774950981,0.9989410638809204,726,152
192,6400,9,0.7470124959945679,0.2953120470046997,0.02013668604195118,0.9981555938720703,717,159
192,6400,10,0.7512603998184204,0.2964169979095459,0.0030918812844902277,0.9988047480583191,721,160
192,6400,11,0.7167470455169678,0.35083553194999695,0.057242944836616516,0.9998099207878113,688,189
192,6400,12,0.7547293901443481,0.3502993881702423,-0.09250258654356003,0.9999651312828064,724,189
192,6400,13,0.7049025893211365,0.43313655257225037,0.09036501497030258,0.05294216424226761,676,233
192,6400,14,0.7678273916244507,0.44688478112220764,-0.1046489030122757,0.9864820837974548,737,241
192,6400,15,0.7185418009757996,0.5088870525360107,0.09421605616807938,0.044733937829732895,689,274
192,6400,16,0.7981769442558289,0.5133873224258423,-0.07126566767692566,0.9656617641448975,766,277
192,6400,17,0.7258605360984802,0.5326919555664062,0.09630568325519562,0.06592216342687607,696,287
192,6400,18,0.8047121167182922,0.5344125032424927,-0.0843680128455162,0.9404969215393066,772,288
192,6400,19,0.7267786860466003,0.5322140455245972,0.08481760323047638,0.06630735844373703,697,287
192,6400,20,0.8064006567001343,0.5320807695388794,-0.08021853864192963,0.9350243806838989,774,287
192,6400,21,0.7276376485824585,0.5231056213378906,0.09046025574207306,0.05988460034132004,698,282
192,6400,22,0.8029515147209167,0.5250823497772217,-0.06919332593679428,0.8967137336730957,770,283
192,6400,23,0.7256725430488586,0.5175477266311646,0.05069439858198166,0.9999632239341736,696,279
192,6400,24,0.7342309951782227,0.5220453143119812,-0.05082672834396362,0.9999843835830688,704,281
192,6400,25,0.7568454742431641,0.6213098168373108,0.10856341570615768,0.6646324396133423,726,335
192,6400,26,0.7173277139663696,0.6409736275672913,0.003014508867636323,0.9636372923851013,688,346
192,6400,27,0.7687788605690002,0.7444198727607727,0.17270609736442566,0.8916720151901245,738,401
192,6400,28,0.6934114098548889,0.759871244430542,0.04972177743911743,0.9866212606430054,665,410
192,6400,29,0.7659130692481995,0.7723295092582703,0.175868958234787,0.8886231184005737,735,417
192,6400,30,0.6833621859550476,0.7825179696083069,0.052532389760017395,0.9298911094665527,656,422
192,6400,31,0.7947021126747131,0.753506064414978,0.14284852147102356,0.8680903911590576,762,406
192,6400,32,0.7208854556083679,0.7888385653495789,0.005921867676079273,0.9639959335327148,692,425
193,6433,0,0.7512744069099426,0.28760629892349243,0.04222940281033516,0.9987913966178894,721,155
193,6433,1,0.7480676770210266,0.27685779333114624,0.03600103035569191,0.9980097413063049,718,149
193,6433,2,0.7456828951835632,0.2765495479106903,0.03588729351758957,0.9974814653396606,715,149
193,6433,3,0.7431008219718933,0.27637413144111633,0.03592836484313011,0.9981136918067932,713,149
193,6433,4,0.7534936666488647,0.27720513939857483,0.024198362603783607,0.9988014698028564,723,149
193,6433,5,0.7551037073135376,0.27712056040763855,0.024045145139098167,0.9990659952163696,724,149
193,6433,6,0.7568162083625793,0.2771517038345337,0.024004776030778885,0.9993579983711243,726,149
193,6433,7,0.7381731271743774,0.28126028180122375,0.016091587021946907,0.9987501502037048,708,151
193,6433,8,0.7580483555793762,0.2830882668495178,-0.038360513746738434,0.9989597797393799,727,152
193,6433,9,0.7473058104515076,0.2973829209804535,0.03948374092578888,0.9981303811073303,717,160
193,6433,10,0.7525529861450195,0.2989145517349243,0.022839199751615524,0.9988080263137817,722,161
193,6433,11,0.7161504030227661,0.35330650210380554,0.053401388227939606,0.9998173117637634,687,190
193,6433,12,0.7572737336158752,0.350940465927124,-0.09274592995643616,0.9999672770500183,726,189
193,6433,13,0.7054147720336914,0.4389093220233917,0.0813618004322052,0.059712234884500504,677,237
193,6433,14,0.7682896256446838,0.44712910056114197,-0.11605555564165115,0.98712557554245,737,241
193,6433,15,0.7158780694007874,0.5102872252464294,0.08131764084100723,0.047652289271354675,687,275
193,6433,16,0.7963742017745972,0.5136865377426147,-0.10538012534379959,0.9673358201980591,764,277
193,6433,17,0.7218262553215027,0.5341613292694092,0.08257076144218445,0.06892631947994232,692,288
193,6433,18,0.8035621047019958,0.5337733626365662,-0.12258438020944595,0.9429582953453064,771,288
193,6433,19,0.7229191660881042,0.5340378880500793,0.0702383816242218,0.06863231211900711,694,288
193,6433,20,0.8056980967521667,0.5322935581207275,-0.11805353313684464,0.9376041889190674,773,287
193,6433,21,0.7234708666801453,0.5282688140869141,0.07680200785398483,0.06076281517744064,694,285
193,6433,22,0.8022956848144531,0.5257208347320557,-0.10356324166059494,0.8986507654190063,770,283
193,6433,23,0.726220428943634,0.5186424255371094,0.05062945559620857,0.999962329864502,697,280
193,6433,24,0.7366923689842224,0.523703932762146,-0.05075395107269287,0.9999839067459106,707,282
193,6433,25,0.760013997554779,0.6213536858558655,0.10872537642717361,0.6575937271118164,729,335
193,6433,26,0.7175559401512146,0.6420530676841736,0.0019178780494257808,0.9627416133880615,688,346
193,6433,27,0.771336019039154,0.7440428733825684,0.1716441959142685,0.8874167203903198,740,401
193,6433,28,0.6938886642456055,0.761179506778717,0.048736464232206345,0.9845542311668396,666,411
193,6433,29,0.7683929204940796,0.7712615728378296,0.17477020621299744,0.8860936760902405,737,416
193,6433,30,0.6838178038597107,0.7828636169433594,0.05139784514904022,0.9186615943908691,656,422
193,6433,31,0.7964752316474915,0.7515941262245178,0.14376458525657654,0.8568500280380249,764,405
193,6433,32,0.7222992777824402,0.7894152402877808,0.007720248773694038,0.9551393389701843,693,426
194,6466,0,0.7590419054031372,0.29029205441474915,0.042308248579502106,0.9988707304000854,728,156
194,6466,1,0.7561963200569153,0.2800034284591675,0.039521411061286926,0.9981433749198914,725,151
194,6466,2,0.7539726495742798,0.2796359956264496,0.039417728781700134,0.9976357817649841,723,151
194,6466,3,0.7515804767608643,0.2793264389038086,0.03946680948138237,0.9982279539108276,721,150
194,6466,4,0.7613734006881714,0.28044310212135315,0.026074280962347984,0.9988822340965271,730,151
194,6466,5,0.762984037399292,0.28035086393356323,0.025908496230840683,0.9991270899772644,732,151
194,6466,6,0.7645844221115112,0.2802601754665375,0.025861021131277084,0.9994015097618103,734,151
194,6466,7,0.7468379735946655,0.28432294726371765,0.03139074891805649,0.9988043308258057,716,153
194,6466,8,0.7655696868896484,0.28597885370254517,-0.030412018299102783,0.9990206360816956,734,154
194,6466,9,0.755557119846344,0.29957759380340576,0.04375411197543144,0.9981857538223267,725,161
194,6466,10,0.7602075338363647,0.30069541931152344,0.024931227788329124,0.9988457560539246,729,162
194,6466,11,0.7263993620872498,0.3533569872379303,0.0664893090724945,0.9998207688331604,697,190
194,6466,12,0.7631095051765442,0.35290616750717163,-0.0905739814043045,0.9999688863754272,732,190
194,6466,13,0.7127454876899719,0.43926870822906494,0.09197641909122467,0.06197987496852875,684,237
194,6466,14,0.7749704718589783,0.4457761347293854,-0.11592687666416168,0.9880588054656982,743,240
194,6466,15,0.7204979658126831,0.5060983896255493,0.09460852295160294,0.04591219127178192,691,273
194,6466,16,0.8068479299545288,0.5117985606193542,-0.09609723091125488,0.9643479585647583,774,276
194,6466,17,0.7226096391677856,0.5277602076530457,0.09756211191415787,0.06559275835752487,693,284
194,6466,18,0.8142238259315491,0.5313270688056946,-0.11318162828683853,0.9337949752807617,781,286
194,6466,19,0.7242719531059265,0.5274568796157837,0.08470850437879562,0.06500451266765594,695,284
194,6466,20,0.8163204193115234,0.5294148921966553,-0.10583440959453583,0.9269202351570129,783,285
194,6466,21,0.7256249785423279,0.5209876894950867,0.08991311490535736,0.05728303641080856,696,281
194,6466,22,0.8131011128425598,0.5228853225708008,-0.09294462949037552,0.8783063888549805,780,282
194,6466,23,0.730394184589386,0.5210895538330078,0.053343988955020905,0.9999635219573975,701,281
194,6466,24,0.7416505217552185,0.5280807614326477,-0.053452301770448685,0.9999844431877136,711,285
194,6466,25,0.7648781538009644,0.6245245337486267,0.113106869161129,0.6645104289054871,734,337
194,6466,26,0.7236086130142212,0.6424538493156433,-0.007611200679093599,0.9652756452560425,694,346
194,6466,27,0.7832204699516296,0.7428649067878723,0.17305639386177063,0.8879265189170837,751,401
194,6466,28,0.6942294239997864,0.7610251903533936,0.027439972385764122,0.9848661422729492,666,410
194,6466,29,0.7821605205535889,0.7693989872932434,0.1758328527212143,0.8855718374252319,750,415
194,6466,30,0.6836106777191162,0.7827516198158264,0.02896508015692234,0.9155914187431335,656,422
194,6466,31,0.8113779425621033,0.748541533946991,0.14452894032001495,0.8542572855949402,778,404
194,6466,32,0.7211756110191345,0.79056316614151,-0.01667878031730652,0.9548943638801575,692,426
195,6500,0,0.75965416431427,0.2907281517982483,0.04785729944705963,0.9988778829574585,729,156
195,6500,1,0.7564096450805664,0.28051111102104187,0.04280371218919754,0.998132050037384,726,151
195,6500,2,0.7538222670555115,0.28015875816345215,0.04269750416278839,0.9975923299789429,723,151
195,6500,3,0.7511436343193054,0.27986767888069153,0.042744383215904236,0.998174250125885,721,151
195,6500,4,0.7622690796852112,0.28096792101860046,0.030064493417739868,0.9988882541656494,731,151
195,6500,5,0.7639150023460388,0.28091511130332947,0.029898446053266525,0.999138355255127,733,151
195,6500,6,0.7654549479484558,0.28086382150650024,0.029848923906683922,0.9994137287139893,734,151
195,6500,7,0.7463400363922119,0.2847215235233307,0.026678206399083138,0.9987344145774841,716,153
195,6500,8,0.7663666009902954,0.28633880615234375,-0.03223366662859917,0.9990352988243103,735,154
195,6500,9,0.7553359270095825,0.3000887930393219,0.04625220596790314,0.9981155395507812,725,162
195,6500,10,0.7608674764633179,0.3013511002063751,0.028332995250821114,0.9988271594047546,730,162
195,6500,11,0.7283980250358582,0.35297274589538574,0.05995998904109001,0.9998227953910828,699,190
195,6500,12,0.7653547525405884,0.35299286246299744,-0.0913073793053627,0.9999709129333496,734,190
195,6500,13,0.7146955132484436,0.44053366780281067,0.0924927368760109,0.06204845383763313,686,237
195,6500,14,0.7761576175689697,0.4455898106098175,-0.11832478642463684,0.9888653755187988,745,240
195,6500,15,0.7201202511787415,0.5067528486251831,0.10111594945192337,0.04343888908624649,691,273
195,6500,16,0.8069450259208679,0.5086897015571594,-0.10055471211671829,0.9659147262573242,774,274
195,6500,17,0.720096230506897,0.5275291800498962,0.10555650293827057,0.06187811493873596,691,284
195,6500,18,0.8138738870620728,0.5292431116104126,-0.11752501130104065,0.9358733296394348,781,285
195,6500,19,0.7232997417449951,0.5272911787033081,0.09253045171499252,0.061108555644750595,694,284
195,6500,20,0.8164674043655396,0.5272179245948792,-0.11016351729631424,0.929004967212677,783,284
195,6500,21,0.7245000004768372,0.5213848948478699,0.09659430384635925,0.05368856340646744,695,281
195,6500,22,0.8134716749191284,0.5206413865089417,-0.09739921987056732,0.8790795207023621,780,281
195,6500,23,0.7332080006599426,0.5219756364822388,0.05291462317109108,0.9999644160270691,703,281
195,6500,24,0.7435826063156128,0.5285452604293823,-0.053024131804704666,0.9999849796295166,713,285
195,6500,25,0.764862060546875,0.6246773600578308,0.11619274318218231,0.6653892993927002,734,337
195,6500,26,0.7235816717147827,0.6446108222007751,-0.007051847875118256,0.9668251872062683,694,348
195,6500,27,0.7844651341438293,0.7421140074729919,0.17322422564029694,0.8886486887931824,753,400
195,6500,28,0.6941128969192505,0.762056291103363,0.03266268968582153,0.9849821329116821,666,411
195,6500,29,0.7827188968658447,0.7683708667755127,0.17579516768455505,0.8857222199440002,751,414
195,6500,30,0.6835475564002991,0.7829453945159912,0.03445928916335106,0.9127646684646606,656,422
195,6500,31,0.8132304549217224,0.7482605576515198,0.14460144937038422,0.8504568934440613,780,404
195,6500,32,0.7209314107894897,0.7909314632415771,-0.008193309418857098,0.9533695578575134,692,427
196,6533,0,0.7673230767250061,0.2939748764038086,0.04393553361296654,0.9988590478897095,736,158
196,6533,1,0.764374852180481,0.28402119874954224,0.04112134501338005,0.9981067776679993,733,153
196,6533,2,0.762092649936676,0.2835486829280853,0.04101653769612312,0.9975340962409973,731,153
196,6533,3,0.7597669363021851,0.283292293548584,0.04106885939836502,0.9981384873390198,729,152
196,6533,4,0.7694362998008728,0.28463003039360046,0.027855226770043373,0.9988632202148438,738,153
196,6533,5,0.7710502743721008,0.2844901382923126,0.027684561908245087,0.9991133213043213,740,153
196,6533,6,0.7727011442184448,0.2843540608882904,0.02763020247220993,0.99940425157547,741,153
196,6533,7,0.7550703287124634,0.2885706424713135,0.033100735396146774,0.9986674785614014,724,155
196,6533,8,0.7748293280601501,0.2901543974876404,-0.027518508955836296,0.9989863038063049,743,156
196,6533,9,0.7640026807785034,0.3032853305339813,0.045395731925964355,0.9979768395423889,733,163
196,6533,10,0.7684043645858765,0.304272323846817,0.026858607307076454,0.9987137913703918,737,164
196,6533,11,0.7371171712875366,0.353687584400177,0.06736531853675842,0.9998205900192261,707,190
196,6533,12,0.7710373401641846,0.3551749885082245,-0.08493783324956894,0.9999711513519287,740,191
196,6533,13,0.7237915396690369,0.44092676043510437,0.09492450207471848,0.05989815294742584,694,238
196,6533,14,0.7835206985473633,0.44660186767578125,-0.10764870792627335,0.9894070029258728,752,241
196,6533,15,0.7246264815330505,0.5087301135063171,0.0936317965388298,0.04040716961026192,695,274
196,6533,16,0.8169038891792297,0.5087707042694092,-0.08010408282279968,0.9603790640830994,784,274
196,6533,17,0.7228400111198425,0.5306156873703003,0.09638254344463348,0.05736302584409714,693,286
196,6533,18,0.8251163959503174,0.5286850333213806,-0.09566065669059753,0.9231423139572144,792,285
196,6533,19,0.727662205696106,0.5281741619110107,0.08466167002916336,0.05649817734956741,698,285
196,6533,20,0.8277196884155273,0.5242297053337097,-0.08734443038702011,0.9142383337020874,794,283
196,6533,21,0.7285235524177551,0.5267890095710754,0.0895213931798935,0.04946644604206085,699,284
196,6533,22,0.8234928846359253,0.5172075033187866,-0.07635099440813065,0.8527387976646423,790,279
196,6533,23,0.7374500632286072,0.5221667885780334,0.05271044746041298,0.9999638199806213,707,281
196,6533,24,0.7480846047401428,0.5284496545791626,-0.05281759798526764,0.9999845623970032,718,285
196,6533,25,0.7717298865318298,0.6277756690979004,0.0979127511382103,0.6608842611312866,740,338
196,6533,26,0.7278870344161987,0.6467101573944092,-0.01208119560033083,0.9679681658744812,698,349
196,6533,27,0.7966230511665344,0.7445501089096069,0.14319923520088196,0.8858176469802856,764,402
196,6533,28,0.6952981948852539,0.7623106241226196,0.023268144577741623,0.9846758842468262,667,411
196,6533,29,0.795874297618866,0.7739477753639221,0.14437992870807648,0.8786343932151794,764,417
196,6533,30,0.6841527223587036,0.7828797698020935,0.024884993210434914,0.9055059552192688,656,422
196,6533,31,0.8239632248878479,0.7474778890609741,0.10913751274347305,0.8462592363357544,791,403
196,6533,32,0.7215400338172913,0.7929506301879883,-0.020339813083410263,0.9520291686058044,692,428
197,6566,0,0.7692444324493408,0.29355713725090027,0.038190700113773346,0.9986564517021179,738,158
197,6566,1,0.7653432488441467,0.28359588980674744,0.03524412959814072,0.997759997844696,734,153
197,6566,2,0.7628622651100159,0.28324753046035767,0.035134416073560715,0.9970318078994751,732,152
197,6566,3,0.7603898644447327,0.2831014394760132,0.035185880959033966,0.9977604150772095,729,152
197,6566,4,0.7709550261497498,0.2840864658355713,0.022071819752454758,0.9986495971679688,740,153
197,6566,5,0.7724886536598206,0.28397589921951294,0.02189880982041359,0.9989470839500427,741,153
197,6566,6,0.7738701701164246,0.2838650941848755,0.0218444112688303,0.9993069767951965,742,153
197,6566,7,0.7559174299240112,0.2887369990348816,0.027452046051621437,0.9983190298080444,725,155
197,6566,8,0.7744767069816589,0.28968414664268494,-0.032320134341716766,0.9987859725952148,743,156
197,6566,9,0.7653020620346069,0.30315425992012024,0.039840638637542725,0.9974615573883057,734,163
197,6566,10,0.7705093622207642,0.304144024848938,0.021475015208125114,0.9983969926834106,739,164
197,6566,11,0.7391400933265686,0.35364195704460144,0.06302560120820999,0.9998009204864502,709,190
197,6566,12,0.7728239893913269,0.35516461730003357,-0.08961906284093857,0.9999704957008362,741,191
197,6566,13,0.726107656955719,0.44047680497169495,0.09324260801076889,0.05634383484721184,697,237
197,6566,14,0.7828023433685303,0.44641926884651184,-0.11881639808416367,0.9898386597633362,751,241
197,6566,15,0.7288495898246765,0.5124737024307251,0.09092120081186295,0.03706710413098335,699,276
197,6566,16,0.8165027499198914,0.5059865117073059,-0.09353656321763992,0.9569269418716431,783,273
197,6566,17,0.7266781330108643,0.5285786986351013,0.09449128061532974,0.05261075869202614,697,285
197,6566,18,0.8246991038322449,0.5251129269599915,-0.11045325547456741,0.9150939583778381,791,283
197,6566,19,0.7312785983085632,0.5309012532234192,0.08190803974866867,0.05174115300178528,702,286
197,6566,20,0.827170193195343,0.5204351544380188,-0.0995665118098259,0.9049336910247803,794,281
197,6566,21,0.7335027456283569,0.5256649255752563,0.08643857389688492,0.0452425517141819,704,283
197,6566,22,0.823594331741333,0.5134853720664978,-0.08890780061483383,0.8343102931976318,790,277
197,6566,23,0.7381606698036194,0.52217036485672,0.05295692756772041,0.9999625086784363,708,281
197,6566,24,0.749639093875885,0.5281657576560974,-0.05305638164281845,0.999984085559845,719,285
197,6566,25,0.7718706727027893,0.6277112364768982,0.10004749149084091,0.6512084603309631,740,338
197,6566,26,0.7291776537895203,0.6472740173339844,-0.009390466846525669,0.9686066508293152,700,349
197,6566,27,0.7975968718528748,0.744391918182373,0.15137547254562378,0.8853569030761719,765,401
197,6566,28,0.6956456303596497,0.7623595595359802,0.027516750618815422,0.9847630858421326,667,411
197,6566,29,0.7966028451919556,0.7742030620574951,0.15350061655044556,0.8744910359382629,764,418
197,6566,30,0.684288740158081,0.7827621698379517,0.029291577637195587,0.900761604309082,656,422
197,6566,31,0.8252920508384705,0.7461330890655518,0.12182164937257767,0.844042181968689,792,402
197,6566,32,0.721912682056427,0.7940260171890259,-0.016492977738380432,0.9515737295150757,693,428
198,6600,0,0.775604784488678,0.29759955406188965,0.0623241662979126,0.9986724853515625,744,160
198,6600,1,0.7723365426063538,0.28735610842704773,0.058273714035749435,0.9977531433105469,741,155
198,6600,2,0.7700543999671936,0.2868071496486664,0.05817616730928421,0.9970237612724304,739,154
198,6600,3,0.7676440477371216,0.28640100359916687,0.058221958577632904,0.9977388381958008,736,154
198,6600,4,0.7776352167129517,0.28817445039749146,0.044704798609018326,0.9986451864242554,746,155
198,6600,5,0.7792548537254333,0.2881092131137848,0.04453583061695099,0.9989541172981262,748,155
198,6600,6,0.780963659286499,0.28801676630973816,0.04448719322681427,0.999310314655304,749,155
198,6600,7,0.7633035182952881,0.29230400919914246,0.044509317725896835,0.9982858896255493,732,157
198,6600,8,0.7828671336174011,0.2943896949291229,-0.016935909166932106,0.9987870454788208,751,158
198,6600,9,0.7721545100212097,0.3067663908004761,0.061862386763095856,0.9973441362380981,741,165
198,6600,10,0.7768197655677795,0.30795302987098694,0.043034475296735764,0.9983202815055847,745,166
198,6600,11,0.7443772554397583,0.35546573996543884,0.07491277158260345,0.9998007416725159,714,191
198,6600,12,0.7784311771392822,0.358161598443985,-0.0800085961818695,0.9999712705612183,747,193
198,6600,13,0.7318124175071716,0.4420377314090729,0.09626283496618271,0.055091939866542816,702,238
198,6600,14,0.793316125869751,0.44748756289482117,-0.10345792770385742,0.9904665350914001,761,241
198,6600,15,0.7381823658943176,0.5119280815124512,0.08889716118574142,0.03455018997192383,708,276
198,6600,16,0.8281503915786743,0.5060579776763916,-0.07051791250705719,0.9554643034934998,795,273
198,6600,17,0.7375912070274353,0.5309394001960754,0.09175844490528107,0.04893401637673378,708,286
198,6600,18,0.835555374622345,0.5239850878715515,-0.08475562930107117,0.9113591313362122,802,282
198,6600,19,0.740142822265625,0.531602144241333,0.07964786142110825,0.0479719303548336,710,287
198,6600,20,0.8370780944824219,0.5193066596984863,-0.07525291293859482,0.9001962542533875,803,280
198,6600,21,0.7427545189857483,0.5249819159507751,0.08435854315757751,0.041839782148599625,713,283
198,6600,22,0.8334184885025024,0.5128247141838074,-0.06620682030916214,0.8236747980117798,800,276
198,6600,23,0.7453861236572266,0.5242039561271667,0.05280034616589546,0.9999631643295288,715,283
198,6600,24,0.7545187473297119,0.5297743082046509,-0.05290056765079498,0.9999843835830688,724,286
198,6600,25,0.782808244228363,0.6312583684921265,0.07978202402591705,0.6629625558853149,751,340
198,6600,26,0.7339395880699158,0.647444486618042,-0.015212577767670155,0.9706300497055054,704,349
198,6600,27,0.8015683889389038,0.7492594122886658,0.10725657641887665,0.8894981145858765,769,404
198,6600,28,0.6976478099822998,0.7599759101867676,0.0018936848500743508,0.985386073589325,669,410
198,6600,29,0.7997579574584961,0.7787652611732483,0.10703035444021225,0.8795371055603027,767,420
198,6600,30,0.6855237483978271,0.7788774967193604,0.0019797224085778,0.9041206240653992,658,420
198,6600,31,0.830008327960968,0.7503722906112671,0.07493047416210175,0.8478739857673645,796,405
198,6600,32,0.7219094634056091,0.7938001751899719,-0.039551131427288055,0.9527896046638489,693,428
199,6633,0,0.7749828100204468,0.29784056544303894,0.060994524508714676,0.9985379576683044,743,160
199,6633,1,0.7715966701507568,0.287517786026001,0.055804114788770676,0.9974324703216553,740,155
199,6633,2,0.7692015767097473,0.2870352864265442,0.055707063525915146,0.9965920448303223,738,154
199,6633,3,0.7667931318283081,0.28665995597839355,0.05574614927172661,0.9973635077476501,736,154
199,6633,4,0.7774576544761658,0.2882758378982544,0.043330855667591095,0.9984825253486633,746,155
199,6633,5,0.7792425155639648,0.2882249653339386,0.04316084831953049,0.9988574981689453,748,155
199,6633,6,0.7809056043624878,0.2881356477737427,0.04310549423098564,0.9992508888244629,749,155
199,6633,7,0.7626915574073792,0.29225844144821167,0.03825150802731514,0.9980545043945312,732,157
199,6633,8,0.782210648059845,0.29398635029792786,-0.019181059673428535,0.9987168312072754,750,158
199,6633,9,0.7715014815330505,0.3071694076061249,0.058895912021398544,0.9969831109046936,740,165
199,6633,10,0.7767744660377502,0.30860161781311035,0.0414423830807209,0.9981434941291809,745,166
199,6633,11,0.7462486028671265,0.35604801774024963,0.06907936930656433,0.9997889399528503,716,192
199,6633,12,0.780574381351471,0.3584980070590973,-0.07996014505624771,0.9999715089797974,749,193
199,6633,13,0.7332673668861389,0.44245946407318115,0.09428710490465164,0.05266694352030754,703,238
199,6633,14,0.7946763634681702,0.44759657979011536,-0.10589183866977692,0.9903938174247742,762,241
199,6633,15,0.7384181618690491,0.5106926560401917,0.09011626988649368,0.03194791451096535,708,275
199,6633,16,0.8257047533988953,0.5049771070480347,-0.07713912427425385,0.9520653486251831,792,272
199,6633,17,0.7370951175689697,0.5292715430259705,0.09312640875577927,0.045322783291339874,707,285
199,6633,18,0.8336978554725647,0.5222520232200623,-0.09332338720560074,0.9062015414237976,800,282
199,6633,19,0.7421314120292664,0.5296363234519958,0.08109346777200699,0.04435247555375099,712,286
199,6633,20,0.8358727693557739,0.5179516673088074,-0.07619564980268478,0.8944211602210999,802,279
199,6633,21,0.745238184928894,0.5239623188972473,0.0856441929936409,0.03862398490309715,715,282
199,6633,22,0.8327959179878235,0.5119408965110779,-0.07056684046983719,0.8115383386611938,799,276
199,6633,23,0.7460408806800842,0.5258816480636597,0.050259001553058624,0.9999611377716064,716,283
199,6633,24,0.7591480016708374,0.5302091240882874,-0.050350822508335114,0.9999837279319763,728,286
199,6633,25,0.781861424446106,0.632239580154419,0.08010338991880417,0.6584001183509827,750,341
199,6633,26,0.7439762949943542,0.6473764181137085,-0.015026222914457321,0.9704236388206482,714,349
199,6633,27,0.8012215495109558,0.7507116198539734,0.11801205575466156,0.8855335116386414,769,405
199,6633,28,0.6979535222053528,0.7593528032302856,0.002304672496393323,0.9846959114074707,670,410
199,6633,29,0.8009418845176697,0.7802712917327881,0.11904390156269073,0.8788092136383057,768,421
199,6633,30,0.6859298944473267,0.778062105178833,0.002718806965276599,0.9009719491004944,658,420
199,6633,31,0.8300036787986755,0.7521181106567383,0.08976932615041733,0.841804027557373,796,406
199,6633,32,0.7217808365821838,0.7936625480651855,-0.03705033287405968,0.9508048892021179,692,428
200,6666,0,0.7832992672920227,0.2991182208061218,0.058237530291080475,0.9985414147377014,751,161
200,6666,1,0.7799220681190491,0.2887730896472931,0.05356603115797043,0.9973986148834229,748,155
200,6666,2,0.7775635123252869,0.2883412539958954,0.05346720665693283,0.996550440788269,746,155
200,6666,3,0.77506023645401,0.28804075717926025,0.05350438132882118,0.9973229765892029,744,155
200,6666,4,0.7853492498397827,0.2895200848579407,0.04051976278424263,0.998462438583374,753,156
200,6666,5,0.7870166301727295,0.2894814610481262,0.04034058004617691,0.9988524317741394,755,156
200,6666,6,0.7887595891952515,0.2894138693809509,0.04028649628162384,0.9992445111274719,757,156
200,6666,7,0.7706449031829834,0.29361456632614136,0.038612283766269684,0.9980211853981018,739,158
200,6666,8,0.7908403873443604,0.2953382432460785,-0.020717881619930267,0.9987013936042786,759,159
200,6666,9,0.7794153690338135,0.30829161405563354,0.057350896298885345,0.9968520998954773,748,166
200,6666,10,0.7846384644508362,0.309507817029953,0.039188120514154434,0.998062252998352,753,167
200,6666,11,0.7520673274993896,0.35786712169647217,0.0696258470416069,0.9997866749763489,721,193
200,6666,12,0.788153886795044,0.3591189980506897,-0.08077247440814972,0.9999720454216003,756,193
200,6666,13,0.7400312423706055,0.44452911615371704,0.09577694535255432,0.05099192261695862,710,240
200,6666,14,0.8021875023841858,0.44744673371315,-0.10535494238138199,0.9908015131950378,770,241
200,6666,15,0.7547799348831177,0.511696994304657,0.0924377515912056,0.029652537778019905,724,276
200,6666,16,0.8360583186149597,0.505062460899353,-0.07722439616918564,0.9499108791351318,802,272
200,6666,17,0.7548301815986633,0.5283375382423401,0.09574539959430695,0.04207724332809448,724,285
200,6666,18,0.8441075086593628,0.522318959236145,-0.09148606657981873,0.9023223519325256,810,282
200,6666,19,0.7604431509971619,0.5269119739532471,0.08330930024385452,0.04107637703418732,730,284
200,6666,20,0.8458924889564514,0.5182909965515137,-0.08113418519496918,0.8897258639335632,812,279
200,6666,21,0.7617713809013367,0.5232993364334106,0.0881226509809494,0.035754814743995667,731,282
200,6666,22,0.842104971408844,0.5125283598899841,-0.07285071164369583,0.8026575446128845,808,276
200,6666,23,0.7549472451210022,0.5274814367294312,0.0502653643488884,0.9999620914459229,724,284
200,6666,24,0.7647249698638916,0.531308650970459,-0.05035751312971115,0.9999842047691345,734,286
200,6666,25,0.7914922833442688,0.6364267468452454,0.07545284926891327,0.6703898310661316,759,343
200,6666,26,0.7431654334068298,0.6488370299339294,-0.0143690574914217,0.9723162651062012,713,350
200,6666,27,0.8079408407211304,0.7562147378921509,0.1018509715795517,0.8911481499671936,775,408
200,6666,28,0.7009424567222595,0.756872296333313,-1.4038895642443094e-05,0.9855561256408691,672,408
200,6666,29,0.8046904802322388,0.7845048308372498,0.10174153000116348,0.8851261734962463,772,423
200,6666,30,0.687785804271698,0.7742218375205994,0.00013903107901569456,0.9056585431098938,660,418
200,6666,31,0.838515043258667,0.7661842107772827,0.07268474251031876,0.8483029007911682,804,413
200,6666,32,0.722743809223175,0.7946118116378784,-0.037751927971839905,0.953116238117218,693,429
201,6700,0,0.7835386991500854,0.2997564375400543,0.06252151727676392,0.9977867007255554,752,161
201,6700,1,0.7801874279975891,0.28955721855163574,0.0559183806180954,0.9959633946418762,748,156
201,6700,2,0.7776699662208557,0.2891360819339752,0.055833615362644196,0.994560956954956,746,156
201,6700,3,0.7751342058181763,0.28882405161857605,0.05585581809282303,0.9958305954933167,744,155
201,6700,4,0.7859885096549988,0.2903040051460266,0.043131273239851,0.9978786110877991,754,156
201,6700,5,0.7876899838447571,0.2902909815311432,0.04294826090335846,0.998477041721344,756,156
201,6700,6,0.7893009185791016,0.29024559259414673,0.04287581890821457,0.9990519285202026,757,156
201,6700,7,0.7707622647285461,0.2942692041397095,0.03529339283704758,0.9968566298484802,739,158
201,6700,8,0.7906206846237183,0.2959032654762268,-0.02377975359559059,0.9984124898910522,758,159
201,6700,9,0.7793901562690735,0.3087884783744812,0.058799050748348236,0.9954866766929626,748,166
201,6700,10,0.7849565148353577,0.3100384473800659,0.04103352501988411,0.9974567890167236,753,167
201,6700,11,0.7517743706703186,0.35872402787208557,0.06751057505607605,0.9997406601905823,721,193
201,6700,12,0.7908568978309631,0.3591184616088867,-0.08365140110254288,0.9999699592590332,759,193
201,6700,13,0.7402360439300537,0.4455990195274353,0.1074143499135971,0.04764346778392792,710,240
201,6700,14,0.8039731979370117,0.4474780261516571,-0.1134512796998024,0.987971305847168,771,241
201,6700,15,0.7548403143882751,0.5086356401443481,0.12805454432964325,0.027074158191680908,724,274
201,6700,16,0.8340584635734558,0.5048609972000122,-0.0935567319393158,0.9483020305633545,800,272
201,6700,17,0.7578694224357605,0.5276747941970825,0.13600513339042664,0.0386078916490078,727,284
201,6700,18,0.8420498967170715,0.5218883156776428,-0.10820270329713821,0.9015541672706604,808,281
201,6700,19,0.7612373232841492,0.5180310606956482,0.1218278706073761,0.03764663264155388,730,279
201,6700,20,0.8447326421737671,0.5181582570075989,-0.09981915354728699,0.8885230422019958,810,279
201,6700,21,0.763670802116394,0.5209357142448425,0.12312702089548111,0.03280939534306526,733,281
201,6700,22,0.8414279818534851,0.5125552415847778,-0.08986935764551163,0.800314724445343,807,276
201,6700,23,0.7546659708023071,0.5294089317321777,0.0501653216779232,0.9999591708183289,724,285
201,6700,24,0.7693696618080139,0.5321058630943298,-0.05026107653975487,0.9999833106994629,738,287
201,6700,25,0.7830331921577454,0.6357255578041077,0.08085255324840546,0.6693248152732849,751,343
201,6700,26,0.7664735317230225,0.6485512852668762,-0.03049972839653492,0.9674592018127441,735,350
201,6700,27,0.7625895738601685,0.7617196440696716,0.10540523380041122,0.890843391418457,732,411
201,6700,28,0.7325237393379211,0.7644943594932556,-0.0032775248400866985,0.9828615188598633,703,412
201,6700,29,0.7569806575775146,0.7850411534309387,0.10528989881277084,0.8842486143112183,726,423
201,6700,30,0.7208827137947083,0.7829138040542603,-0.0014548245817422867,0.9002431631088257,692,422
201,6700,31,0.7657343745231628,0.7808331251144409,0.07824774831533432,0.838909387588501,735,421
201,6700,32,0.7497045993804932,0.7965519428253174,-0.03549035266041756,0.9422482848167419,719,430
202,6733,0,0.7894906997680664,0.2993704080581665,0.07296526432037354,0.9979624152183533,757,161
202,6733,1,0.7862828373908997,0.2891944944858551,0.06404589116573334,0.9962953329086304,754,156
202,6733,2,0.78376305103302,0.2887747585773468,0.06393694132566452,0.9950162172317505,752,155
202,6733,3,0.7812746167182922,0.2884448170661926,0.06397002190351486,0.9961903691291809,750,155
202,6733,4,0.7921477556228638,0.28990626335144043,0.05565612018108368,0.9980223178863525,760,156
202,6733,5,0.7938924431800842,0.28988322615623474,0.055500853806734085,0.9985713362693787,762,156
202,6733,6,0.7956739664077759,0.2898253798484802,0.05545959249138832,0.9991025924682617,763,156
202,6733,7,0.7774163484573364,0.2937690317630768,0.033713579177856445,0.9971356391906738,746,158
202,6733,8,0.7982190251350403,0.2953864634037018,-0.00802883692085743,0.998482882976532,766,159
202,6733,9,0.7857716083526611,0.3084442913532257,0.06532250344753265,0.9958678483963013,754,166
202,6733,10,0.7912307381629944,0.3097133934497833,0.05315464362502098,0.9976298213005066,759,167
202,6733,11,0.7600084543228149,0.359298974275589,0.04507448524236679,0.9997649192810059,729,194
202,6733,12,0.7988392114639282,0.3601783215999603,-0.06054846569895744,0.9999693036079407,766,194
202,6733,13,0.7447758316993713,0.44512465596199036,0.062289606779813766,0.13309071958065033,714,240
202,6733,14,0.8113125562667847,0.44840162992477417,-0.09133709967136383,0.9869128465652466,778,242
202,6733,15,0.7509525418281555,0.5103508830070496,0.0542636401951313,0.11659405380487442,720,275
202,6733,16,0.8429177403450012,0.5053021907806396,-0.08387649059295654,0.9381948709487915,809,272
202,6733,17,0.7414137721061707,0.5294426083564758,0.04966215044260025,0.12298911064863205,711,285
202,6733,18,0.851007342338562,0.5222604870796204,-0.09816791862249374,0.8851702809333801,816,282
202,6733,19,0.7424888014793396,0.5287798047065735,0.04285525158047676,0.12050427496433258,712,285
202,6733,20,0.8525758385658264,0.518038272857666,-0.09248360246419907,0.8710481524467468,818,279
202,6733,21,0.7508392333984375,0.5248941779136658,0.05199259892106056,0.10669485479593277,720,283
202,6733,22,0.8497546911239624,0.5125247240066528,-0.08174742758274078,0.7749198079109192,815,276
202,6733,23,0.7675932049751282,0.5298458337783813,0.04428643360733986,0.9999618530273438,736,286
202,6733,24,0.776045024394989,0.5328016877174377,-0.044364288449287415,0.9999832510948181,745,287
202,6733,25,0.7971829771995544,0.6375939249992371,0.06224016472697258,0.6790370941162109,765,344
202,6733,26,0.7563921213150024,0.6491423845291138,-0.027563344687223434,0.9666034579277039,726,350
202,6733,27,0.8037400841712952,0.7621341943740845,0.09006073325872421,0.891281247138977,771,411
202,6733,28,0.7194566130638123,0.7553063631057739,-0.0009686388075351715,0.9784393310546875,690,407
202,6733,29,0.798029363155365,0.7875639200210571,0.08997493237257004,0.8854578137397766,766,425
202,6733,30,0.7109671235084534,0.7642664909362793,0.00046227668644860387,0.8887823224067688,682,412
202,6733,31,0.8336600065231323,0.7789824604988098,0.05518389493227005,0.8400284051895142,800,420
202,6733,32,0.7428877949714661,0.796875536441803,-0.03751709684729576,0.9368204474449158,713,430
203,6766,0,0.7914994955062866,0.2990226149559021,0.06762269139289856,0.9979501962661743,759,161
203,6766,1,0.7880159616470337,0.2888934910297394,0.06312316656112671,0.9963053464889526,756,156
203,6766,2,0.7854793667793274,0.28848394751548767,0.06292576342821121,0.9950856566429138,754,155
203,6766,3,0.7830607891082764,0.2881486713886261,0.0629388839006424,0.9962865114212036,751,155
203,6766,4,0.794228732585907,0.2896014153957367,0.05042078718543053,0.9978960156440735,762,156
203,6766,5,0.7960623502731323,0.28961557149887085,0.050212375819683075,0.9984596967697144,764,156
203,6766,6,0.7976785898208618,0.2895883321762085,0.05014711618423462,0.9989987015724182,765,156
203,6766,7,0.7793733477592468,0.29347071051597595,0.02429470419883728,0.9972631335258484,748,158
203,6766,8,0.7986790537834167,0.2951605021953583,-0.013242557644844055,0.9982877373695374,766,159
203,6766,9,0.7874828577041626,0.308229923248291,0.05975274741649628,0.9960335493087769,755,166
203,6766,10,0.7931965589523315,0.3094725012779236,0.05216861143708229,0.9976105690002441,761,167
203,6766,11,0.7615811824798584,0.3598668575286865,0.03429843857884407,0.9997852444648743,731,194
203,6766,12,0.8011266589164734,0.3604397475719452,-0.06568727642297745,0.9999676942825317,769,194
203,6766,13,0.7454829812049866,0.4451865553855896,0.050075728446245193,0.2003754824399948,715,240
203,6766,14,0.8117583394050598,0.4491100609302521,-0.11954247206449509,0.9859596490859985,779,242
203,6766,15,0.7502720952033997,0.5115731358528137,0.0376330204308033,0.19182534515857697,720,276
203,6766,16,0.8422638177871704,0.5052654147148132,-0.13231013715267181,0.9375395178794861,808,272
203,6766,17,0.7337392568588257,0.5313664674758911,0.03198372572660446,0.1938965916633606,704,286
203,6766,18,0.8501515984535217,0.5214467644691467,-0.1518348753452301,0.8846229910850525,816,281
203,6766,19,0.7345088720321655,0.5322756767272949,0.02352861687541008,0.18990039825439453,705,287
203,6766,20,0.8516867160797119,0.516447126865387,-0.14576390385627747,0.8708272576332092,817,278
203,6766,21,0.741080105304718,0.5253567695617676,0.034489069133996964,0.1662943810224533,711,283
203,6766,22,0.8489453196525574,0.5113226175308228,-0.13057295978069305,0.7713996171951294,814,276
203,6766,23,0.769287645816803,0.5311034917831421,0.04465870186686516,0.9999629259109497,738,286
203,6766,24,0.7794033885002136,0.5335982441902161,-0.044733427464962006,0.999981701374054,748,288
203,6766,25,0.7999302744865417,0.6381667852401733,0.07187236845493317,0.6702341437339783,767,344
203,6766,26,0.7522291541099548,0.6491266489028931,-0.0292033813893795,0.961499810218811,722,350
203,6766,27,0.809726357460022,0.760745644569397,0.10478685796260834,0.8862754106521606,777,410
203,6766,28,0.7137869596481323,0.7507777810096741,-0.0004600034444592893,0.9716882705688477,685,405
203,6766,29,0.8043296337127686,0.7860386371612549,0.10490593314170837,0.8804386854171753,772,424
203,6766,30,0.7043781876564026,0.7596069574356079,0.0009378577233292162,0.8705853819847107,676,410
203,6766,31,0.83555668592453,0.7765453457832336,0.0686892420053482,0.8368017673492432,802,419
203,6766,32,0.7351665496826172,0.7974256873130798,-0.04010780155658722,0.9293203353881836,705,430
204,6800,0,0.799584686756134,0.2998192310333252,0.07390686869621277,0.9980437755584717,767,161
204,6800,1,0.7959096431732178,0.2897438108921051,0.0709771141409874,0.9964697957038879,764,156
204,6800,2,0.7934295535087585,0.28930482268333435,0.07087530940771103,0.9952488541603088,761,156
204,6800,3,0.7908881902694702,0.2889176309108734,0.07091515511274338,0.9964128136634827,759,156
204,6800,4,0.8020097613334656,0.2903658151626587,0.057448726147413254,0.9980148673057556,769,156
204,6800,5,0.803758442401886,0.2903100252151489,0.05725478380918503,0.9985470771789551,771,156
204,6800,6,0.8054673671722412,0.29023903608322144,0.05719330534338951,0.9990598559379578,773,156
204,6800,7,0.78691565990448,0.29407355189323425,0.05787551403045654,0.9973368048667908,755,158
204,6800,8,0.8071745038032532,0.29564884305000305,-0.0018896785331889987,0.9983870983123779,774,159
204,6800,9,0.7959002256393433,0.3087269961833954,0.07306463271379471,0.9961437582969666,764,166
204,6800,10,0.8010051846504211,0.31001734733581543,0.05577656999230385,0.9977054595947266,768,167
204,6800,11,0.7710589170455933,0.3596632778644562,0.09001286327838898,0.999776303768158,740,194
204,6800,12,0.8083213567733765,0.36044493317604065,-0.06771764904260635,0.9999690055847168,775,194
204,6800,13,0.7622548341751099,0.44161415100097656,0.11518792062997818,0.18230490386486053,731,238
204,6800,14,0.8179376125335693,0.44907689094543457,-0.11400271952152252,0.9862562417984009,785,242
204,6800,15,0.7776308059692383,0.4968778192996979,0.10157886892557144,0.17359043657779694,746,268
204,6800,16,0.845478355884552,0.5054349303245544,-0.11650875955820084,0.9370126724243164,811,272
204,6800,17,0.777633011341095,0.5095513463020325,0.10366634279489517,0.1761077493429184,746,275
204,6800,18,0.8537513017654419,0.5215541124343872,-0.13244055211544037,0.8830938935279846,819,281
204,6800,19,0.7816733121871948,0.5074523091316223,0.09160076081752777,0.1724163144826889,750,274
204,6800,20,0.8567079305648804,0.5171378254890442,-0.12639203667640686,0.8692811131477356,822,279
204,6800,21,0.7833929657936096,0.5017699003219604,0.09646092355251312,0.15092842280864716,752,270
204,6800,22,0.8529770374298096,0.5119099617004395,-0.1144307479262352,0.7663390636444092,818,276
204,6800,23,0.7729437351226807,0.5309959650039673,0.05000312998890877,0.999963104724884,742,286
204,6800,24,0.7850529551506042,0.532637894153595,-0.0500994548201561,0.9999819993972778,753,287
204,6800,25,0.805993378162384,0.6398353576660156,0.07523294538259506,0.6691835522651672,773,345
204,6800,26,0.7688375115394592,0.6445481777191162,-0.05492781847715378,0.9630658030509949,738,348
204,6800,27,0.811873733997345,0.7610457539558411,0.10763277113437653,0.883173942565918,779,410
204,6800,28,0.7153708338737488,0.7465569972991943,-0.02658701129257679,0.9712459444999695,686,403
204,6800,29,0.8047654628753662,0.7875388860702515,0.10805615037679672,0.8783057928085327,772,425
204,6800,30,0.702933669090271,0.7517657279968262,-0.024393659085035324,0.8650729656219482,674,405
204,6800,31,0.837456464767456,0.7784625887870789,0.07721146196126938,0.8316709995269775,803,420
204,6800,32,0.7320336103439331,0.7976458072662354,-0.05892978608608246,0.9276805520057678,702,430
205,6833,0,0.8014533519744873,0.2996219992637634,0.06747926771640778,0.9977249503135681,769,161
205,6833,1,0.7978346347808838,0.28952762484550476,0.06318560987710953,0.9958999752998352,765,156
205,6833,2,0.7952588200569153,0.28911179304122925,0.06307912617921829,0.9943767189979553,763,156
205,6833,3,0.792747437953949,0.28875279426574707,0.06312031298875809,0.9956925511360168,761,155
205,6833,4,0.8041464686393738,0.2901339530944824,0.050536174327135086,0.9977508187294006,771,156
205,6833,5,0.8059854507446289,0.2900851368904114,0.05035930126905441,0.9983645081520081,773,156
205,6833,6,0.8075738549232483,0.29001879692077637,0.05030965805053711,0.9989551901817322,775,156
205,6833,7,0.7885894179344177,0.2942064702510834,0.047452736645936966,0.9968414902687073,757,158
205,6833,8,0.8083803057670593,0.29548314213752747,-0.009576922282576561,0.9982478022575378,776,159
205,6833,9,0.7974767684936523,0.3086201846599579,0.06591416150331497,0.995388388633728,765,166
205,6833,10,0.8030576705932617,0.30984222888946533,0.04905175790190697,0.9973310232162476,770,167
205,6833,11,0.7729785442352295,0.35951051115989685,0.07701803743839264,0.9997465014457703,742,194
205,6833,12,0.8090524673461914,0.36033621430397034,-0.06985576450824738,0.9999687671661377,776,194
205,6833,13,0.7644811272621155,0.441750168800354,0.10809840261936188,0.16580860316753387,733,238
205,6833,14,0.8195322155952454,0.44899746775627136,-0.11473165452480316,0.9865872859954834,786,242
205,6833,15,0.7775828838348389,0.49791672825813293,0.08629260957241058,0.1567811816930771,746,268
205,6833,16,0.8471257090568542,0.5056266784667969,-0.10982511192560196,0.9380829930305481,813,273
205,6833,17,0.7790152430534363,0.5111464262008667,0.08937506377696991,0.1594219207763672,747,276
205,6833,18,0.8551318049430847,0.5219832062721252,-0.12545445561408997,0.8845006823539734,820,281
205,6833,19,0.7832885980606079,0.5103241801261902,0.07686583697795868,0.15602535009384155,751,275
205,6833,20,0.8572904467582703,0.5176567435264587,-0.11868362873792648,0.8707551956176758,822,279
205,6833,21,0.7852948307991028,0.502574622631073,0.08099932968616486,0.13656362891197205,753,271
205,6833,22,0.8536776900291443,0.5123056173324585,-0.10715365409851074,0.7667048573493958,819,276
205,6833,23,0.7738227844238281,0.5308507680892944,0.04894841089844704,0.9999635815620422,742,286
205,6833,24,0.7879875302314758,0.5325431227684021,-0.04904412478208542,0.9999825358390808,756,287
205,6833,25,0.8044324517250061,0.6405783891677856,0.07367781549692154,0.6766352653503418,772,345
205,6833,26,0.7720462083816528,0.6434223651885986,-0.04363608732819557,0.9650686979293823,741,347
205,6833,27,0.8123787641525269,0.7614489793777466,0.10066235810518265,0.88848477602005,779,411
205,6833,28,0.7157688140869141,0.7446609735488892,-0.023341817781329155,0.9729121923446655,687,402
205,6833,29,0.8047014474868774,0.7878610491752625,0.10049992054700851,0.8825749158859253,772,425
205,6833,30,0.7022227048873901,0.7491844296455383,-0.02212459407746792,0.8697128295898438,674,404
205,6833,31,0.835030198097229,0.7784516215324402,0.07191254198551178,0.8375898599624634,801,420
205,6833,32,0.7311766743659973,0.7978699803352356,-0.05571847781538963,0.9313086867332458,701,430
206,6866,0,0.8077680468559265,0.29896464943885803,0.08083640038967133,0.9978002309799194,775,161
206,6866,1,0.8041262030601501,0.2889850437641144,0.07459678500890732,0.9960429072380066,771,156
206,6866,2,0.8014883399009705,0.28850284218788147,0.07449936866760254,0.9945321679115295,769,155
206,6866,3,0.7989699840545654,0.2881166636943817,0.07452766597270966,0.9958254098892212,767,155
206,6866,4,0.809960663318634,0.2897900342941284,0.06424577534198761,0.9978410601615906,777,156
206,6866,5,0.8116539716720581,0.28982335329055786,0.06406768411397934,0.9984247088432312,779,156
206,6866,6,0.8132705092430115,0.28985652327537537,0.06401500850915909,0.9989981055259705,780,156
206,6866,7,0.7945045232772827,0.29261118173599243,0.05137815326452255,0.9969515800476074,762,158
206,6866,8,0.8148398995399475,0.29522576928138733,0.0038627339527010918,0.998325765132904,782,159
206,6866,9,0.8035241365432739,0.30777135491371155,0.07648799568414688,0.9954925179481506,771,166
206,6866,10,0.8089503049850464,0.3089103698730469,0.06200580671429634,0.9973999261856079,776,166
206,6866,11,0.7754455208778381,0.3593829572200775,0.07494354248046875,0.9997513294219971,744,194
206,6866,12,0.8180388808250427,0.35993316769599915,-0.058641113340854645,0.9999699592590332,785,194
206,6866,13,0.7650505900382996,0.44383108615875244,0.10227809846401215,0.15402789413928986,734,239
206,6866,14,0.8264350891113281,0.44903141260147095,-0.08799836039543152,0.987348735332489,793,242
206,6866,15,0.7772291302680969,0.49923214316368103,0.0818055123090744,0.14328399300575256,746,269
206,6866,16,0.8521643280982971,0.508827269077301,-0.0731893926858902,0.9411380290985107,818,274
206,6866,17,0.7789450287818909,0.5176067352294922,0.08358292281627655,0.14659374952316284,747,279
206,6866,18,0.8597214818000793,0.5283083915710449,-0.08667965978384018,0.8888589143753052,825,285
206,6866,19,0.7842583060264587,0.5122391581535339,0.07223633676767349,0.14318111538887024,752,276
206,6866,20,0.8619562983512878,0.5248711705207825,-0.08113861083984375,0.8756120800971985,827,283
206,6866,21,0.7843686938285828,0.5130030512809753,0.07713507860898972,0.12502919137477875,752,277
206,6866,22,0.8587503433227539,0.517632246017456,-0.07085554301738739,0.7742756605148315,824,279
206,6866,23,0.7797086834907532,0.5287454724311829,0.04724851995706558,0.9999656081199646,748,285
206,6866,24,0.7944138646125793,0.5316399931907654,-0.04733564704656601,0.999983549118042,762,287
206,6866,25,0.8087164163589478,0.6435149312019348,0.07521653175354004,0.6901406645774841,776,347
206,6866,26,0.7868257761001587,0.643488883972168,-0.04802381992340088,0.9674744009971619,755,347
206,6866,27,0.8137223124504089,0.7622115015983582,0.10284174978733063,0.8947222828865051,781,411
206,6866,28,0.727669358253479,0.738434374332428,-0.013416550122201443,0.973636269569397,698,398
206,6866,29,0.8059927821159363,0.7883123159408569,0.10283566266298294,0.8881031274795532,773,425
206,6866,30,0.7140222787857056,0.7389868497848511,-0.004908713977783918,0.8718354105949402,685,399
206,6866,31,0.8379495739936829,0.7818303108215332,0.0845923125743866,0.8436290621757507,804,422
206,6866,32,0.7299192547798157,0.7945181131362915,-0.01912505365908146,0.9328421354293823,700,429
207,6900,0,0.8075200915336609,0.29800713062286377,0.06069793552160263,0.9973737001419067,775,160
207,6900,1,0.8041747808456421,0.2884272038936615,0.0517008937895298,0.9952157139778137,772,155
207,6900,2,0.8016678690910339,0.2879581153392792,0.05160343647003174,0.9933861494064331,769,155
207,6900,3,0.7992364764213562,0.28754928708076477,0.05162566900253296,0.9948813319206238,767,155
207,6900,4,0.810297966003418,0.28926223516464233,0.0441230945289135,0.9974828958511353,777,156
207,6900,5,0.8121591806411743,0.2893836200237274,0.04394768923521042,0.9981915354728699,779,156
207,6900,6,0.8137957453727722,0.28948813676834106,0.04387975484132767,0.9988689422607422,781,156
207,6900,7,0.7950997948646545,0.29233813285827637,0.02272021770477295,0.9963573217391968,763,157
207,6900,8,0.8146382570266724,0.2948909103870392,-0.013478773646056652,0.998188853263855,782,159
207,6900,9,0.8033176064491272,0.30685263872146606,0.054252225905656815,0.9949051141738892,771,165
207,6900,10,0.8090166449546814,0.3079654574394226,0.04341427609324455,0.9971773624420166,776,166
207,6900,11,0.7744580507278442,0.359378844499588,0.042267657816410065,0.9997421503067017,743,194
207,6900,12,0.8194429874420166,0.3593294620513916,-0.06458568572998047,0.9999698996543884,786,194
207,6900,13,0.7629470229148865,0.44767463207244873,0.05923951789736748,0.14465513825416565,732,241
207,6900,14,0.8278966546058655,0.44928646087646484,-0.09480234980583191,0.987079381942749,794,242
207,6900,15,0.7771884799003601,0.501220703125,0.05261721834540367,0.13161486387252808,746,270
207,6900,16,0.8535680770874023,0.5108513832092285,-0.09501838684082031,0.945137619972229,819,275
207,6900,17,0.7800306677818298,0.5182991027832031,0.052477672696113586,0.1356329321861267,748,279
207,6900,18,0.8607543110847473,0.5311784744262695,-0.11083126813173294,0.8960621356964111,826,286
207,6900,19,0.7838583588600159,0.5141246914863586,0.040087804198265076,0.1322515308856964,752,277
207,6900,20,0.8633180856704712,0.5280845761299133,-0.10672709345817566,0.8837273120880127,828,285
207,6900,21,0.7852181196212769,0.5127463340759277,0.04771092161536217,0.11514333635568619,753,276
207,6900,22,0.8606230616569519,0.5211640000343323,-0.09371068328619003,0.7873413562774658,826,281
207,6900,23,0.7795943021774292,0.5286355018615723,0.03704109415411949,0.9999637603759766,748,285
207,6900,24,0.7980031371116638,0.5310494899749756,-0.03714212402701378,0.9999828934669495,766,286
207,6900,25,0.8035165071487427,0.6444188356399536,0.07196543365716934,0.6952821612358093,771,347
207,6900,26,0.7948004603385925,0.6447921395301819,-0.020388487726449966,0.9627324938774109,763,348
207,6900,27,0.8100237250328064,0.7620729207992554,0.10693562775850296,0.896882951259613,777,411
207,6900,28,0.7292881011962891,0.7370121479034424,0.020364752039313316,0.9714906811714172,700,397
207,6900,29,0.8019808530807495,0.7897782325744629,0.10738350450992584,0.8877325654029846,769,426
207,6900,30,0.7155009508132935,0.7369920611381531,0.024327633902430534,0.864694356918335,686,397
207,6900,31,0.8087804913520813,0.7916832566261292,0.08286550641059875,0.8425251245498657,776,427
207,6900,32,0.730429470539093,0.7924211621284485,-0.0021253919694572687,0.9280011653900146,701,427
208,6933,0,0.8162330985069275,0.2976909279823303,0.07853630930185318,0.9971815943717957,783,160
208,6933,1,0.8131008744239807,0.2880287766456604,0.06958422064781189,0.9949245452880859,780,155
208,6933,2,0.8107967376708984,0.2875833511352539,0.06947877258062363,0.9928621053695679,778,155
208,6933,3,0.8083146810531616,0.2871902287006378,0.06949712336063385,0.9945995211601257,775,155
208,6933,4,0.8185352087020874,0.28889739513397217,0.06374957412481308,0.9973195791244507,785,156
208,6933,5,0.8201819658279419,0.2890545725822449,0.06358137726783752,0.9980348944664001,787,156
208,6933,6,0.8219322562217712,0.28922033309936523,0.06352667510509491,0.9987979531288147,789,156
208,6933,7,0.8040639758110046,0.29213759303092957,0.033914148807525635,0.996122419834137,771,157
208,6933,8,0.8239132761955261,0.2948158383369446,0.009124591015279293,0.9980043768882751,790,159
208,6933,9,0.8122112154960632,0.3064109683036804,0.07036545872688293,0.9945974946022034,779,165
208,6933,10,0.8172104954719543,0.30758026242256165,0.06188812106847763,0.9969775080680847,784,166
208,6933,11,0.7835838198661804,0.3586389720439911,0.04613775014877319,0.9997484683990479,752,193
208,6933,12,0.8268890976905823,0.35928118228912354,-0.0381874181330204,0.9999698400497437,793,194
208,6933,13,0.7702246308326721,0.44487264752388,0.06088882312178612,0.13972222805023193,739,240
208,6933,14,0.8344458341598511,0.44995540380477905,-0.05573679134249687,0.9867033958435059,801,242
208,6933,15,0.7779188752174377,0.5014094114303589,0.06070239469408989,0.12267875671386719,746,270
208,6933,16,0.8572699427604675,0.5151131749153137,-0.045011840760707855,0.945517361164093,822,278
208,6933,17,0.7790511250495911,0.5187904834747314,0.06046639755368233,0.1269633024930954,747,280
208,6933,18,0.8632586002349854,0.5381741523742676,-0.05575067177414894,0.8959900736808777,828,290
208,6933,19,0.7835952043533325,0.5166234970092773,0.05100662633776665,0.12325981259346008,752,278
208,6933,20,0.8658409714698792,0.5367910265922546,-0.05398428812623024,0.8837227821350098,831,289
208,6933,21,0.7836444973945618,0.5130441188812256,0.05731766298413277,0.10676469653844833,752,277
208,6933,22,0.8636449575424194,0.5291925072669983,-0.04418473690748215,0.7881900072097778,829,285
208,6933,23,0.7865530848503113,0.5275601148605347,0.03183898702263832,0.9999648332595825,755,284
208,6933,24,0.8045434951782227,0.5292883515357971,-0.031960807740688324,0.9999831318855286,772,285
208,6933,25,0.8156320452690125,0.6426806449890137,0.06018374115228653,0.6950177550315857,783,347
208,6933,26,0.8075112700462341,0.6449615955352783,-0.01342686451971531,0.9574170112609863,775,348
208,6933,27,0.8110525608062744,0.761766791343689,0.08652397245168686,0.8934265375137329,778,411
208,6933,28,0.7443809509277344,0.7287526726722717,0.030639436095952988,0.9645037055015564,714,393
208,6933,29,0.8027388453483582,0.7887136340141296,0.08644024282693863,0.8843123316764832,770,425
208,6933,30,0.7300589084625244,0.7300575971603394,0.03480369225144386,0.8508981466293335,700,394
208,6933,31,0.8249684572219849,0.7888758778572083,0.06384240835905075,0.832697868347168,791,425
208,6933,32,0.7450180649757385,0.7694104909896851,0.016362713649868965,0.9146428108215332,715,415
209,6966,0,0.8177582025527954,0.2965770661830902,0.0637468546628952,0.9967501759529114,785,160
209,6966,1,0.8143081068992615,0.28702497482299805,0.05357939749956131,0.994162380695343,781,154
209,6966,2,0.8116493225097656,0.2865823209285736,0.05348346754908562,0.9917052984237671,779,154
209,6966,3,0.8090431094169617,0.28619396686553955,0.05350475758314133,0.9936478137969971,776,154
209,6966,4,0.8205677270889282,0.2879188358783722,0.04751789942383766,0.9970539212226868,787,155
209,6966,5,0.8223589658737183,0.28809547424316406,0.047341637313365936,0.997871458530426,789,155
209,6966,6,0.8239256739616394,0.28827551007270813,0.04727935418486595,0.9987369179725647,790,155
209,6966,7,0.8047364354133606,0.29104000329971313,0.019172098487615585,0.9954490065574646,772,157
209,6966,8,0.8249712586402893,0.29356107115745544,-0.010546606034040451,0.9979466199874878,791,158
209,6966,9,0.8135178685188293,0.305649071931839,0.05515224114060402,0.9941003322601318,780,165
209,6966,10,0.8193151950836182,0.30682572722435,0.04643082618713379,0.9968623518943787,786,165
209,6966,11,0.7839934229850769,0.3582957088947296,0.03424537554383278,0.9997289180755615,752,193
209,6966,12,0.8284367322921753,0.3592441976070404,-0.05069642886519432,0.9999703764915466,795,193
209,6966,13,0.7701985836029053,0.4394226670265198,0.06406816840171814,0.1309014856815338,739,237
209,6966,14,0.8358692526817322,0.4510217308998108,-0.07010862976312637,0.9862906336784363,802,243
209,6966,15,0.7793059945106506,0.4911821186542511,0.0711217001080513,0.11182894557714462,748,265
209,6966,16,0.8584228754043579,0.5160543322563171,-0.05715373903512955,0.9494367241859436,824,278
209,6966,17,0.779308021068573,0.5055115818977356,0.07376980781555176,0.11625481396913528,748,272
209,6966,18,0.8647344708442688,0.5406806468963623,-0.06939046084880829,0.9031727910041809,830,291
209,6966,19,0.7846685647964478,0.5037211179733276,0.06294522434473038,0.11274435371160507,753,272
209,6966,20,0.8668527007102966,0.5399286150932312,-0.06728506088256836,0.891781747341156,832,291
209,6966,21,0.7856136560440063,0.504291296005249,0.06772317737340927,0.09761828184127808,754,272
209,6966,22,0.8650726675987244,0.5321161150932312,-0.05606891214847565,0.801862359046936,830,287
209,6966,23,0.7873966097831726,0.5273794531822205,0.029243076220154762,0.9999628067016602,755,284
209,6966,24,0.8065966963768005,0.5291405916213989,-0.029370872303843498,0.9999827742576599,774,285
209,6966,25,0.8138749599456787,0.6409139037132263,0.06575402617454529,0.7030772566795349,781,346
209,6966,26,0.8062562346458435,0.6457009315490723,0.01813574694097042,0.9438816905021667,774,348
209,6966,27,0.8111845850944519,0.7610238790512085,0.10049879550933838,0.8936669230461121,778,410
209,6966,28,0.7469056844711304,0.726082980632782,0.07618053257465363,0.9579498171806335,717,392
209,6966,29,0.8030942678451538,0.7868167161941528,0.10343097150325775,0.883587121963501,770,424
209,6966,30,0.7327744364738464,0.7286680936813354,0.08111012727022171,0.8376107215881348,703,393
209,6966,31,0.8101593852043152,0.786170482635498,0.08105497062206268,0.8251804113388062,777,424
209,6966,32,0.7615085244178772,0.7682269215583801,0.05591558292508125,0.8978356122970581,731,414
210,7000,0,0.8247223496437073,0.2962573170661926,0.07389959692955017,0.9970464110374451,791,159
210,7000,1,0.8217071294784546,0.2863740921020508,0.06535869091749191,0.9946846961975098,788,154
210,7000,2,0.8192381262779236,0.2859479784965515,0.06528396904468536,0.9924310445785522,786,154
210,7000,3,0.8164902925491333,0.2855972647666931,0.0653199851512909,0.9942014813423157,783,154
210,7000,4,0.8273847699165344,0.2871392071247101,0.05698312819004059,0.9973281025886536,794,155
210,7000,5,0.8290342092514038,0.28723758459091187,0.056790791451931,0.998070240020752,795,155
210,7000,6,0.8307422399520874,0.2873486280441284,0.05673146992921829,0.9988564848899841,797,155
210,7000,7,0.8116726279258728,0.29004043340682983,0.0323348268866539,0.9958348274230957,779,156
210,7000,8,0.8327709436416626,0.2922375500202179,-0.004641728010028601,0.9981405138969421,799,157
210,7000,9,0.8206104040145874,0.3051796555519104,0.06690292805433273,0.9946150779724121,787,164
210,7000,10,0.8259391784667969,0.3064567744731903,0.05508409067988396,0.9971493482589722,792,165
210,7000,11,0.7928395867347717,0.3572828471660614,0.05452456697821617,0.9997442960739136,761,192
210,7000,12,0.833901584148407,0.3589056432247162,-0.053469911217689514,0.9999729990959167,800,193
210,7000,13,0.7808839678764343,0.43914172053337097,0.11572803556919098,0.12154358625411987,749,237
210,7000,14,0.8410040736198425,0.45163607597351074,-0.061081863939762115,0.9871099591255188,807,243
210,7000,15,0.789573609828949,0.49160659313201904,0.16059385240077972,0.10130147635936737,757,265
210,7000,16,0.8605198264122009,0.5191075205802917,-0.03468358889222145,0.9533443450927734,826,280
210,7000,17,0.7891703844070435,0.5082531571388245,0.16978684067726135,0.10557979345321655,757,274
210,7000,18,0.8657490611076355,0.5446854829788208,-0.04598851129412651,0.9099174737930298,831,294
210,7000,19,0.7948029637336731,0.5046111941337585,0.158437117934227,0.10231278836727142,763,272
210,7000,20,0.8688481450080872,0.5436561703681946,-0.043152038007974625,0.899289608001709,834,293
210,7000,21,0.7946934103965759,0.5056573152542114,0.1576126217842102,0.08861956000328064,762,273
210,7000,22,0.8667964339256287,0.535294771194458,-0.03294295817613602,0.8147776126861572,832,289
210,7000,23,0.7924306988716125,0.5260065793991089,0.03237765282392502,0.999965250492096,760,284
210,7000,24,0.8141614198684692,0.5280643105506897,-0.03249417245388031,0.9999841451644897,781,285
210,7000,25,0.820384681224823,0.6405898928642273,0.09572165459394455,0.7122189402580261,787,345
210,7000,26,0.8182626962661743,0.6465834975242615,0.00036478613037616014,0.9454017877578735,785,349
210,7000,27,0.8129040002822876,0.7629972100257874,0.15705901384353638,0.8915337920188904,780,412
210,7000,28,0.7587032914161682,0.7246862649917603,0.05487150326371193,0.9563770294189453,728,391
210,7000,29,0.803082287311554,0.786695122718811,0.16138100624084473,0.8825829029083252,770,424
210,7000,30,0.7451193928718567,0.7289362549781799,0.06056196987628937,0.8359029293060303,715,393
210,7000,31,0.8289905786514282,0.784967839717865,0.14786353707313538,0.8144885301589966,795,423
210,7000,32,0.762866735458374,0.7665736079216003,0.041482970118522644,0.8926982283592224,732,413
211,7033,0,0.8248952031135559,0.2929595410823822,0.08100441843271255,0.9972639083862305,791,158
211,7033,1,0.821566641330719,0.2834494411945343,0.07231245934963226,0.9950621128082275,788,153
211,7033,2,0.8190644383430481,0.28304436802864075,0.07222577929496765,0.9929286241531372,786,152
211,7033,3,0.8165104985237122,0.2826114892959595,0.07225420325994492,0.9945996403694153,783,152
211,7033,4,0.8277305960655212,0.2842326760292053,0.06317842751741409,0.997534453868866,794,153
211,7033,5,0.8295611143112183,0.2844313085079193,0.06298337876796722,0.9982175230979919,796,153
211,7033,6,0.8311693668365479,0.28461313247680664,0.06293501704931259,0.9989485740661621,797,153
211,7033,7,0.8118813037872314,0.28735479712486267,0.03832565248012543,0.9960978031158447,779,155
211,7033,8,0.8319399356842041,0.2898842692375183,-0.00205688807182014,0.9982795119285583,798,156
211,7033,9,0.8206904530525208,0.3026188015937805,0.0736321210861206,0.9949569702148438,787,163
211,7033,10,0.8264713883399963,0.30385822057724,0.06078473851084709,0.9973495602607727,793,164
211,7033,11,0.7915979623794556,0.35640987753868103,0.058776214718818665,0.9997518062591553,759,192
211,7033,12,0.8352807760238647,0.35748451948165894,-0.0539148785173893,0.9999749064445496,801,193
211,7033,13,0.7799577116966248,0.4363099932670593,0.11754055321216583,0.11221792548894882,748,235
211,7033,14,0.8422788977622986,0.45236021280288696,-0.058843839913606644,0.987634003162384,808,244
211,7033,15,0.790972888469696,0.4876652956008911,0.16417960822582245,0.09162726998329163,759,263
211,7033,16,0.8623502254486084,0.5200799107551575,-0.0271926112473011,0.955050528049469,827,280
211,7033,17,0.7906255125999451,0.5028933882713318,0.1733115166425705,0.09565172344446182,759,271
211,7033,18,0.867998480796814,0.5450379252433777,-0.03610890358686447,0.9118028879165649,833,294
211,7033,19,0.7964823842048645,0.5004758834838867,0.16298547387123108,0.09263117611408234,764,270
211,7033,20,0.8701914548873901,0.5448241829872131,-0.03458629921078682,0.9014357328414917,835,294
211,7033,21,0.7968366742134094,0.5011290907859802,0.16154387593269348,0.08025474846363068,764,270
211,7033,22,0.8676126003265381,0.5368382930755615,-0.025815434753894806,0.8181412220001221,832,289
211,7033,23,0.7934624552726746,0.5250706672668457,0.03402293100953102,0.9999670386314392,761,283
211,7033,24,0.8158363103866577,0.5269263982772827,-0.034126099199056625,0.9999851584434509,783,284
211,7033,25,0.8228379487991333,0.6373991370201111,0.09002331644296646,0.7185863852500916,789,344
211,7033,26,0.8182523846626282,0.6467643976211548,-0.002921704202890396,0.9448163509368896,785,349
211,7033,27,0.8151386976242065,0.7624722123146057,0.1431656926870346,0.8908522725105286,782,411
211,7033,28,0.759914755821228,0.7255308032035828,0.04681238904595375,0.9535312652587891,729,391
211,7033,29,0.8041579127311707,0.7866705656051636,0.1447257697582245,0.8843919038772583,771,424
211,7033,30,0.746115505695343,0.7297669053077698,0.05158241093158722,0.8327398896217346,716,394
211,7033,31,0.8397237658500671,0.7848832607269287,0.1212494745850563,0.8064774870872498,806,423
211,7033,32,0.7618734836578369,0.766442596912384,0.03460026532411575,0.8834667205810547,731,413
212,7066,0,0.8303682208061218,0.2907652258872986,0.07677922397851944,0.9974876046180725,797,157
212,7066,1,0.8274133205413818,0.2809981405735016,0.06888186186552048,0.9954792857170105,794,151
212,7066,2,0.8247513175010681,0.2806517779827118,0.06878878176212311,0.9935177564620972,791,151
212,7066,3,0.8222925066947937,0.28039321303367615,0.0688183382153511,0.995049238204956,789,151
212,7066,4,0.8331096172332764,0.2816429138183594,0.05945165827870369,0.9977505207061768,799,152
212,7066,5,0.8347527980804443,0.28180018067359924,0.059261612594127655,0.9983738660812378,801,152
212,7066,6,0.8363733291625977,0.2820150554180145,0.05920817330479622,0.999042809009552,802,152
212,7066,7,0.8173409700393677,0.2846620976924896,0.03742162138223648,0.9964202046394348,784,153
212,7066,8,0.8380872011184692,0.28733184933662415,-0.002596150850877166,0.9984351992607117,804,155
212,7066,9,0.8259859681129456,0.3004458248615265,0.0709754154086113,0.9953882098197937,792,162
212,7066,10,0.8317245244979858,0.3016713857650757,0.05766469985246658,0.9975834488868713,798,162
212,7066,11,0.7980416417121887,0.3542928993701935,0.05768454819917679,0.9997632503509521,766,191
212,7066,12,0.8394285440444946,0.35656288266181946,-0.05524458736181259,0.9999768137931824,805,192
212,7066,13,0.7910127639770508,0.43664777278900146,0.09538596123456955,0.10935709625482559,759,235
212,7066,14,0.8453069925308228,0.45210206508636475,-0.06357026845216751,0.9884070754051208,811,244
212,7066,15,0.8022226095199585,0.4896909296512604,0.10259108245372772,0.08471568673849106,770,264
212,7066,16,0.8635942935943604,0.5219098925590515,-0.034303560853004456,0.9590662717819214,829,281
212,7066,17,0.8025705218315125,0.5139719247817993,0.10684502869844437,0.08910472691059113,770,277
212,7066,18,0.8682898879051208,0.5468354821205139,-0.04489583894610405,0.9193705916404724,833,295
212,7066,19,0.80770343542099,0.5135398507118225,0.09520355612039566,0.08606062829494476,775,277
212,7066,20,0.8699219226837158,0.5473899245262146,-0.04349827021360397,0.9098334312438965,835,295
212,7066,21,0.8087114095687866,0.5086424946784973,0.09828030318021774,0.07460989058017731,776,274
212,7066,22,0.8676130175590515,0.5395449995994568,-0.03301749750971794,0.8332226276397705,832,291
212,7066,23,0.7998263239860535,0.5244870185852051,0.03520841524004936,0.9999690055847168,767,283
212,7066,24,0.8219232559204102,0.5258908867835999,-0.035312313586473465,0.9999862909317017,789,283
212,7066,25,0.8235833048820496,0.6353268623352051,0.11275960505008698,0.7348108887672424,790,343
212,7066,26,0.8292123675346375,0.6488764882087708,0.012718609534204006,0.9477479457855225,796,350
212,7066,27,0.797951877117157,0.7408372759819031,0.17342104017734528,0.8961851596832275,766,400
212,7066,28,0.7873712182044983,0.7475388050079346,0.0702454224228859,0.956360399723053,755,403
212,7066,29,0.7887111306190491,0.7589976191520691,0.17732927203178406,0.8908592462539673,757,409
212,7066,30,0.782271683216095,0.7625465989112854,0.07546670734882355,0.8439078330993652,750,411
212,7066,31,0.7922689318656921,0.7660043239593506,0.1635478138923645,0.8110437989234924,760,413
212,7066,32,0.7982996702194214,0.7744321823120117,0.054767392575740814,0.8882957100868225,766,418
213,7100,0,0.8320245146751404,0.288615345954895,0.07456914335489273,0.9977225661277771,798,155
213,7100,1,0.8285224437713623,0.27890557050704956,0.06707341969013214,0.995904803276062,795,150
213,7100,2,0.8257619142532349,0.278487890958786,0.06697865575551987,0.994124710559845,792,150
213,7100,3,0.8231214880943298,0.2781783640384674,0.06700760871171951,0.9955121278762817,790,150
213,7100,4,0.8346810936927795,0.2797265350818634,0.05749746039509773,0.9979656338691711,801,151
213,7100,5,0.8363593816757202,0.2798863649368286,0.057312775403261185,0.9985296130180359,802,151
213,7100,6,0.8378269076347351,0.2800266742706299,0.05725494399666786,0.9991350173950195,804,151
213,7100,7,0.818557858467102,0.2827087640762329,0.03616948425769806,0.9967548251152039,785,152
213,7100,8,0.8387435674667358,0.2851651608943939,-0.004072013311088085,0.9985859394073486,805,153
213,7100,9,0.8277857899665833,0.29873013496398926,0.06918487697839737,0.9958188533782959,794,161
213,7100,10,0.8335357904434204,0.29980897903442383,0.055657971650362015,0.9978126883506775,800,161
213,7100,11,0.7999324798583984,0.3516497015953064,0.05757344886660576,0.9997797608375549,767,189
213,7100,12,0.8411931395530701,0.3551141023635864,-0.05654424801468849,0.9999788403511047,807,191
213,7100,13,0.7922763228416443,0.43600788712501526,0.11050011962652206,0.10300096869468689,760,235
213,7100,14,0.846953809261322,0.45225411653518677,-0.05701212212443352,0.9890821576118469,813,244
213,7100,15,0.7998505234718323,0.4908842444419861,0.15084730088710785,0.07747695595026016,767,265
213,7100,16,0.8646504282951355,0.5222116112709045,-0.023741381242871284,0.9627477526664734,830,281
213,7100,17,0.79975426197052,0.5124688148498535,0.15998299419879913,0.08201268315315247,767,276
213,7100,18,0.8684419989585876,0.547191321849823,-0.033079616725444794,0.9264861941337585,833,295
213,7100,19,0.8043906688690186,0.5139830708503723,0.1482020914554596,0.07908252626657486,772,277
213,7100,20,0.8694605231285095,0.5481836199760437,-0.032125625759363174,0.9177717566490173,834,296
213,7100,21,0.8060352206230164,0.5087707042694092,0.1475728452205658,0.06863103061914444,773,274
213,7100,22,0.8678319454193115,0.5400539040565491,-0.02252018265426159,0.8475978970527649,833,291
213,7100,23,0.8023039102554321,0.5239288210868835,0.035930387675762177,0.9999709129333496,770,282
213,7100,24,0.8235393762588501,0.5251040458679199,-0.03603466600179672,0.9999873042106628,790,283
213,7100,25,0.8274558186531067,0.6344203352928162,0.1055169329047203,0.7461507320404053,794,342
213,7100,26,0.8311696648597717,0.6488593816757202,0.00932394154369831,0.9496445655822754,797,350
213,7100,27,0.7999091744422913,0.745841920375824,0.15326640009880066,0.8984900116920471,767,402
213,7100,28,0.7869044542312622,0.7511168718338013,0.06178855523467064,0.9580503702163696,755,405
213,7100,29,0.7940943837165833,0.7650875449180603,0.15596923232078552,0.8943095803260803,762,413
213,7100,30,0.7689745426177979,0.7540282607078552,0.06681206822395325,0.8518761396408081,738,407
213,7100,31,0.8035461902618408,0.7701214551925659,0.14380334317684174,0.8128838539123535,771,415
213,7100,32,0.7987362742424011,0.7748674154281616,0.05111757293343544,0.8916761875152588,766,418
214,7133,0,0.8405384421348572,0.28890517354011536,0.05029583349823952,0.997904896736145,806,156
214,7133,1,0.8369138836860657,0.27892374992370605,0.04254698380827904,0.9962380528450012,803,150
214,7133,2,0.8341787457466125,0.2784379720687866,0.04245107248425484,0.9946043491363525,800,150
214,7133,3,0.8314114809036255,0.278056800365448,0.042482513934373856,0.9958751201629639,798,150
214,7133,4,0.8432534337043762,0.2798794209957123,0.033075738698244095,0.9981346726417542,809,151
214,7133,5,0.8449913859367371,0.2800636291503906,0.0328872986137867,0.9986516237258911,811,151
214,7133,6,0.8467877507209778,0.280232310295105,0.032837189733982086,0.9992066025733948,812,151
214,7133,7,0.8264722228050232,0.2828448712825775,0.01767357997596264,0.9970242381095886,793,152
214,7133,8,0.8481468558311462,0.2854522168636322,-0.024606190621852875,0.9987057447433472,814,154
214,7133,9,0.835875928401947,0.2988745868206024,0.04669344052672386,0.996145486831665,802,161
214,7133,10,0.8413261771202087,0.30002325773239136,0.033307597041130066,0.9979857802391052,807,162
214,7133,11,0.8055205941200256,0.3513416051864624,0.04461462050676346,0.9997890591621399,773,189
214,7133,12,0.8478330373764038,0.3539910912513733,-0.06663443893194199,0.9999797940254211,813,191
214,7133,13,0.7963660359382629,0.4361617863178253,0.07063823193311691,0.09937766939401627,764,235
214,7133,14,0.8520944714546204,0.45328229665756226,-0.06426078081130981,0.9891070127487183,818,244
214,7133,15,0.8067246079444885,0.4927092492580414,0.0757138654589653,0.0712815672159195,774,266
214,7133,16,0.8628557920455933,0.5286624431610107,-0.028356241062283516,0.9625967741012573,828,285
214,7133,17,0.8067237734794617,0.5186892747879028,0.07764729112386703,0.07583639770746231,774,280
214,7133,18,0.8663248419761658,0.5526595711708069,-0.03874446079134941,0.9253110885620117,831,298
214,7133,19,0.8122657537460327,0.519041895866394,0.06649795919656754,0.0730310007929802,779,280
214,7133,20,0.8686953186988831,0.5539513230323792,-0.043889231979846954,0.9167236685752869,833,299
214,7133,21,0.8134599924087524,0.5130698084831238,0.07143719494342804,0.0633862167596817,780,277
214,7133,22,0.8660722970962524,0.5451081991195679,-0.03240327537059784,0.8463009595870972,831,294
214,7133,23,0.8086766600608826,0.5245770215988159,0.03630319982767105,0.9999709725379944,776,283
214,7133,24,0.8325750231742859,0.5264217853546143,-0.03641051426529884,0.9999876022338867,799,284
214,7133,25,0.8266943693161011,0.6348206400871277,0.11773105710744858,0.7401984333992004,793,342
214,7133,26,0.8432324528694153,0.6475569605827332,0.014162656851112843,0.9499179124832153,809,349
214,7133,27,0.80400151014328,0.744666576385498,0.17023906111717224,0.8956249356269836,771,402
214,7133,28,0.8035462498664856,0.7459970712661743,0.06244351342320442,0.957965075969696,771,402
214,7133,29,0.797179639339447,0.7657364010810852,0.17303945124149323,0.8941032290458679,765,413
214,7133,30,0.7867316603660583,0.7576610445976257,0.0665222629904747,0.8536214828491211,755,409
214,7133,31,0.8037453889846802,0.769729495048523,0.15823659300804138,0.8068408370018005,771,415
214,7133,32,0.8156763315200806,0.7719988822937012,0.04566807672381401,0.8905339241027832,783,416
215,7166,0,0.8398032784461975,0.28720593452453613,0.051251690834760666,0.9980671405792236,806,155
215,7166,1,0.8363238573074341,0.2771201431751251,0.04287375882267952,0.996528148651123,802,149
215,7166,2,0.8337169289588928,0.2767060399055481,0.042764000594615936,0.9950357675552368,800,149
215,7166,3,0.831071138381958,0.27636897563934326,0.042791698127985,0.9961997866630554,797,149
215,7166,4,0.8426703810691833,0.2781343162059784,0.033715151250362396,0.9982773065567017,808,150
215,7166,5,0.8445079326629639,0.2784136235713959,0.033530883491039276,0.9987571239471436,810,150
215,7166,6,0.8461914658546448,0.27867528796195984,0.03348447382450104,0.9992662072181702,812,150
215,7166,7,0.8264312744140625,0.28132379055023193,0.014760833233594894,0.9972754120826721,793,151
215,7166,8,0.8473383784294128,0.2842141389846802,-0.02644086442887783,0.9988085627555847,813,153
215,7166,9,0.8356550931930542,0.2975887358188629,0.046303171664476395,0.9964392781257629,802,160
215,7166,10,0.8413995504379272,0.2989409863948822,0.03331322222948074,0.9981322288513184,807,161
215,7166,11,0.8055570125579834,0.35141709446907043,0.03983179107308388,0.9998014569282532,773,189
215,7166,12,0.8503234386444092,0.3530840575695038,-0.06729832291603088,0.999980628490448,816,190
215,7166,13,0.7953935265541077,0.4375852346420288,0.06908242404460907,0.10034778714179993,763,236
215,7166,14,0.8529809713363647,0.4533971846103668,-0.06701575964689255,0.9897172451019287,818,244
215,7166,15,0.8037539124488831,0.5038194060325623,0.08404271304607391,0.06781992316246033,771,272
215,7166,16,0.8645078539848328,0.5298870801925659,-0.037665728479623795,0.9649361371994019,829,286
215,7166,17,0.8033614754676819,0.523219108581543,0.08743949979543686,0.07236123085021973,771,282
215,7166,18,0.8683813810348511,0.5532509088516235,-0.047532424330711365,0.9295995831489563,833,298
215,7166,19,0.8085639476776123,0.5224612951278687,0.0767521932721138,0.06938836723566055,776,282
215,7166,20,0.8691953420639038,0.5544981360435486,-0.047843243926763535,0.9215933680534363,834,299
215,7166,21,0.8093027472496033,0.5174217224121094,0.0804196298122406,0.06004895269870758,776,279
215,7166,22,0.8671962022781372,0.5468912124633789,-0.03787703812122345,0.8549219965934753,832,295
215,7166,23,0.8116401433944702,0.5253273844718933,0.036633867770433426,0.9999715089797974,779,283
215,7166,24,0.8347095251083374,0.5264122486114502,-0.0367431715130806,0.9999879002571106,801,284
215,7166,25,0.8253167271614075,0.6348470449447632,0.11788606643676758,0.7386407852172852,792,342
215,7166,26,0.8458455801010132,0.6471779942512512,0.015045077539980412,0.9517287611961365,812,349
215,7166,27,0.8077861070632935,0.746138870716095,0.1574966013431549,0.8995762467384338,775,402
215,7166,28,0.8002281785011292,0.7446373105049133,0.058180294930934906,0.959876537322998,768,402
215,7166,29,0.7989794611930847,0.7678337097167969,0.15912339091300964,0.9004606604576111,767,414
215,7166,30,0.786112904548645,0.7561304569244385,0.062001049518585205,0.8621696829795837,754,408
215,7166,31,0.82247394323349,0.7679518461227417,0.14445838332176208,0.8142157793045044,789,414
215,7166,32,0.8098629117012024,0.7683809995651245,0.045796800404787064,0.895593523979187,777,414
216,7200,0,0.8471891283988953,0.2875223457813263,0.03322144225239754,0.9980505108833313,813,155
216,7200,1,0.8438628315925598,0.27738064527511597,0.02612530067563057,0.9965366125106812,810,149
216,7200,2,0.841381847858429,0.2769632637500763,0.026006290689110756,0.9950685501098633,807,149
216,7200,3,0.8387578725814819,0.2766040563583374,0.026030706241726875,0.9962058663368225,805,149
216,7200,4,0.8497224450111389,0.27836135029792786,0.017158126458525658,0.9982965588569641,815,150
216,7200,5,0.8515159487724304,0.2785802483558655,0.016976837068796158,0.9987712502479553,817,150
216,7200,6,0.8533914685249329,0.27876824140548706,0.016919124871492386,0.9992734789848328,819,150
216,7200,7,0.834354043006897,0.28165364265441895,0.0030449938494712114,0.9973414540290833,800,152
216,7200,8,0.8553079962730408,0.284473180770874,-0.037540070712566376,0.9988425970077515,821,153
216,7200,9,0.8433218002319336,0.29777953028678894,0.029629355296492577,0.996546745300293,809,160
216,7200,10,0.8483077883720398,0.2990763783454895,0.016900746151804924,0.9981907606124878,814,161
216,7200,11,0.8152600526809692,0.34983423352241516,0.031441811472177505,0.9998041391372681,782,188
216,7200,12,0.8550310730934143,0.35254034399986267,-0.07610161602497101,0.9999809861183167,820,190
216,7200,13,0.8072290420532227,0.43766704201698303,0.0432722382247448,0.09783830493688583,774,236
216,7200,14,0.8558655381202698,0.45386314392089844,-0.07795118540525436,0.9901735186576843,821,245
216,7200,15,0.8178665041923523,0.5090271830558777,0.032013747841119766,0.06603313982486725,785,274
216,7200,16,0.8666675090789795,0.5326514840126038,-0.05152032896876335,0.9679115414619446,832,287
216,7200,17,0.8186237812042236,0.5253798961639404,0.032313618808984756,0.07163788378238678,785,283
216,7200,18,0.8691394925117493,0.5571972727775574,-0.06046328693628311,0.9353067278862,834,300
216,7200,19,0.8236498236656189,0.5247805118560791,0.022118957713246346,0.06837334483861923,790,283
216,7200,20,0.8696950674057007,0.559688150882721,-0.0624762661755085,0.92800372838974,834,302
216,7200,21,0.8241963982582092,0.520975649356842,0.0280106533318758,0.058626916259527206,791,281
216,7200,22,0.8678349852561951,0.5516031384468079,-0.051737409085035324,0.8664942383766174,833,297
216,7200,23,0.8177365660667419,0.5252429842948914,0.037032607942819595,0.9999682307243347,785,283
216,7200,24,0.8403730392456055,0.5264233350753784,-0.03715243563055992,0.9999869465827942,806,284
216,7200,25,0.8292196989059448,0.6227791905403137,0.13463559746742249,0.7030476927757263,796,336
216,7200,26,0.8563539385795593,0.6394967436790466,0.011295848526060581,0.9500890970230103,822,345
216,7200,27,0.8164075016975403,0.7365502715110779,0.17580737173557281,0.8887258172035217,783,397
216,7200,28,0.8133493661880493,0.7346287369728088,0.056616999208927155,0.95899498462677,780,396
216,7200,29,0.8120161890983582,0.7538072466850281,0.17693500220775604,0.8963229060173035,779,407
216,7200,30,0.80549156665802,0.7477275729179382,0.06104272976517677,0.8633043169975281,773,403
216,7200,31,0.8268518447875977,0.7603200674057007,0.1661582738161087,0.8030461072921753,793,410
216,7200,32,0.8283385038375854,0.7696857452392578,0.03948633372783661,0.8954418301582336,795,415
217,7233,0,0.8491404056549072,0.28552544116973877,0.033306464552879333,0.9980007410049438,815,154
217,7233,1,0.8453250527381897,0.2750934660434723,0.026164410635828972,0.9964330196380615,811,148
217,7233,2,0.8428991436958313,0.27467581629753113,0.02604503557085991,0.9949488043785095,809,148
217,7233,3,0.8402064442634583,0.2743417024612427,0.026054399088025093,0.9961185455322266,806,148
217,7233,4,0.8514125943183899,0.27635490894317627,0.016280001029372215,0.9982725977897644,817,149
217,7233,5,0.8530975580215454,0.27672260999679565,0.01610240712761879,0.9987523555755615,818,149
217,7233,6,0.8546506762504578,0.27702242136001587,0.016047636047005653,0.9992559552192688,820,149
217,7233,7,0.835440993309021,0.27931663393974304,0.0029218841809779406,0.9973880052566528,802,150
217,7233,8,0.8554782271385193,0.28284916281700134,-0.04202220216393471,0.9988446831703186,821,152
217,7233,9,0.8446871638298035,0.296477347612381,0.029637973755598068,0.996580183506012,810,160
217,7233,10,0.8504105806350708,0.2980712354183197,0.015673471614718437,0.9982017874717712,816,160
217,7233,11,0.8152158856391907,0.3491743505001068,0.03373144567012787,0.9998059272766113,782,188
217,7233,12,0.8563851714134216,0.35145294666290283,-0.08389028161764145,0.9999806880950928,822,189
217,7233,13,0.8110774755477905,0.43769770860671997,0.05242128297686577,0.09355203807353973,778,236
217,7233,14,0.8558980822563171,0.4539625942707062,-0.09233367443084717,0.990459144115448,821,245
217,7233,15,0.8212467432022095,0.5098865628242493,0.05156866833567619,0.06200782209634781,788,275
217,7233,16,0.8670068979263306,0.5347221493721008,-0.0714646726846695,0.9701389670372009,832,288
217,7233,17,0.8223155736923218,0.525671660900116,0.05386897176504135,0.06787440180778503,789,283
217,7233,18,0.8683738708496094,0.5588037967681885,-0.08162523806095123,0.9394497871398926,833,301
217,7233,19,0.8270806074142456,0.5252863764762878,0.04322836920619011,0.06463997066020966,793,283
217,7233,20,0.8689168691635132,0.5608296990394592,-0.0832427591085434,0.9327551126480103,834,302
217,7233,21,0.8274510502815247,0.5216478705406189,0.04754813387989998,0.05530236288905144,794,281
217,7233,22,0.8675056099891663,0.5529360175132751,-0.07158661633729935,0.8749722838401794,832,298
217,7233,23,0.8205862641334534,0.5256755352020264,0.04018038138747215,0.9999644756317139,787,283
217,7233,24,0.8446885943412781,0.5262662172317505,-0.0402982197701931,0.9999855160713196,810,284
217,7233,25,0.8293678760528564,0.6245624423027039,0.13820143043994904,0.6664168238639832,796,337
217,7233,26,0.8649885058403015,0.6422842741012573,-0.004921038635075092,0.9496904015541077,830,346
217,7233,27,0.8175134062767029,0.738929808139801,0.17078150808811188,0.8774656653404236,784,399
217,7233,28,0.8160988688468933,0.7266451120376587,0.03200896829366684,0.9561484456062317,783,392
217,7233,29,0.815486490726471,0.7551513314247131,0.17092369496822357,0.8925876617431641,782,407
217,7233,30,0.8051744103431702,0.7394717931747437,0.03539963811635971,0.8607606291770935,772,399
217,7233,31,0.8356385827064514,0.7655366659164429,0.16118183732032776,0.7889916896820068,802,413
217,7233,32,0.8278713226318359,0.769084632396698,0.026709821075201035,0.891661524772644,794,415
218,7266,0,0.8554179668426514,0.2875010669231415,0.018116440623998642,0.9978665113449097,821,155
218,7266,1,0.8521949648857117,0.27689674496650696,0.012871812097728252,0.9962631464004517,818,149
218,7266,2,0.8498504757881165,0.2763826549053192,0.012758713215589523,0.9947421550750732,815,149
218,7266,3,0.8473522067070007,0.2759546935558319,0.012780415825545788,0.9959750175476074,813,149
218,7266,4,0.8578800559043884,0.27777987718582153,0.0014339071931317449,0.9981915354728699,823,150
218,7266,5,0.859462320804596,0.2778405249118805,0.0012392813805490732,0.9986894726753235,825,150
218,7266,6,0.8610491156578064,0.27787503600120544,0.001172775635495782,0.9992159605026245,826,150
218,7266,7,0.8426979780197144,0.2811239957809448,0.00020878823124803603,0.9973288774490356,808,151
218,7266,8,0.8622435927391052,0.283766508102417,-0.05099241062998772,0.9988003373146057,827,153
218,7266,9,0.8514840602874756,0.2976447343826294,0.01879059709608555,0.9964026808738708,817,160
218,7266,10,0.8559763431549072,0.29903385043144226,0.0028458356391638517,0.9980834722518921,821,161
218,7266,11,0.8236943483352661,0.3484939932823181,0.03716536983847618,0.9997889995574951,790,188
218,7266,12,0.8597964644432068,0.350719690322876,-0.0895555168390274,0.9999788999557495,825,189
218,7266,13,0.8185322880744934,0.4400385916233063,0.059986911714076996,0.08777322620153427,785,237
218,7266,14,0.8576868176460266,0.45448872447013855,-0.10025492310523987,0.9904881715774536,823,245
218,7266,15,0.8286498785018921,0.5100029110908508,0.057606037706136703,0.05688302591443062,795,275
218,7266,16,0.8668848276138306,0.5340948700904846,-0.07980688661336899,0.9702258706092834,832,288
218,7266,17,0.8304805755615234,0.5328972935676575,0.06022242084145546,0.06263523548841476,797,287
218,7266,18,0.868090033531189,0.5576762557029724,-0.09067761152982712,0.9391487240791321,833,301
218,7266,19,0.8355773687362671,0.5328046083450317,0.04848605394363403,0.059610515832901,802,287
218,7266,20,0.8687993288040161,0.5598252415657043,-0.09192809462547302,0.9326567649841309,834,302
218,7266,21,0.8364253640174866,0.5272682905197144,0.05304465815424919,0.05100402235984802,802,284
218,7266,22,0.8678033351898193,0.5518563985824585,-0.07974956184625626,0.875451385974884,833,298
218,7266,23,0.823310136795044,0.5269776582717896,0.043794937431812286,0.9999632835388184,790,284
218,7266,24,0.846774697303772,0.5269238948822021,-0.04391510412096977,0.9999851584434509,812,284
218,7266,25,0.828673243522644,0.6312829852104187,0.1264108568429947,0.6636261343955994,795,340
218,7266,26,0.870202898979187,0.643559455871582,-0.020447755232453346,0.9524950385093689,835,347
218,7266,27,0.815933108329773,0.7434046864509583,0.16337375342845917,0.8803958296775818,783,401
218,7266,28,0.8305686712265015,0.7354205846786499,0.017752468585968018,0.9585872888565063,797,397
218,7266,29,0.8122286200523376,0.7595487833023071,0.16444431245326996,0.8943992853164673,779,410
218,7266,30,0.8180479407310486,0.7555463910102844,0.02089407853782177,0.8674653172492981,785,407
218,7266,31,0.8339669108390808,0.7739720344543457,0.15094608068466187,0.7940870523452759,800,417
218,7266,32,0.8513064980506897,0.7865387201309204,0.004261499270796776,0.8971826434135437,817,424
219,7300,0,0.8568592071533203,0.2870100140571594,0.019894897937774658,0.997590959072113,822,154
219,7300,1,0.8530558347702026,0.2764250934123993,0.015942879021167755,0.9959268569946289,818,149
219,7300,2,0.8506819605827332,0.2760056257247925,0.015834711492061615,0.9943166375160217,816,149
219,7300,3,0.8482657670974731,0.2756519317626953,0.015858005732297897,0.9957014918327332,814,148
219,7300,4,0.8588825464248657,0.2772284150123596,0.003367704339325428,0.9979913234710693,824,149
219,7300,5,0.8604081869125366,0.27735644578933716,0.0031792358495295048,0.998524010181427,825,149
219,7300,6,0.8618091344833374,0.27744314074516296,0.003117605112493038,0.9991199970245361,827,149
219,7300,7,0.8436919450759888,0.28069818019866943,0.0053314329124987125,0.9971793293952942,809,151
219,7300,8,0.8618802428245544,0.2837390601634979,-0.04995386675000191,0.9986663460731506,827,153
219,7300,9,0.8527922034263611,0.29759982228279114,0.021483153104782104,0.9961332082748413,818,160
219,7300,10,0.8577300906181335,0.2989731431007385,0.0040225256234407425,0.9978816509246826,823,161
219,7300,11,0.8240636587142944,0.3486531376838684,0.03981717675924301,0.99977046251297,791,188
219,7300,12,0.8614002466201782,0.3493359386920929,-0.08862302452325821,0.9999755024909973,826,188
219,7300,13,0.8203639984130859,0.44014471769332886,0.06078697741031647,0.08246463537216187,787,237
219,7300,14,0.8590746521949768,0.45457491278648376,-0.10016189515590668,0.9896188378334045,824,245
219,7300,15,0.8278148770332336,0.5097766518592834,0.06393055617809296,0.05226185917854309,794,275
219,7300,16,0.8668904900550842,0.534014880657196,-0.07921364903450012,0.9687765836715698,832,288
219,7300,17,0.8302301168441772,0.5343369245529175,0.06672949343919754,0.05786564573645592,797,288
219,7300,18,0.8678999543190002,0.5576660633087158,-0.09077266603708267,0.936052143573761,833,301
219,7300,19,0.8350123167037964,0.5343055725097656,0.054464079439640045,0.055041126906871796,801,288
219,7300,20,0.8685407638549805,0.5603452324867249,-0.09121830761432648,0.9293100833892822,833,302
219,7300,21,0.8361724615097046,0.5285307168960571,0.05915592983365059,0.04710172116756439,802,285
219,7300,22,0.8673150539398193,0.55100017786026,-0.0789199024438858,0.870432436466217,832,297
219,7300,23,0.8244475722312927,0.5260319113731384,0.045000433921813965,0.9999584555625916,791,284
219,7300,24,0.8451557159423828,0.5265881419181824,-0.04511982575058937,0.9999833106994629,811,284
219,7300,25,0.8309478759765625,0.6317678093910217,0.12532947957515717,0.6506623029708862,797,341
219,7300,26,0.858990490436554,0.6454901695251465,-0.019860764965415,0.9517006874084473,824,348
219,7300,27,0.8177100419998169,0.7440500259399414,0.1614973247051239,0.8746708631515503,785,401
219,7300,28,0.8282963037490845,0.7424967885017395,0.02255474589765072,0.9588338136672974,795,400
219,7300,29,0.8106891512870789,0.7628081440925598,0.1624688357114792,0.8876667618751526,778,411
219,7300,30,0.8137401938438416,0.7663139700889587,0.025901177898049355,0.8683058023452759,781,413
219,7300,31,0.8292850255966187,0.7739260792732239,0.14895972609519958,0.7864574193954468,796,417
219,7300,32,0.8512760400772095,0.7923165559768677,0.003803216153755784,0.8961056470870972,817,427
220,7333,0,0.8628474473953247,0.28787970542907715,-0.009451832622289658,0.9969521760940552,828,155
220,7333,1,0.8597985506057739,0.2771438956260681,-0.010392622090876102,0.9946735501289368,825,149
220,7333,2,0.8573434352874756,0.27678370475769043,-0.010505938902497292,0.9925925135612488,823,149
220,7333,3,0.8547279834747314,0.2764880359172821,-0.010451194830238819,0.99425208568573,820,149
220,7333,4,0.8656757473945618,0.2776830792427063,-0.02371734380722046,0.9974786043167114,831,149
220,7333,5,0.8672915697097778,0.2777138948440552,-0.023915130645036697,0.998198926448822,832,149
220,7333,6,0.8688836693763733,0.27773842215538025,-0.023994730785489082,0.9989410638809204,834,149
220,7333,7,0.8500542044639587,0.28206542134284973,-0.00440598139539361,0.9957345128059387,816,152
220,7333,8,0.8700220584869385,0.28443217277526855,-0.06420095264911652,0.9984024167060852,835,153
220,7333,9,0.858773946762085,0.29820647835731506,-0.0023290279787033796,0.995047926902771,824,161
220,7333,10,0.8633830547332764,0.29945239424705505,-0.020714905112981796,0.9975315928459167,828,161
220,7333,11,0.8330020904541016,0.34844574332237244,0.04037296026945114,0.9997029304504395,799,188
220,7333,12,0.865357518196106,0.3483807146549225,-0.10159418731927872,0.9999737739562988,830,188
220,7333,13,0.8272616863250732,0.4405176341533661,0.06723929196596146,0.07578079402446747,794,237
220,7333,14,0.8629743456840515,0.4545612931251526,-0.11723407357931137,0.9887945652008057,828,245
220,7333,15,0.844111979007721,0.5153039693832397,0.06111530214548111,0.04827052354812622,810,278
220,7333,16,0.8690900206565857,0.5346512794494629,-0.10295260697603226,0.9707522392272949,834,288
220,7333,17,0.8468582034111023,0.5349215865135193,0.0628402903676033,0.054420750588178635,812,288
220,7333,18,0.8676410913467407,0.5593252778053284,-0.1182272881269455,0.9401668310165405,832,302
220,7333,19,0.8509881496429443,0.5351247787475586,0.0457962229847908,0.05189073458313942,816,288
220,7333,20,0.8690124154090881,0.562115490436554,-0.11848659813404083,0.9339038133621216,834,303
220,7333,21,0.8508061766624451,0.5296698808670044,0.054091937839984894,0.04449470713734627,816,286
220,7333,22,0.8692722320556641,0.5523925423622131,-0.10278388112783432,0.8786876201629639,834,298
220,7333,23,0.8353539705276489,0.527578592300415,0.04620875045657158,0.9999513626098633,801,284
220,7333,24,0.8455142974853516,0.5283148288726807,-0.04635388404130936,0.999981164932251,811,285
220,7333,25,0.8653646111488342,0.6339799165725708,0.08025287091732025,0.6400560140609741,830,342
220,7333,26,0.8440762162208557,0.6445702910423279,-0.019113685935735703,0.9440156817436218,810,348
220,7333,27,0.8497299551963806,0.7441524267196655,0.1378038078546524,0.8672173023223877,815,401
220,7333,28,0.8212187886238098,0.7483720183372498,0.04793792590498924,0.957143247127533,788,404
220,7333,29,0.8385430574417114,0.7680536508560181,0.140769824385643,0.8712575435638428,805,414
220,7333,30,0.8107345700263977,0.7732253074645996,0.0526345819234848,0.8588699102401733,778,417
220,7333,31,0.8458114266395569,0.7744077444076538,0.110527902841568,0.7809357643127441,811,418
220,7333,32,0.8413652777671814,0.790316641330719,0.010132967494428158,0.892482340335846,807,426
221,7366,0,0.8648391366004944,0.28770068287849426,0.0006134537979960442,0.9970263838768005,830,155
221,7366,1,0.8610345125198364,0.27674734592437744,-0.0014130175113677979,0.9947614073753357,826,149
221,7366,2,0.8584815859794617,0.27632269263267517,-0.0015295668272301555,0.9928103685379028,824,149
221,7366,3,0.8559291362762451,0.2759625017642975,-0.001489792251959443,0.9943935871124268,821,149
221,7366,4,0.8673830628395081,0.2775719463825226,-0.015212610363960266,0.9975194334983826,832,149
221,7366,5,0.8690804243087769,0.2776813805103302,-0.015401932410895824,0.9982467889785767,834,149
221,7366,6,0.8705873489379883,0.27774402499198914,-0.015469413250684738,0.9989575743675232,835,149
221,7366,7,0.8510693907737732,0.28154727816581726,-0.001412193407304585,0.9958636164665222,817,152
221,7366,8,0.8702312707901001,0.2843732237815857,-0.06384129077196121,0.9984413385391235,835,153
221,7366,9,0.8606729507446289,0.29815155267715454,0.00540118757635355,0.9951784014701843,826,161
221,7366,10,0.8658186197280884,0.2994282841682434,-0.013712182641029358,0.9976003170013428,831,161
221,7366,11,0.8330743908882141,0.34853529930114746,0.04205447807908058,0.9997057318687439,799,188
221,7366,12,0.8678219318389893,0.34802353382110596,-0.10420884937047958,0.9999740123748779,833,187
221,7366,13,0.8291172385215759,0.4403565227985382,0.06807506084442139,0.07134364545345306,795,237
221,7366,14,0.8614524602890015,0.4538674056529999,-0.13250000774860382,0.9878033995628357,826,245
221,7366,15,0.841389536857605,0.5119040608406067,0.05696162208914757,0.04624580219388008,807,276
221,7366,16,0.8700371384620667,0.5341469645500183,-0.13663694262504578,0.9726128578186035,835,288
221,7366,17,0.8457280993461609,0.5313251614570618,0.05815820023417473,0.054191652685403824,811,286
221,7366,18,0.8674764037132263,0.5592756867408752,-0.15520048141479492,0.9443804621696472,832,302
221,7366,19,0.8498010039329529,0.530712366104126,0.04225882142782211,0.05188024044036865,815,286
221,7366,20,0.8698022961616516,0.5627074241638184,-0.15340353548526764,0.9385841488838196,835,303
221,7366,21,0.8504351377487183,0.5262882709503174,0.05028707906603813,0.04442587122321129,816,284
221,7366,22,0.871139407157898,0.552337646484375,-0.13618789613246918,0.8870698809623718,836,298
221,7366,23,0.8341030478477478,0.5275670289993286,0.049583010375499725,0.9999469518661499,800,284
221,7366,24,0.8495911955833435,0.5283811688423157,-0.04972488060593605,0.9999798536300659,815,285
221,7366,25,0.854348361492157,0.6376489996910095,0.09386705607175827,0.6201123595237732,820,344
221,7366,26,0.8555241227149963,0.6479594111442566,-0.021098243072628975,0.9387133121490479,821,349
221,7366,27,0.841517448425293,0.747643232345581,0.15142875909805298,0.8609211444854736,807,403
221,7366,28,0.8397061228752136,0.7660953402519226,0.038046255707740784,0.9566271305084229,806,413
221,7366,29,0.8297523856163025,0.7693769335746765,0.15418598055839539,0.8665086030960083,796,415
221,7366,30,0.8301070928573608,0.7867937684059143,0.042523082345724106,0.8600447177886963,796,424
221,7366,31,0.8393730521202087,0.7728017568588257,0.12608665227890015,0.7796099185943604,805,417
221,7366,32,0.8622484803199768,0.7953681945800781,0.005264841951429844,0.891218364238739,827,429
222,7400,0,0.8707129955291748,0.2913260757923126,0.009316500276327133,0.9967668056488037,835,157
222,7400,1,0.8678871989250183,0.28049683570861816,0.00578803475946188,0.9942159056663513,833,151
222,7400,2,0.8653448820114136,0.2799350917339325,0.005679107736796141,0.9918098449707031,830,151
222,7400,3,0.8628531098365784,0.2794995903968811,0.005734110716730356,0.9936196208000183,828,150
222,7400,4,0.8735790252685547,0.281400591135025,-0.006726598832756281,0.9973123669624329,838,151
222,7400,5,0.8752160668373108,0.281463623046875,-0.006919515319168568,0.9980872273445129,840,151
222,7400,6,0.8768094182014465,0.2815338671207428,-0.0069888378493487835,0.998894989490509,841,152
222,7400,7,0.8581392168998718,0.2849884331226349,0.0006202441290952265,0.9947587251663208,823,153
222,7400,8,0.8779081106185913,0.2887330949306488,-0.05651840195059776,0.9982868432998657,842,155
222,7400,9,0.8665441274642944,0.30095231533050537,0.012236783280968666,0.9944749474525452,831,162
222,7400,10,0.8713405132293701,0.3023945093154907,-0.005168576259166002,0.9973773956298828,836,163
222,7400,11,0.8387407064437866,0.3495504856109619,0.042556241154670715,0.9996532797813416,805,188
222,7400,12,0.8750671148300171,0.34891802072525024,-0.09922703355550766,0.9999736547470093,840,188
222,7400,13,0.8265610337257385,0.4417828321456909,0.0783313438296318,0.06531697511672974,793,238
222,7400,14,0.8714297413825989,0.45730358362197876,-0.11725219339132309,0.9873539805412292,836,246
222,7400,15,0.8390851616859436,0.5113963484764099,0.07310860604047775,0.04203546419739723,805,276
222,7400,16,0.8751941919326782,0.5408633351325989,-0.11574430018663406,0.971896767616272,840,292
222,7400,17,0.8411658406257629,0.5325153470039368,0.07515065371990204,0.0494350828230381,807,287
222,7400,18,0.8723546266555786,0.5659257173538208,-0.13098876178264618,0.941828727722168,837,305
222,7400,19,0.8452438712120056,0.531853199005127,0.05836077779531479,0.04731762409210205,811,287
222,7400,20,0.8751794695854187,0.5679163932800293,-0.1407678723335266,0.9359623193740845,840,306
222,7400,21,0.8461468815803528,0.5265116691589355,0.06627337634563446,0.04053383320569992,812,284
222,7400,22,0.8764024972915649,0.5575255751609802,-0.11783836036920547,0.8823378086090088,841,301
222,7400,23,0.8410088419914246,0.5294997692108154,0.048890434205532074,0.9999455213546753,807,285
222,7400,24,0.8538210988044739,0.5307998657226562,-0.04903189837932587,0.999979555606842,819,286
222,7400,25,0.884156346321106,0.6383523941040039,0.08181914687156677,0.6066557168960571,848,344
222,7400,26,0.8381937742233276,0.6478810906410217,0.0035770684480667114,0.9285234212875366,804,349
222,7400,27,0.881300687789917,0.755090057849884,0.13873879611492157,0.8513606786727905,846,407
222,7400,28,0.8254058361053467,0.7603825926780701,0.07241468876600266,0.9512312412261963,792,410
222,7400,29,0.8683539032936096,0.7900735139846802,0.14155563712120056,0.8512935638427734,833,426
222,7400,30,0.8139183521270752,0.7805259227752686,0.07765296846628189,0.8387599587440491,781,421
222,7400,31,0.9000684022903442,0.7831826210021973,0.10846669971942902,0.7650452256202698,864,422
222,7400,32,0.8443000912666321,0.7936230301856995,0.03843054920434952,0.8771384954452515,810,428
223,7433,0,0.8710877895355225,0.2915797531604767,0.02446647733449936,0.99695885181427,836,157
223,7433,1,0.8674952387809753,0.2807071805000305,0.01780868135392666,0.9945749044418335,832,151
223,7433,2,0.8649114370346069,0.28014326095581055,0.01770208403468132,0.9923629760742188,830,151
223,7433,3,0.8623107075691223,0.27968236804008484,0.017740998417139053,0.9940312504768372,827,151
223,7433,4,0.874047577381134,0.281777560710907,0.0052448478527367115,0.9974851012229919,839,152
223,7433,5,0.8759118914604187,0.2819823920726776,0.0050625670701265335,0.9982204437255859,840,152
223,7433,6,0.8776438236236572,0.2822009027004242,0.00500319292768836,0.9989674091339111,842,152
223,7433,7,0.8579479455947876,0.2850053608417511,0.0010541367810219526,0.9951420426368713,823,153
223,7433,8,0.8784603476524353,0.28946545720100403,-0.05348016321659088,0.9984117150306702,843,156
223,7433,9,0.8668588399887085,0.301331102848053,0.023570742458105087,0.9948732256889343,832,162
223,7433,10,0.8724986910820007,0.30304163694381714,0.006105315405875444,0.9975634217262268,837,163
223,7433,11,0.8388667702674866,0.3505445718765259,0.0435178279876709,0.9996702075004578,805,189
223,7433,12,0.8780259490013123,0.3505623936653137,-0.09570770710706711,0.9999749660491943,842,189
223,7433,13,0.8278588652610779,0.4419357478618622,0.07583414018154144,0.06318267434835434,794,238
223,7433,14,0.8722158670425415,0.45751631259918213,-0.11691875755786896,0.9860292673110962,837,247
223,7433,15,0.8407232165336609,0.5106651186943054,0.06199466064572334,0.04059373959898949,807,275
223,7433,16,0.876334011554718,0.5403547883033752,-0.11493777483701706,0.9734336137771606,841,291
223,7433,17,0.8417242765426636,0.5320550203323364,0.06304741650819778,0.05002950131893158,808,287
223,7433,18,0.8737242221832275,0.5647866129875183,-0.13023938238620758,0.9456907510757446,838,304
223,7433,19,0.8451060056686401,0.53170245885849,0.04902319610118866,0.048039283603429794,811,287
223,7433,20,0.8761924505233765,0.5667734742164612,-0.13199226558208466,0.9401597380638123,841,306
223,7433,21,0.8460727334022522,0.5261743664741516,0.05615860968828201,0.04094976559281349,812,284
223,7433,22,0.8774453997612,0.5571989417076111,-0.11530459672212601,0.8899548649787903,842,300
223,7433,23,0.8380858898162842,0.5296120047569275,0.0485183447599411,0.9999477863311768,804,285
223,7433,24,0.8614940047264099,0.5309115648269653,-0.048661574721336365,0.9999805688858032,827,286
223,7433,25,0.8530412316322327,0.6398410201072693,0.11552856117486954,0.609698474407196,818,345
223,7433,26,0.884138286113739,0.6466342210769653,0.005226088687777519,0.9291588664054871,848,349
223,7433,27,0.8336420655250549,0.755800187587738,0.17133410274982452,0.8576699495315552,800,408
223,7433,28,0.8814390301704407,0.763095498085022,0.06200968101620674,0.9537284970283508,846,412
223,7433,29,0.8199018239974976,0.7874690294265747,0.1741206794977188,0.8590220212936401,787,425
223,7433,30,0.8699004650115967,0.7874070405960083,0.06612836569547653,0.8497864603996277,835,425
223,7433,31,0.8539098501205444,0.7822954058647156,0.15005303919315338,0.7716907858848572,819,422
223,7433,32,0.9103017449378967,0.7935791611671448,0.032734934240579605,0.8790417313575745,873,428
224,7466,0,0.8782348036766052,0.2948932349681854,0.02478436753153801,0.9966992139816284,843,159
224,7466,1,0.8753794431686401,0.2841898798942566,0.01793537475168705,0.9943019151687622,840,153
224,7466,2,0.8729382753372192,0.2835836410522461,0.017822297289967537,0.9921267628669739,838,153
224,7466,3,0.8703472018241882,0.2831198573112488,0.017861854285001755,0.9938409924507141,835,152
224,7466,4,0.8811792731285095,0.28534451127052307,0.005793715361505747,0.9973161816596985,845,154
224,7466,5,0.8828927278518677,0.2855169177055359,0.005614739842712879,0.9981189966201782,847,154
224,7466,6,0.8847166895866394,0.28576934337615967,0.005545340478420258,0.9989003539085388,849,154
224,7466,7,0.8655852675437927,0.2884809076786041,0.002255088882520795,0.9951005578041077,830,155
224,7466,8,0.8858421444892883,0.2931041717529297,-0.053009338676929474,0.9983574151992798,850,158
224,7466,9,0.873795747756958,0.3039708733558655,0.02371945045888424,0.9947038292884827,838,164
224,7466,10,0.8789255619049072,0.3057563900947571,0.006783269811421633,0.9974086284637451,843,165
224,7466,11,0.8452723622322083,0.35280489921569824,0.04119960591197014,0.9996463060379028,811,190
224,7466,12,0.8836454153060913,0.35279908776283264,-0.08989495784044266,0.9999696016311646,848,190
224,7466,13,0.8335903286933899,0.4449145793914795,0.06408312916755676,0.06136563792824745,800,240
224,7466,14,0.8784454464912415,0.46073636412620544,-0.10630892217159271,0.9831588268280029,843,248
224,7466,15,0.8433030247688293,0.5130794644355774,0.048067934811115265,0.03814210742712021,809,277
224,7466,16,0.8797686100006104,0.5412382483482361,-0.09510057419538498,0.970096230506897,844,292
224,7466,17,0.8440201282501221,0.5412557125091553,0.049058929085731506,0.04779726266860962,810,292
224,7466,18,0.8768784999847412,0.565212607383728,-0.10595910251140594,0.9414169788360596,841,305
224,7466,19,0.8471122980117798,0.5398685932159424,0.03654486685991287,0.04587385803461075,813,291
224,7466,20,0.8798940181732178,0.5675961375236511,-0.10755185782909393,0.9351274371147156,844,306
224,7466,21,0.8484041094779968,0.533545970916748,0.042982202023267746,0.039013661444187164,814,288
224,7466,22,0.8811155557632446,0.5581135749816895,-0.09518171846866608,0.8832823634147644,845,301
224,7466,23,0.8430067300796509,0.5307473540306091,0.04592658206820488,0.9999454617500305,809,286
224,7466,24,0.8677960634231567,0.5312914848327637,-0.04606187343597412,0.9999792575836182,833,286
224,7466,25,0.8412966132164001,0.6465677618980408,0.10047154873609543,0.625424861907959,807,349
224,7466,26,0.897375226020813,0.6445408463478088,0.004567375406622887,0.9306089878082275,861,348
224,7466,27,0.8208338022232056,0.7594617605209351,0.13269338011741638,0.8680611848831177,788,410
224,7466,28,0.9051952362060547,0.7655429840087891,0.05827314406633377,0.9563372731208801,868,413
224,7466,29,0.8104792833328247,0.786756694316864,0.13283294439315796,0.86778324842453,778,424
224,7466,30,0.8992836475372314,0.7886882424354553,0.06211184337735176,0.8603091239929199,863,425
224,7466,31,0.8379946947097778,0.7832160592079163,0.0982002317905426,0.7843342423439026,804,422
224,7466,32,0.9350825548171997,0.786994993686676,0.03127046674489975,0.881281316280365,897,424
225,7500,0,0.8792784810066223,0.2951827347278595,0.0353081189095974,0.9967784285545349,844,159
225,7500,1,0.8761016130447388,0.2841448187828064,0.029220473021268845,0.994469404220581,841,153
225,7500,2,0.8736574053764343,0.2835483253002167,0.029126400128006935,0.9924263954162598,838,153
225,7500,3,0.8711541295051575,0.2831031084060669,0.029159920290112495,0.9940531253814697,836,152
225,7500,4,0.8819569945335388,0.2854480743408203,0.0170888788998127,0.9974022507667542,846,154
225,7500,5,0.8835797905921936,0.28573673963546753,0.016917122527956963,0.9981940388679504,848,154
225,7500,6,0.8853662014007568,0.2861655652523041,0.016854766756296158,0.9989405870437622,849,154
225,7500,7,0.8658451437950134,0.28831946849823,0.010428152047097683,0.9953417778015137,831,155
225,7500,8,0.8858795166015625,0.2935436964035034,-0.04465022310614586,0.9984461665153503,850,158
225,7500,9,0.8744730353355408,0.30442723631858826,0.03370334953069687,0.994953453540802,839,164
225,7500,10,0.8800033330917358,0.30659061670303345,0.01687905192375183,0.9975278973579407,844,165
225,7500,11,0.844638466835022,0.35600748658180237,0.04599679261445999,0.9996507167816162,810,192
225,7500,12,0.884975016117096,0.354763925075531,-0.08671615272760391,0.999969482421875,849,191
225,7500,13,0.8357723355293274,0.44700106978416443,0.06823141127824783,0.060133710503578186,802,241
225,7500,14,0.8777199387550354,0.46046730875968933,-0.10588552057743073,0.9811406135559082,842,248
225,7500,15,0.8467811346054077,0.5133029222488403,0.054488737136125565,0.0375673733651638,812,277
225,7500,16,0.8802264928817749,0.5408396124839783,-0.09339077025651932,0.9712502956390381,845,292
225,7500,17,0.8466969728469849,0.5405786633491516,0.05587213486433029,0.04943518713116646,812,291
225,7500,18,0.8773790001869202,0.5646144151687622,-0.10539431124925613,0.944440484046936,842,304
225,7500,19,0.8495398163795471,0.5388657450675964,0.04282806068658829,0.04757669195532799,815,290
225,7500,20,0.8806923627853394,0.5671270489692688,-0.10623501986265182,0.9383519887924194,845,306
225,7500,21,0.8506141901016235,0.532927393913269,0.04922844097018242,0.04026111215353012,816,287
225,7500,22,0.8817535638809204,0.5578141808509827,-0.09326586127281189,0.8893646001815796,846,301
225,7500,23,0.8449442982673645,0.5311501622200012,0.04561660811305046,0.9999445676803589,811,286
225,7500,24,0.8673926591873169,0.5312698483467102,-0.04574982821941376,0.9999787211418152,832,286
225,7500,25,0.8478871583938599,0.6545436978340149,0.09162235260009766,0.6297624111175537,813,353
225,7500,26,0.8838110566139221,0.6512300968170166,0.0029356549493968487,0.9249725341796875,848,351
225,7500,27,0.8180453777313232,0.7598111033439636,0.13136205077171326,0.8725810050964355,785,410
225,7500,28,0.9029985666275024,0.7667272686958313,0.07111454010009766,0.954987645149231,866,414
225,7500,29,0.8071755170822144,0.7860483527183533,0.13250316679477692,0.8712239265441895,774,424
225,7500,30,0.8993358612060547,0.7894024848937988,0.07685423642396927,0.8651978969573975,863,426
225,7500,31,0.8380715250968933,0.7849442958831787,0.10129211843013763,0.7869766354560852,804,423
225,7500,32,0.919890284538269,0.7853023409843445,0.045072123408317566,0.8711434006690979,883,424
226,7533,0,0.8859350681304932,0.29543524980545044,0.045648593455553055,0.9970582723617554,850,159
226,7533,1,0.8829250931739807,0.28472375869750977,0.039607204496860504,0.9949299097061157,847,153
226,7533,2,0.8805490732192993,0.2842424511909485,0.03951758146286011,0.9930333495140076,845,153
226,7533,3,0.8780051469802856,0.28388088941574097,0.03957780450582504,0.9945286512374878,842,153
226,7533,4,0.8885370492935181,0.28577443957328796,0.02790040522813797,0.9976215362548828,852,154
226,7533,5,0.8901687860488892,0.2859940528869629,0.027738748118281364,0.9983429908752441,854,154
226,7533,6,0.8919210433959961,0.286325603723526,0.02769480273127556,0.9990302324295044,856,154
226,7533,7,0.8733673691749573,0.2889496982097626,0.019281672313809395,0.9956934452056885,838,156
226,7533,8,0.8936706185340881,0.29338809847831726,-0.033899106085300446,0.998573899269104,857,158
226,7533,9,0.8819199800491333,0.304692804813385,0.043079160153865814,0.9953876733779907,846,164
226,7533,10,0.886748731136322,0.30660027265548706,0.02673410438001156,0.9977426528930664,851,165
226,7533,11,0.8560616970062256,0.3557451665401459,0.04808589443564415,0.9996755123138428,821,192
226,7533,12,0.8906328678131104,0.35673388838768005,-0.08327814936637878,0.9999720454216003,855,192
226,7533,13,0.8429546356201172,0.44602519273757935,0.07035937905311584,0.061366967856884,809,240
226,7533,14,0.8842270970344543,0.4609120190143585,-0.09034720063209534,0.9827653765678406,848,248
226,7533,15,0.8482092618942261,0.5117316842079163,0.056059829890728,0.037433575838804245,814,276
226,7533,16,0.8840860724449158,0.5412034392356873,-0.06431504338979721,0.9732351899147034,848,292
226,7533,17,0.8479049205780029,0.5360235571861267,0.058601368218660355,0.048580970615148544,813,289
226,7533,18,0.8806266188621521,0.5648506283760071,-0.07666977494955063,0.9471732378005981,845,305
226,7533,19,0.8521881103515625,0.5363463759422302,0.04549054801464081,0.04658523574471474,818,289
226,7533,20,0.8835732936859131,0.5680223107337952,-0.07861688733100891,0.9413822889328003,848,306
226,7533,21,0.8528096079826355,0.5322818756103516,0.05084751546382904,0.03914494439959526,818,287
226,7533,22,0.8847113847732544,0.5586246848106384,-0.06488065421581268,0.8938316106796265,849,301
226,7533,23,0.8540241122245789,0.5310748815536499,0.04646352306008339,0.9999474883079529,819,286
226,7533,24,0.8656383156776428,0.5312333106994629,-0.04657105356454849,0.9999800324440002,831,286
226,7533,25,0.897899329662323,0.6543557047843933,0.09411866217851639,0.6371789574623108,861,353
226,7533,26,0.8439866304397583,0.6508476138114929,0.004941116087138653,0.9306206107139587,810,351
226,7533,27,0.9192777872085571,0.7592020630836487,0.15646423399448395,0.8750796914100647,882,409
226,7533,28,0.8281774520874023,0.7648941874504089,0.07251081615686417,0.9572920799255371,795,413
226,7533,29,0.917171835899353,0.7854268550872803,0.1597149521112442,0.8704046607017517,880,424
226,7533,30,0.8172346949577332,0.786368727684021,0.0775042325258255,0.8630532026290894,784,424
226,7533,31,0.9486943483352661,0.7752293944358826,0.12345186620950699,0.7910721302032471,910,418
226,7533,32,0.8565742373466492,0.7853084206581116,0.03906872123479843,0.8763548135757446,822,424
227,7566,0,0.8892754912376404,0.2953013777732849,0.05339723080396652,0.9972100257873535,853,159
227,7566,1,0.885830819606781,0.2845919132232666,0.04881313070654869,0.9950994253158569,850,153
227,7566,2,0.8834480047225952,0.28411200642585754,0.04872766509652138,0.9931895136833191,848,153
227,7566,3,0.8810235261917114,0.2837492525577545,0.048780206590890884,0.9946524500846863,845,153
227,7566,4,0.8914284110069275,0.2856455445289612,0.036078598350286484,0.9977131485939026,855,154
227,7566,5,0.8928971886634827,0.28586605191230774,0.03591524809598923,0.9983941316604614,857,154
227,7566,6,0.8942431807518005,0.2861833870410919,0.035868991166353226,0.9990708231925964,858,154
227,7566,7,0.8759449124336243,0.2888541519641876,0.03276137262582779,0.9957354068756104,840,155
227,7566,8,0.894604504108429,0.29320546984672546,-0.025137007236480713,0.9986286163330078,858,158
227,7566,9,0.8848924040794373,0.30468565225601196,0.05214803293347359,0.9955991506576538,849,164
227,7566,10,0.8899698853492737,0.30651387572288513,0.03441920503973961,0.99786776304245,854,165
227,7566,11,0.8581345081329346,0.35556143522262573,0.061025332659482956,0.9996898174285889,823,192
227,7566,12,0.8919409513473511,0.35675016045570374,-0.07627920061349869,0.9999741315841675,856,192
227,7566,13,0.8456764817237854,0.443378210067749,0.087483711540699,0.058452531695365906,811,239
227,7566,14,0.8840863108634949,0.46066415309906006,-0.08593524992465973,0.983924925327301,848,248
227,7566,15,0.8516272902488708,0.511626660823822,0.07609079778194427,0.035430774092674255,817,276
227,7566,16,0.8843618631362915,0.5409948825836182,-0.06307996064424515,0.9746665954589844,848,292
227,7566,17,0.851577877998352,0.5336079597473145,0.07795196026563644,0.04584163799881935,817,288
227,7566,18,0.881278395652771,0.5648101568222046,-0.07575823366641998,0.9488869905471802,846,304
227,7566,19,0.8564502596855164,0.5345748066902161,0.06385085731744766,0.04388575628399849,822,288
227,7566,20,0.8844082951545715,0.5675232410430908,-0.07591795176267624,0.9432286620140076,849,306
227,7566,21,0.8574491739273071,0.53156977891922,0.0703325942158699,0.03684910386800766,823,287
227,7566,22,0.8849359154701233,0.5581741333007812,-0.06284642219543457,0.8960243463516235,849,301
227,7566,23,0.8543999195098877,0.5307092070579529,0.046415265649557114,0.9999484419822693,820,286
227,7566,24,0.8685113191604614,0.5310620069503784,-0.04652506113052368,0.9999807476997375,833,286
227,7566,25,0.9009959697723389,0.6525782942771912,0.09135013073682785,0.627318263053894,864,352
227,7566,26,0.8384706974029541,0.6505573391914368,0.006316390819847584,0.9300861358642578,804,351
227,7566,27,0.9242552518844604,0.7588810920715332,0.15476618707180023,0.8674905896186829,887,409
227,7566,28,0.8183063268661499,0.7634391784667969,0.07244901359081268,0.954754114151001,785,412
227,7566,29,0.92119300365448,0.7851414680480957,0.15718421339988708,0.8586397171020508,884,423
227,7566,30,0.8068196773529053,0.7850893139839172,0.07747680693864822,0.8449726104736328,774,423
227,7566,31,0.9495125412940979,0.7716081142425537,0.12346359342336655,0.78298020362854,911,416
227,7566,32,0.846042811870575,0.7849944233894348,0.04123936966061592,0.8705854415893555,812,423
228,7600,0,0.8942297697067261,0.2970566153526306,0.0537400059401989,0.9972678422927856,858,160
228,7600,1,0.8910487294197083,0.286529541015625,0.046832166612148285,0.9953108429908752,855,154
228,7600,2,0.8886904120445251,0.2860516607761383,0.04674144461750984,0.9934899806976318,853,154
228,7600,3,0.8860117793083191,0.28572705388069153,0.04677479341626167,0.9949269890785217,850,154
228,7600,4,0.8965240120887756,0.287778377532959,0.03545653820037842,0.9978029727935791,860,155
228,7600,5,0.8980875611305237,0.288100928068161,0.035275500267744064,0.9984513521194458,862,155
228,7600,6,0.8996617197990417,0.28855592012405396,0.03521551936864853,0.9991065859794617,863,155
228,7600,7,0.8809377551078796,0.29138514399528503,0.026031307876110077,0.9959766864776611,845,157
228,7600,8,0.9006930589675903,0.29575231671333313,-0.027593305334448814,0.9986788034439087,864,159
228,7600,9,0.889792263507843,0.3067374527454376,0.05054039880633354,0.9957921504974365,854,165
228,7600,10,0.8946994543075562,0.3082452118396759,0.03464389219880104,0.9979240894317627,858,166
228,7600,11,0.8603575825691223,0.3561031222343445,0.05848471447825432,0.9996883869171143,825,192
228,7600,12,0.8997339010238647,0.3603535294532776,-0.07346322387456894,0.9999712109565735,863,194
228,7600,13,0.8474607467651367,0.44347670674324036,0.08379694819450378,0.05788716301321983,813,239
228,7600,14,0.8907589316368103,0.46127182245254517,-0.08324504643678665,0.9776583313941956,855,249
228,7600,15,0.8531124591827393,0.5073053240776062,0.07752856612205505,0.03304241597652435,818,273
228,7600,16,0.8907584547996521,0.5409185886383057,-0.05714839696884155,0.9593575596809387,855,292
228,7600,17,0.8524637818336487,0.5324479937553406,0.08024611324071884,0.042950090020895004,818,287
228,7600,18,0.889301061630249,0.564598023891449,-0.06619133800268173,0.926819384098053,853,304
228,7600,19,0.85625159740448,0.5317643284797668,0.0685410276055336,0.04106894135475159,822,287
228,7600,20,0.8907060027122498,0.5673125386238098,-0.06744328886270523,0.9182378649711609,855,306
228,7600,21,0.8580389618873596,0.5266814827919006,0.07288560271263123,0.034483760595321655,823,284
228,7600,22,0.8904860615730286,0.5578553676605225,-0.05675571784377098,0.8632319569587708,854,301
228,7600,23,0.8574910759925842,0.5327312350273132,0.044702429324388504,0.9999518990516663,823,287
228,7600,24,0.8826931715011597,0.5322777032852173,-0.04483620077371597,0.9999818801879883,847,287
228,7600,25,0.8512508273124695,0.6523479223251343,0.10350492596626282,0.6478074193000793,817,352
228,7600,26,0.907112717628479,0.6504495143890381,0.016842223703861237,0.9322863221168518,870,351
228,7600,27,0.8289297819137573,0.7585009932518005,0.1498158872127533,0.8769922852516174,795,409
228,7600,28,0.9305192232131958,0.7635865807533264,0.06872248649597168,0.9572871923446655,893,412
228,7600,29,0.8175209760665894,0.7844710350036621,0.15100862085819244,0.8689310550689697,784,423
228,7600,30,0.9283990859985352,0.7877896428108215,0.0731067955493927,0.8575592637062073,891,425
228,7600,31,0.8496420383453369,0.7780601382255554,0.12328855693340302,0.791202187538147,815,420
228,7600,32,0.9624255299568176,0.7708331346511841,0.04408330097794533,0.8715202808380127,923,416
229,7633,0,0.8945968747138977,0.2966367304325104,0.05105257406830788,0.9971426129341125,858,160
229,7633,1,0.8912152051925659,0.2864004373550415,0.045307062566280365,0.9951747059822083,855,154
229,7633,2,0.88898104429245,0.28600120544433594,0.04521990939974785,0.9933740496635437,853,154
229,7633,3,0.8862398266792297,0.28565600514411926,0.045285094529390335,0.9949145317077637,850,154
229,7633,4,0.8969210982322693,0.2876259982585907,0.033941686153411865,0.99771648645401,861,155
229,7633,5,0.898499608039856,0.2880224883556366,0.03375446796417236,0.9983934164047241,862,155
229,7633,6,0.9001369476318359,0.2884654402732849,0.03369441255927086,0.9990772008895874,864,155
229,7633,7,0.8813853859901428,0.2913329601287842,0.022938251495361328,0.9960145354270935,846,157
229,7633,8,0.9006468653678894,0.2956293523311615,-0.029586365446448326,0.9986382126808167,864,159
229,7633,9,0.890219509601593,0.30662328004837036,0.0488666333258152,0.9958533048629761,854,165
229,7633,10,0.8956595063209534,0.30812668800354004,0.03271493688225746,0.9979014992713928,859,166
229,7633,11,0.8648072481155396,0.3559526801109314,0.05628405138850212,0.9996898770332336,830,192
229,7633,12,0.9020557403564453,0.3608442544937134,-0.07532045990228653,0.9999701976776123,865,194
229,7633,13,0.8550781011581421,0.4452665150165558,0.0811663344502449,0.05468219146132469,820,240
229,7633,14,0.8897895812988281,0.4611264765262604,-0.0860670655965805,0.9726542830467224,854,249
229,7633,15,0.859521746635437,0.515223503112793,0.06079638749361038,0.030899222940206528,825,278
229,7633,16,0.8922030925750732,0.5406690239906311,-0.06072722375392914,0.9575870633125305,856,291
229,7633,17,0.859788715839386,0.5389010310173035,0.060791466385126114,0.040756020694971085,825,291
229,7633,18,0.8896690011024475,0.5651265978813171,-0.06893447786569595,0.9251921772956848,854,305
229,7633,19,0.8618385195732117,0.5391930937767029,0.048476893454790115,0.0389636866748333,827,291
229,7633,20,0.8917061686515808,0.5678818225860596,-0.07483242452144623,0.916073739528656,856,306
229,7633,21,0.864536464214325,0.5350610017776489,0.055561795830726624,0.03264918178319931,829,288
229,7633,22,0.8923823833465576,0.5586854815483093,-0.061485372483730316,0.8597438335418701,856,301
229,7633,23,0.8600921034812927,0.5326041579246521,0.04450037330389023,0.9999538660049438,825,287
229,7633,24,0.8864621520042419,0.5304533243179321,-0.04464370757341385,0.9999824166297913,851,286
229,7633,25,0.8459253311157227,0.6516156792640686,0.10096468031406403,0.6414311528205872,812,351
229,7633,26,0.9123365879058838,0.6502765417098999,0.015506920404732227,0.9230497479438782,875,351
229,7633,27,0.8177014589309692,0.7582651376724243,0.1356128752231598,0.8794273138046265,784,409
229,7633,28,0.9353036880493164,0.7631062865257263,0.07084507495164871,0.955802857875824,897,412
229,7633,29,0.808050811290741,0.7827062010765076,0.1362454891204834,0.8730791211128235,775,422
229,7633,30,0.933563232421875,0.7882440686225891,0.07514909654855728,0.8642730712890625,896,425
229,7633,31,0.8373486995697021,0.7819622755050659,0.11171089857816696,0.7897364497184753,803,422
229,7633,32,0.9653228521347046,0.7650282979011536,0.0487082339823246,0.8611212372779846,926,413
230,7666,0,0.9025633335113525,0.29893726110458374,0.05848138779401779,0.997172474861145,866,161
230,7666,1,0.8997601270675659,0.2884441018104553,0.052211862057447433,0.9952171444892883,863,155
230,7666,2,0.8975241780281067,0.28771260380744934,0.052140846848487854,0.9933850169181824,861,155
230,7666,3,0.8950241804122925,0.2873084843158722,0.05218129977583885,0.9949742555618286,859,155
230,7666,4,0.9052352905273438,0.28975456953048706,0.040671370923519135,0.9977391362190247,869,156
230,7666,5,0.9068042039871216,0.29008522629737854,0.0404994823038578,0.9983842372894287,870,156
230,7666,6,0.9085597395896912,0.29053956270217896,0.040445372462272644,0.9990776181221008,872,156
230,7666,7,0.8899156451225281,0.2931174635887146,0.029316004365682602,0.9960575699806213,854,158
230,7666,8,0.9096869230270386,0.2977507710456848,-0.023025283589959145,0.998633623123169,873,160
230,7666,9,0.8980293869972229,0.3081643581390381,0.05532747879624367,0.9959094524383545,862,166
230,7666,10,0.9029006361961365,0.3096005618572235,0.039187390357255936,0.9979061484336853,866,167
230,7666,11,0.869749903678894,0.35803547501564026,0.05726875737309456,0.9996867775917053,834,193
230,7666,12,0.9093779921531677,0.3617699444293976,-0.07314468920230865,0.9999675154685974,873,195
230,7666,13,0.8574215769767761,0.44657525420188904,0.08033682405948639,0.05371665582060814,823,241
230,7666,14,0.8985103368759155,0.46162936091423035,-0.08468534797430038,0.9692175984382629,862,249
230,7666,15,0.8649023771286011,0.514607310295105,0.06382960081100464,0.029091758653521538,830,277
230,7666,16,0.8977509140968323,0.5408049821853638,-0.05477096512913704,0.9436904788017273,861,292
230,7666,17,0.8661705851554871,0.5383260250091553,0.0647536888718605,0.038488686084747314,831,290
230,7666,18,0.8955990076065063,0.5648897886276245,-0.06412462145090103,0.9008193016052246,859,305
230,7666,19,0.8696420192718506,0.5380997657775879,0.053032465279102325,0.036707621067762375,834,290
230,7666,20,0.8970797061920166,0.567537784576416,-0.06574615836143494,0.889286458492279,861,306
230,7666,21,0.8714115023612976,0.5342169404029846,0.05884949862957001,0.03081551566720009,836,288
230,7666,22,0.8977813720703125,0.5585572123527527,-0.05472836643457413,0.8264737129211426,861,301
230,7666,23,0.8671643137931824,0.5339306592941284,0.04580181464552879,0.9999531507492065,832,288
230,7666,24,0.8892252445220947,0.5320799946784973,-0.045933112502098083,0.9999817609786987,853,287
230,7666,25,0.8749725818634033,0.6539210677146912,0.10067146271467209,0.6567242741584778,839,353
230,7666,26,0.8945523500442505,0.6505669951438904,-0.0015671545406803489,0.92555171251297,858,351
230,7666,27,0.8565921187400818,0.7699599266052246,0.13174419105052948,0.8868170380592346,822,415
230,7666,28,0.8984903693199158,0.7664551734924316,0.053843479603528976,0.9563667178153992,862,413
230,7666,29,0.8511985540390015,0.793490469455719,0.13189896941184998,0.8773823380470276,817,428
230,7666,30,0.8951681852340698,0.7880200147628784,0.058134134858846664,0.8625822067260742,859,425
230,7666,31,0.8621636033058167,0.7822477221488953,0.09926292300224304,0.7975031137466431,827,422
230,7666,32,0.9290209412574768,0.7830647230148315,0.024930737912654877,0.8599927425384521,891,422
231,7700,0,0.9026481509208679,0.29986122250556946,0.054029617458581924,0.9968274235725403,866,161
231,7700,1,0.8996558785438538,0.2891101837158203,0.047295473515987396,0.9948062300682068,863,156
231,7700,2,0.8971917629241943,0.2884005904197693,0.047211356461048126,0.9928463697433472,861,155
231,7700,3,0.8946788311004639,0.28808021545410156,0.047245144844055176,0.9947049617767334,858,155
231,7700,4,0.9056798219680786,0.290327250957489,0.03570353984832764,0.9975287318229675,869,156
231,7700,5,0.9074481725692749,0.29067516326904297,0.03552738577127457,0.9982185363769531,871,156
231,7700,6,0.9091530442237854,0.29110977053642273,0.03546958044171333,0.998995304107666,872,157
231,7700,7,0.8902589678764343,0.2942717373371124,0.028947599232196808,0.9958412051200867,854,158
231,7700,8,0.9106572866439819,0.2983521521091461,-0.02458443120121956,0.9984726309776306,874,161
231,7700,9,0.898462176322937,0.3094009757041931,0.05104192718863487,0.9956931471824646,862,167
231,7700,10,0.9039450287818909,0.31082582473754883,0.03488900512456894,0.9977192282676697,867,167
231,7700,11,0.8722625374794006,0.35892176628112793,0.05647715553641319,0.9996706247329712,837,193
231,7700,12,0.9117317795753479,0.36381784081459045,-0.07413308322429657,0.9999634623527527,875,196
231,7700,13,0.8601109981536865,0.4482370913028717,0.07160403579473495,0.05096368119120598,825,242
231,7700,14,0.8989483714103699,0.46152612566947937,-0.08877716213464737,0.9581829309463501,862,249
231,7700,15,0.8676936030387878,0.518345057964325,0.0485178641974926,0.026839416474103928,832,279
231,7700,16,0.8988479971885681,0.5405343770980835,-0.06733410060405731,0.923908531665802,862,291
231,7700,17,0.8670608401298523,0.5379846692085266,0.04803156852722168,0.03572476655244827,832,290
231,7700,18,0.8975592851638794,0.5648580193519592,-0.07696904242038727,0.8747726678848267,861,305
231,7700,19,0.8705517649650574,0.5375192761421204,0.03650914505124092,0.034046731889247894,835,290
231,7700,20,0.8992732167243958,0.5674310326576233,-0.07999993115663528,0.8604205250740051,863,306
231,7700,21,0.8723961114883423,0.533801794052124,0.04341091588139534,0.028577731922268867,837,288
231,7700,22,0.8998797535896301,0.5583949685096741,-0.06760754436254501,0.7901247143745422,863,301
231,7700,23,0.8679893612861633,0.535830020904541,0.04554246738553047,0.9999558925628662,833,289
231,7700,24,0.8951478600502014,0.5336177349090576,-0.04568124935030937,0.9999827146530151,859,288
231,7700,25,0.8603687286376953,0.653025209903717,0.10643204301595688,0.6572484374046326,825,352
231,7700,26,0.9188153743743896,0.6504685282707214,0.00877160020172596,0.9203218221664429,882,351
231,7700,27,0.8242869973182678,0.764736533164978,0.14257456362247467,0.8893402814865112,791,412
231,7700,28,0.9362378716468811,0.7660649418830872,0.05510099604725838,0.9560638666152954,898,413
231,7700,29,0.8134675621986389,0.7828308343887329,0.14357422292232513,0.8816962242126465,780,422
231,7700,30,0.9341455101966858,0.7904655933380127,0.05825499817728996,0.8693646192550659,896,426
231,7700,31,0.8392480611801147,0.7827472686767578,0.12202240526676178,0.7922487854957581,805,422
231,7700,32,0.9663007259368896,0.7751589417457581,0.030607493594288826,0.8510187268257141,927,418
232,7733,0,0.9082843661308289,0.30160200595855713,0.06805752217769623,0.9969102740287781,871,162
232,7733,1,0.9053447246551514,0.29120832681655884,0.06012294813990593,0.9947572946548462,869,157
232,7733,2,0.9028183817863464,0.2905445098876953,0.06004660576581955,0.9927961826324463,866,156
232,7733,3,0.9004790186882019,0.2901118993759155,0.06008072569966316,0.9945982098579407,864,156
232,7733,4,0.9112032651901245,0.29231369495391846,0.0515468493103981,0.9974740743637085,874,157
232,7733,5,0.9130285978317261,0.2925618886947632,0.05137910321354866,0.9981708526611328,876,157
232,7733,6,0.9148765802383423,0.29283207654953003,0.051318347454071045,0.9989514350891113,878,158
232,7733,7,0.8967099785804749,0.29641443490982056,0.03246301785111427,0.9958161115646362,860,160
232,7733,8,0.9170714020729065,0.2999986708164215,-0.007287240121513605,0.9984357953071594,880,161
232,7733,9,0.9051482081413269,0.311116099357605,0.06226048618555069,0.995709240436554,868,168
232,7733,10,0.9097497463226318,0.31228163838386536,0.049984160810709,0.9977033734321594,873,168
232,7733,11,0.8791747689247131,0.35990723967552185,0.055616285651922226,0.999687671661377,844,194
232,7733,12,0.9199026226997375,0.36672306060791016,-0.05657937005162239,0.9999635219573975,883,198
232,7733,13,0.8671538233757019,0.4496694803237915,0.058747269213199615,0.06214647367596626,832,242
232,7733,14,0.9048328995704651,0.4626274108886719,-0.07676610350608826,0.9592140316963196,868,249
232,7733,15,0.8746305108070374,0.5197974443435669,0.03395753353834152,0.032134804874658585,839,280
232,7733,16,0.9043177366256714,0.5406908392906189,-0.06423581391572952,0.9177125096321106,868,291
232,7733,17,0.8754553198814392,0.5419403910636902,0.03168623149394989,0.04080301895737648,840,292
232,7733,18,0.9028162360191345,0.5646787881851196,-0.07453735917806625,0.8604239225387573,866,304
232,7733,19,0.8808308243751526,0.5439015030860901,0.020465446636080742,0.03858305141329765,845,293
232,7733,20,0.9045313596725464,0.5672595500946045,-0.07591963559389114,0.8450896143913269,868,306
232,7733,21,0.8818871974945068,0.5415489673614502,0.028989993035793304,0.031874701380729675,846,292
232,7733,22,0.9036558270454407,0.5582250356674194,-0.06458200514316559,0.7694355249404907,867,301
232,7733,23,0.8770550489425659,0.5364781618118286,0.04252171143889427,0.9999565482139587,841,289
232,7733,24,0.899925172328949,0.5340814590454102,-0.04264337569475174,0.999982476234436,863,288
232,7733,25,0.8962486386299133,0.6570613980293274,0.08889225125312805,0.6720409393310547,860,354
232,7733,26,0.9035888910293579,0.6529498100280762,0.00030931204673834145,0.9253047108650208,867,352
232,7733,27,0.9060595631599426,0.7759848833084106,0.12545348703861237,0.8954582214355469,869,419
232,7733,28,0.8652334213256836,0.767214298248291,0.04107016324996948,0.9576883912086487,830,414
232,7733,29,0.9048827290534973,0.7974836230278015,0.1260126382112503,0.8851863145828247,868,430
232,7733,30,0.8541834354400635,0.7892801761627197,0.043957293033599854,0.8672049641609192,820,426
232,7733,31,0.9165226221084595,0.7879391312599182,0.09377280622720718,0.8010179996490479,879,425
232,7733,32,0.8601452112197876,0.7840784788131714,0.010255382396280766,0.8562182188034058,825,423
233,7766,0,0.9104952216148376,0.30133265256881714,0.08449159562587738,0.996883749961853,874,162
233,7766,1,0.9076693058013916,0.2910139262676239,0.07658584415912628,0.9945040941238403,871,157
233,7766,2,0.9050323367118835,0.29042309522628784,0.07648655772209167,0.9925270080566406,868,156
233,7766,3,0.9025663733482361,0.2900550961494446,0.07651982456445694,0.9943771958351135,866,156
233,7766,4,0.9141207337379456,0.29218119382858276,0.0650998130440712,0.997216522693634,877,157
233,7766,5,0.9159942269325256,0.29249873757362366,0.06494981795549393,0.9979674220085144,879,157
233,7766,6,0.9176956415176392,0.29281195998191833,0.06490250676870346,0.9987927079200745,880,158
233,7766,7,0.8984805941581726,0.2964441776275635,0.04572725296020508,0.9958555102348328,862,160
233,7766,8,0.9189684391021729,0.3004049062728882,-0.006449907086789608,0.9982779026031494,882,162
233,7766,9,0.9067280888557434,0.3114587068557739,0.07783906161785126,0.9957700371742249,870,168
233,7766,10,0.9121285676956177,0.31262221932411194,0.06165827810764313,0.9976571202278137,875,168
233,7766,11,0.881090521812439,0.360958069562912,0.06082887575030327,0.9997096061706543,845,194
233,7766,12,0.9219487309455872,0.3698006570339203,-0.06281635165214539,0.9999622702598572,885,199
233,7766,13,0.8709091544151306,0.4524819552898407,0.06474284827709198,0.07304697483778,836,244
233,7766,14,0.9060642719268799,0.4641611874103546,-0.08392410725355148,0.9591876864433289,869,250
233,7766,15,0.8835344910621643,0.5311527252197266,0.043261248618364334,0.03767313063144684,848,286
233,7766,16,0.9059305787086487,0.5407840013504028,-0.07091677188873291,0.8912541270256042,869,292
233,7766,17,0.8844866156578064,0.5501804351806641,0.043515756726264954,0.04593142122030258,849,297
233,7766,18,0.9054803252220154,0.5645449161529541,-0.08207854628562927,0.820655107498169,869,304
233,7766,19,0.8876925110816956,0.5493311882019043,0.030852772295475006,0.0434785857796669,852,296
233,7766,20,0.9061279892921448,0.5671616792678833,-0.08210261911153793,0.8046299815177917,869,306
233,7766,21,0.8888165950775146,0.5437282919883728,0.03800250589847565,0.03530646488070488,853,293
233,7766,22,0.9063622951507568,0.5581879615783691,-0.07123604416847229,0.7235856056213379,870,301
233,7766,23,0.879863977432251,0.5363262891769409,0.04644983261823654,0.999951958656311,844,289
233,7766,24,0.8961562514305115,0.5343545079231262,-0.04654104635119438,0.999978244304657,860,288
233,7766,25,0.9149788022041321,0.6583033204078674,0.10852808505296707,0.6764044761657715,878,355
233,7766,26,0.8687201738357544,0.6520468592643738,-0.0001395707076881081,0.9300109148025513,833,352
233,7766,27,0.9360929131507874,0.7743198871612549,0.17676003277301788,0.8951368927955627,898,418
233,7766,28,0.8261709213256836,0.7575222253799438,0.04208292067050934,0.9581167697906494,793,409
233,7766,29,0.9345691204071045,0.7949924468994141,0.18042701482772827,0.8846303224563599,897,429
233,7766,30,0.8157849907875061,0.7731514573097229,0.04479341581463814,0.8578507900238037,783,417
233,7766,31,0.9645136594772339,0.7841312289237976,0.14600244164466858,0.7967101335525513,925,423
233,7766,32,0.8442126512527466,0.786499559879303,0.014677122235298157,0.8553166389465332,810,424
234,7800,0,0.9202883839607239,0.3014903962612152,0.012882614508271217,0.9969759583473206,883,162
234,7800,1,0.9171317219734192,0.29116111993789673,0.011391776613891125,0.9945955872535706,880,157
234,7800,2,0.9149599671363831,0.29062774777412415,0.011267906986176968,0.9926267862319946,878,156
234,7800,3,0.9127039313316345,0.29028183221817017,0.011326891370117664,0.994466245174408,876,156
234,7800,4,0.9223731756210327,0.29220345616340637,-0.0021500580478459597,0.9972021579742432,885,157
234,7800,5,0.9239115118980408,0.29246270656585693,-0.002332061994820833,0.9979308843612671,886,157
234,7800,6,0.9254876971244812,0.29272326827049255,-0.002392802620306611,0.9987581372261047,888,158
234,7800,7,0.9077187180519104,0.29680025577545166,0.013728262856602669,0.9958829879760742,871,160
234,7800,8,0.9253546595573425,0.3001290261745453,-0.04826245456933975,0.998167872428894,888,162
234,7800,9,0.9166300296783447,0.3115740120410919,0.017810696735978127,0.9957817792892456,879,168
234,7800,10,0.9208239912986755,0.3127729594707489,-0.0010006894590333104,0.9976176619529724,883,168
234,7800,11,0.8929548859596252,0.36079201102256775,0.054047904908657074,0.9997202754020691,857,194
234,7800,12,0.9221551418304443,0.36892738938331604,-0.09228275716304779,0.9999619126319885,885,199
234,7800,13,0.8867368102073669,0.4521990418434143,0.06599508225917816,0.06845998764038086,851,244
234,7800,14,0.9085550308227539,0.46446627378463745,-0.11491785943508148,0.9606807827949524,872,250
234,7800,15,0.9020640254020691,0.5356659293174744,0.04418911039829254,0.03597057983279228,865,289
234,7800,16,0.9072459936141968,0.5443994402885437,-0.09538357704877853,0.8862504363059998,870,293
234,7800,17,0.9043257832527161,0.5539593696594238,0.04446697607636452,0.044059038162231445,868,299
234,7800,18,0.9056606888771057,0.5666283369064331,-0.10753696411848068,0.8086646795272827,869,305
234,7800,19,0.9070254564285278,0.5540566444396973,0.02980785258114338,0.041773464530706406,870,299
234,7800,20,0.9077295660972595,0.5681375861167908,-0.10760867595672607,0.7921823263168335,871,306
234,7800,21,0.9069099426269531,0.5479762554168701,0.03786270692944527,0.0339476652443409,870,295
234,7800,22,0.9084194898605347,0.5603823661804199,-0.09549260884523392,0.7051979303359985,872,302
234,7800,23,0.8926207423210144,0.5365943312644958,0.049193382263183594,0.9999527931213379,856,289
234,7800,24,0.8957618474960327,0.5384694337844849,-0.049298543483018875,0.9999780654907227,859,290
234,7800,25,0.9322425723075867,0.6491879820823669,0.09100399166345596,0.6697748899459839,894,350
234,7800,26,0.8670071363449097,0.6518380641937256,0.0005519482074305415,0.9326041340827942,832,351
234,7800,27,0.9431966543197632,0.7740327715873718,0.13355819880962372,0.8983017802238464,905,417
234,7800,28,0.8261294960975647,0.7475020885467529,0.05058405175805092,0.9599784016609192,793,403
234,7800,29,0.9367798566818237,0.7936045527458191,0.1336979866027832,0.8822624683380127,899,428
234,7800,30,0.81478351354599,0.7584923505783081,0.05331038683652878,0.8511035442352295,782,409
234,7800,31,0.9765149354934692,0.7861836552619934,0.08883533626794815,0.8077319264411926,937,424
234,7800,32,0.844692587852478,0.7883114218711853,0.017403198406100273,0.8640394806861877,810,425
235,7833,0,0.9229307174682617,0.29892104864120483,0.005143059883266687,0.997124969959259,886,161
235,7833,1,0.9195635318756104,0.28983786702156067,0.0044590746983885765,0.9948329925537109,882,156
235,7833,2,0.9175919890403748,0.28964000940322876,0.004332152660936117,0.9929337501525879,880,156
235,7833,3,0.9153862595558167,0.2895253002643585,0.0043909186497330666,0.9947089552879333,878,156
235,7833,4,0.9242421984672546,0.2902206480503082,-0.01020161435008049,0.9972805976867676,887,156
235,7833,5,0.925492525100708,0.2903454303741455,-0.010385164059698582,0.9979705214500427,888,156
235,7833,6,0.9266868233680725,0.2903965711593628,-0.010442346334457397,0.9987694621086121,889,156
235,7833,7,0.9096003174781799,0.2961377799510956,0.009339099749922752,0.9960715770721436,873,159
235,7833,8,0.9269340634346008,0.29760128259658813,-0.057798728346824646,0.9981648325920105,889,160
235,7833,9,0.9189034104347229,0.3103657364845276,0.011009332723915577,0.9959356188774109,882,167
235,7833,10,0.9233211874961853,0.3111289441585541,-0.00935323629528284,0.997665286064148,886,168
235,7833,11,0.8969095349311829,0.3605831265449524,0.05417999252676964,0.9997314214706421,861,194
235,7833,12,0.9221917390823364,0.36820903420448303,-0.1054263785481453,0.9999614953994751,885,198
235,7833,13,0.89031982421875,0.4521103501319885,0.0755876824259758,0.06477497518062592,854,244
235,7833,14,0.9094854593276978,0.4635447859764099,-0.1310647875070572,0.9627834558486938,873,250
235,7833,15,0.9039962887763977,0.5340213179588318,0.054767973721027374,0.035136330872774124,867,288
235,7833,16,0.909354567527771,0.5442290902137756,-0.11072799563407898,0.8846688270568848,872,293
235,7833,17,0.9055845141410828,0.5523160099983215,0.05606021359562874,0.043467335402965546,869,298
235,7833,18,0.9056385159492493,0.5678338408470154,-0.12454080581665039,0.8025178909301758,869,306
235,7833,19,0.9083983898162842,0.5520520210266113,0.03864112123847008,0.0412856824696064,872,298
235,7833,20,0.909821093082428,0.5691684484481812,-0.12415246665477753,0.7858549952507019,873,307
235,7833,21,0.9084570407867432,0.5460715889930725,0.04713563993573189,0.03358219563961029,872,294
235,7833,22,0.9110277891159058,0.5605015754699707,-0.11060145497322083,0.6940898299217224,874,302
235,7833,23,0.8965278267860413,0.5372357964515686,0.05464492738246918,0.999954104423523,860,290
235,7833,24,0.8949925899505615,0.5384842753410339,-0.054763611406087875,0.9999780058860779,859,290
235,7833,25,0.9314707517623901,0.6462582945823669,0.09830468147993088,0.6697233319282532,894,348
235,7833,26,0.8677903413772583,0.6501597166061401,0.0039025733713060617,0.9359337091445923,833,351
235,7833,27,0.943083643913269,0.7735133171081543,0.14575181901454926,0.9029626250267029,905,417
235,7833,28,0.827331006526947,0.745200514793396,0.07035409659147263,0.9619086384773254,794,402
235,7833,29,0.9362900257110596,0.7926899790763855,0.14621500670909882,0.8845906257629395,898,428
235,7833,30,0.816377580165863,0.7547956705093384,0.07491041719913483,0.8475856184959412,783,407
235,7833,31,0.976425290107727,0.7873807549476624,0.09646208584308624,0.8195624947547913,937,425
235,7833,32,0.8448490500450134,0.7887828350067139,0.03042757511138916,0.8723095655441284,811,425
236,7866,0,0.9277459979057312,0.2992698550224304,0.01957731880247593,0.9970274567604065,890,161
236,7866,1,0.9245084524154663,0.2898719608783722,0.016370946541428566,0.9946092963218689,887,156
236,7866,2,0.9220685362815857,0.28963443636894226,0.016250306740403175,0.992638349533081,885,156
236,7866,3,0.9193983674049377,0.2895042598247528,0.016302868723869324,0.9945012331008911,882,156
236,7866,4,0.9300050735473633,0.2904449701309204,0.00342926406301558,0.9970614910125732,892,156
236,7866,5,0.9319740533828735,0.2906992435455322,0.003250621724873781,0.9977752566337585,894,156
236,7866,6,0.9336520433425903,0.29089099168777466,0.0031880182214081287,0.9986317157745361,896,157
236,7866,7,0.9145389199256897,0.29599955677986145,0.01051852572709322,0.9959701299667358,877,159
236,7866,8,0.9353047609329224,0.29841485619544983,-0.04935913905501366,0.9979571104049683,897,161
236,7866,9,0.9236165881156921,0.3103874623775482,0.021400926634669304,0.9957823753356934,886,167
236,7866,10,0.928825318813324,0.3111760914325714,0.0033588074147701263,0.997489869594574,891,168
236,7866,11,0.8996270298957825,0.3609561622142792,0.046523358672857285,0.99974125623703,863,194
236,7866,12,0.9327422976493835,0.36759600043296814,-0.09631717205047607,0.9999589323997498,895,198
236,7866,13,0.8930978178977966,0.4529589116573334,0.06329648941755295,0.06384703516960144,857,244
236,7866,14,0.9204642176628113,0.4647884964942932,-0.11779095232486725,0.9638721346855164,883,250
236,7866,15,0.9011905789375305,0.5327696800231934,0.044230539351701736,0.03537949547171593,865,287
236,7866,16,0.9152919054031372,0.546371579170227,-0.09802421182394028,0.8755813837051392,878,295
236,7866,17,0.9041412472724915,0.5512031316757202,0.04510072246193886,0.043562691658735275,867,297
236,7866,18,0.9125427603721619,0.569419264793396,-0.10626170784235,0.7841185927391052,876,307
236,7866,19,0.9064972996711731,0.5521665215492249,0.03007468208670616,0.041314996778964996,870,298
236,7866,20,0.9156123399734497,0.5705628395080566,-0.10677076131105423,0.7663161158561707,878,308
236,7866,21,0.9082021713256836,0.5504385232925415,0.0377734936773777,0.03350963816046715,871,297
236,7866,22,0.9167777299880981,0.5622507929801941,-0.09850046038627625,0.6706498265266418,880,303
236,7866,23,0.900840699672699,0.5372834205627441,0.05345435068011284,0.9999566674232483,864,290
236,7866,24,0.9063659906387329,0.5384407043457031,-0.05358802154660225,0.99997878074646,870,290
236,7866,25,0.9374263882637024,0.6485060453414917,0.09683733433485031,0.6863865256309509,899,350
236,7866,26,0.8736256957054138,0.650908887386322,-0.001628028112463653,0.941096842288971,838,351
236,7866,27,0.9466142058372498,0.7713479995727539,0.14379630982875824,0.9107117056846619,908,416
236,7866,28,0.8342744708061218,0.7384910583496094,0.06195138394832611,0.9649735689163208,800,398
236,7866,29,0.9402865171432495,0.7923552393913269,0.14420758187770844,0.8908632397651672,902,427
236,7866,30,0.8227971196174622,0.7442099452018738,0.06643866747617722,0.8542843461036682,789,401
236,7866,31,0.9761554002761841,0.7911942005157471,0.09871324151754379,0.8337797522544861,937,427
236,7866,32,0.8427819609642029,0.789581835269928,0.020773153752088547,0.8826759457588196,809,426
237,7900,0,0.9286323189735413,0.2988434135913849,0.04833250492811203,0.996839165687561,891,161
237,7900,1,0.9254559874534607,0.28937405347824097,0.04588824138045311,0.9941095113754272,888,156
237,7900,2,0.9228941202163696,0.2891766130924225,0.045774586498737335,0.9919244647026062,885,156
237,7900,3,0.9201934933662415,0.28907689452171326,0.04580911621451378,0.994030237197876,883,156
237,7900,4,0.9317081570625305,0.29010510444641113,0.031385134905576706,0.9967137575149536,894,156
237,7900,5,0.9335115551948547,0.2904600501060486,0.031220922246575356,0.9974722266197205,896,156
237,7900,6,0.9350700378417969,0.29075244069099426,0.0311631690710783,0.9984259009361267,897,157
237,7900,7,0.9158065319061279,0.29521745443344116,0.037711337208747864,0.9957321882247925,879,159
237,7900,8,0.9357165694236755,0.2979584336280823,-0.0285897646099329,0.9976627230644226,898,160
237,7900,9,0.924127995967865,0.3101569712162018,0.04924499988555908,0.995574951171875,887,167
237,7900,10,0.9298385381698608,0.3110482692718506,0.029037917032837868,0.9973069429397583,892,167
237,7900,11,0.9004891514778137,0.3609922528266907,0.06662333756685257,0.9997549057006836,864,194
237,7900,12,0.9351178407669067,0.3675394356250763,-0.08775512874126434,0.9999576807022095,897,198
237,7900,13,0.8960378766059875,0.4527977406978607,0.07490785419940948,0.06251388043165207,860,244
237,7900,14,0.9212542176246643,0.4626477360725403,-0.11903577297925949,0.9634202122688293,884,249
237,7900,15,0.9120503067970276,0.532615065574646,0.046770695596933365,0.03741993010044098,875,287
237,7900,16,0.9188753962516785,0.5453750491142273,-0.11301444470882416,0.8705804347991943,882,294
237,7900,17,0.9147204756736755,0.5505662560462952,0.04721076786518097,0.0461127907037735,878,297
237,7900,18,0.9162060022354126,0.5691017508506775,-0.1268308013677597,0.7733824253082275,879,307
237,7900,19,0.9180988669395447,0.5509328246116638,0.032522525638341904,0.04378803074359894,881,297
237,7900,20,0.918692409992218,0.5704444050788879,-0.12530644237995148,0.7545405030250549,881,308
237,7900,21,0.9182779788970947,0.5487579703330994,0.0403481163084507,0.03530477359890938,881,296
237,7900,22,0.9186099171638489,0.5619687438011169,-0.1129174530506134,0.6533284783363342,881,303
237,7900,23,0.9020689725875854,0.5371838212013245,0.052923817187547684,0.9999580979347229,865,290
237,7900,24,0.9109174609184265,0.5380650758743286,-0.05304504930973053,0.99997878074646,874,290
237,7900,25,0.9430495500564575,0.6479670405387878,0.08594030886888504,0.6771745681762695,905,349
237,7900,26,0.8772768378257751,0.6508791446685791,-0.008933251723647118,0.9417368769645691,842,351
237,7900,27,0.9457992911338806,0.7706958651542664,0.12720389664173126,0.9093572497367859,907,416
237,7900,28,0.8359032869338989,0.7365550398826599,0.046496324241161346,0.9645152688026428,802,397
237,7900,29,0.9392572641372681,0.791879415512085,0.12756237387657166,0.8853040337562561,901,427
237,7900,30,0.8247258067131042,0.7428560853004456,0.05031212791800499,0.844172477722168,791,401
237,7900,31,0.9734811186790466,0.7920175194740295,0.08766978234052658,0.8338243365287781,934,427
237,7900,32,0.8430059552192688,0.789624035358429,0.009741128422319889,0.8835856318473816,809,426
238,7933,0,0.9353356957435608,0.3005363345146179,0.05636606365442276,0.9968572854995728,897,162
238,7933,1,0.9315314888954163,0.29015663266181946,0.0493290089070797,0.9940468072891235,894,156
238,7933,2,0.9286075234413147,0.2898266613483429,0.04922635853290558,0.9918991923332214,891,156
238,7933,3,0.9257162809371948,0.2896040678024292,0.04924392327666283,0.9939978122711182,888,156
238,7933,4,0.9386507272720337,0.2913650572299957,0.038857344537973404,0.9966826438903809,901,157
238,7933,5,0.9406806230545044,0.29168128967285156,0.03869793564081192,0.9974470734596252,903,157
238,7933,6,0.9425923228263855,0.29159024357795715,0.03864195570349693,0.9983946681022644,904,157
238,7933,7,0.9216506481170654,0.29583635926246643,0.03742365539073944,0.995829701423645,884,159
238,7933,8,0.9446284174919128,0.2994956374168396,-0.0230544526129961,0.9976751208305359,906,161
238,7933,9,0.9307535886764526,0.3109061121940613,0.051993660628795624,0.9956402778625488,893,167
238,7933,10,0.9366825222969055,0.31210246682167053,0.03720931336283684,0.9973165392875671,899,168
238,7933,11,0.9029790163040161,0.36289212107658386,0.046868178993463516,0.999769389629364,866,195
238,7933,12,0.9462305903434753,0.36746668815612793,-0.07073307037353516,0.9999564290046692,908,198
238,7933,13,0.896119236946106,0.4566960632801056,0.04702543467283249,0.07591700553894043,860,246
238,7933,14,0.9324454665184021,0.46453526616096497,-0.09110845625400543,0.96379154920578,895,250
238,7933,15,0.9059831500053406,0.5313290357589722,0.024107391014695168,0.048388898372650146,869,286
238,7933,16,0.9286421537399292,0.5455300807952881,-0.07467297464609146,0.8715174198150635,891,294
238,7933,17,0.9086299538612366,0.5545472502708435,0.022557256743311882,0.05672793090343475,872,299
238,7933,18,0.925370454788208,0.5691301822662354,-0.08229866623878479,0.7725395560264587,888,307
238,7933,19,0.9121459126472473,0.5550671815872192,0.011513807810842991,0.05353008955717087,875,299
238,7933,20,0.9272165894508362,0.5706942677497864,-0.0828862264752388,0.7536892890930176,890,308
238,7933,21,0.9125217199325562,0.5499196648597717,0.019164105877280235,0.04274015501141548,876,296
238,7933,22,0.9282833337783813,0.5627031326293945,-0.07473393529653549,0.6522243618965149,891,303
238,7933,23,0.9046289920806885,0.537672221660614,0.04449766129255295,0.9999589920043945,868,290
238,7933,24,0.9302730560302734,0.5397915840148926,-0.04460906982421875,0.9999788403511047,893,291
238,7933,25,0.9264981746673584,0.6514352560043335,0.08853793144226074,0.6844791769981384,889,351
238,7933,26,0.910645067691803,0.6570717692375183,-0.007512351498007774,0.9453630447387695,874,354
238,7933,27,0.9274855256080627,0.7716609239578247,0.12940217554569244,0.912570595741272,890,416
238,7933,28,0.8369835019111633,0.7339748740196228,0.02932065911591053,0.9663593173027039,803,396
238,7933,29,0.9218195080757141,0.7915382981300354,0.13000859320163727,0.8885666131973267,884,427
238,7933,30,0.8497174978256226,0.7532796263694763,0.03163561969995499,0.8496982455253601,815,406
238,7933,31,0.9428333044052124,0.7939234375953674,0.0886106938123703,0.8383257985115051,905,428
238,7933,32,0.8501402735710144,0.7899404168128967,0.003550898749381304,0.8900642395019531,816,426
239,7966,0,0.9350125789642334,0.3003736734390259,0.06634023040533066,0.9960628747940063,897,162
239,7966,1,0.9317861199378967,0.29007434844970703,0.05800991877913475,0.9930625557899475,894,156
239,7966,2,0.9290666580200195,0.28978413343429565,0.05791465565562248,0.9907418489456177,891,156
239,7966,3,0.9264434576034546,0.2895810902118683,0.05791999027132988,0.9933145046234131,889,156
239,7966,4,0.9385063052177429,0.2910799980163574,0.046586137264966965,0.9961751103401184,900,157
239,7966,5,0.9405783414840698,0.29137441515922546,0.04642706364393234,0.9970805644989014,902,157
239,7966,6,0.9424772262573242,0.2913430631160736,0.04638272151350975,0.9981862902641296,904,157
239,7966,7,0.9224653244018555,0.2957566976547241,0.03341921046376228,0.9954282641410828,885,159
239,7966,8,0.9446353316307068,0.29946649074554443,-0.021301575005054474,0.9973994493484497,906,161
239,7966,9,0.9314097762107849,0.31084728240966797,0.0610620491206646,0.995272696018219,894,167
239,7966,10,0.9370615482330322,0.3120482265949249,0.04534759372472763,0.996987521648407,899,168
239,7966,11,0.904707670211792,0.3628867268562317,0.0486023984849453,0.9997592568397522,868,195
239,7966,12,0.9487366080284119,0.3675619065761566,-0.06899888068437576,0.9999509453773499,910,198
239,7966,13,0.9022254347801208,0.4560653269290924,0.04874313622713089,0.07030931115150452,866,246
239,7966,14,0.9365224242210388,0.46451157331466675,-0.09348717331886292,0.9469414353370667,899,250
239,7966,15,0.9116612672805786,0.5358282327651978,0.01051043625921011,0.04450860247015953,875,289
239,7966,16,0.9313669800758362,0.5456067323684692,-0.08021280169487,0.8647285103797913,894,294
239,7966,17,0.9128497242927551,0.5565018653869629,0.00787507463246584,0.05276712030172348,876,300
239,7966,18,0.9262128472328186,0.5700299739837646,-0.08796659857034683,0.7682926058769226,889,307
239,7966,19,0.9158533215522766,0.5560710430145264,-0.0031758646946400404,0.04975322261452675,879,300
239,7966,20,0.9282088875770569,0.57170569896698,-0.09103000164031982,0.7483009099960327,891,308
239,7966,21,0.9165578484535217,0.5501932501792908,0.005088796839118004,0.039726175367832184,879,297
239,7966,22,0.9301280975341797,0.5640786290168762,-0.08092286437749863,0.644565224647522,892,304
239,7966,23,0.9059804677963257,0.538983166217804,0.04354534670710564,0.9999577403068542,869,291
239,7966,24,0.9345056414604187,0.5408030152320862,-0.043683119118213654,0.9999785423278809,897,292
239,7966,25,0.9046582579612732,0.6536668539047241,0.06613930314779282,0.6623805165290833,868,352
239,7966,26,0.948256254196167,0.6563988327980042,-0.00616135448217392,0.9208074808120728,910,354
239,7966,27,0.8547135591506958,0.7350814938545227,0.08393649011850357,0.8940051198005676,820,396
239,7966,28,0.9412763118743896,0.7564065456390381,0.03486309573054314,0.9571723341941833,903,408
239,7966,29,0.8413259983062744,0.7410510778427124,0.08387278765439987,0.8787718415260315,807,400
239,7966,30,0.9346151351928711,0.7813391089439392,0.037719421088695526,0.8465295433998108,897,421
239,7966,31,0.8511560559272766,0.7888580560684204,0.06315312534570694,0.8091669082641602,817,425
239,7966,32,0.9686488509178162,0.7922372221946716,0.008890850469470024,0.8625415563583374,929,427
240,8000,0,0.9446935653686523,0.3005213439464569,0.02710265852510929,0.9950893521308899,906,162
240,8000,1,0.9405311346054077,0.29031890630722046,0.024161439388990402,0.9910147190093994,902,156
240,8000,2,0.9377681016921997,0.2899341583251953,0.024032022804021835,0.988034188747406,900,156
240,8000,3,0.9349578619003296,0.2896152436733246,0.024055033922195435,0.9913286566734314,897,156
240,8000,4,0.9474477767944336,0.2915363609790802,0.012385767884552479,0.9948589205741882,909,157
240,8000,5,0.9493098855018616,0.2917439639568329,0.012204007245600224,0.9960138201713562,911,157
240,8000,6,0.9510001540184021,0.2914593517780304,0.012122402898967266,0.9974708557128906,912,157
240,8000,7,0.9309301972389221,0.2958160638809204,0.02003781870007515,0.9944016337394714,893,159
240,8000,8,0.9521977305412292,0.29938679933547974,-0.03396100923418999,0.9964922666549683,914,161
240,8000,9,0.9408915638923645,0.3108104169368744,0.0297832190990448,0.9941979050636292,903,167
240,8000,10,0.9458512663841248,0.31200316548347473,0.013389728032052517,0.9962009787559509,908,168
240,8000,11,0.9123554825782776,0.3618529438972473,0.047236017882823944,0.9997587203979492,875,195
240,8000,12,0.9539426565170288,0.366070955991745,-0.07000771909952164,0.9999449253082275,915,197
240,8000,13,0.9081653356552124,0.45343902707099915,0.052734486758708954,0.06745196878910065,871,244
240,8000,14,0.9395144581794739,0.4643210768699646,-0.09897448122501373,0.9490742683410645,901,250
240,8000,15,0.9189624190330505,0.5304995179176331,0.023965729400515556,0.044907327741384506,882,286
240,8000,16,0.9382025599479675,0.5461398363113403,-0.09368334710597992,0.868680477142334,900,294
240,8000,17,0.924250602722168,0.5553202629089355,0.022733164951205254,0.0539054274559021,887,299
240,8000,18,0.9337160587310791,0.5712419152259827,-0.10475006699562073,0.7726587653160095,896,308
240,8000,19,0.927551805973053,0.5549259185791016,0.010079493746161461,0.05082143098115921,890,299
240,8000,20,0.934904158115387,0.572601318359375,-0.10494241118431091,0.7532075047492981,897,309
240,8000,21,0.9277063608169556,0.5493267178535461,0.018253961578011513,0.04033707454800606,890,296
240,8000,22,0.9364849925041199,0.5647141337394714,-0.09375813603401184,0.6490515470504761,899,304
240,8000,23,0.9192919135093689,0.5397213101387024,0.04338245093822479,0.9999567866325378,882,291
240,8000,24,0.9333805441856384,0.5423280000686646,-0.04351353645324707,0.9999768733978271,896,292
240,8000,25,0.9447216391563416,0.6622288823127747,0.07245384901762009,0.6674882769584656,906,357
240,8000,26,0.9181314706802368,0.656074583530426,-0.009899300523102283,0.9246476292610168,881,354
240,8000,27,0.9395864009857178,0.7459955811500549,0.10384071618318558,0.9000851511955261,902,402
240,8000,28,0.8848982453346252,0.7312779426574707,0.038724787533283234,0.9590584635734558,849,394
240,8000,29,0.9301256537437439,0.7698144316673279,0.10374715924263,0.8811635375022888,892,415
240,8000,30,0.8634059429168701,0.7326105833053589,0.04218314215540886,0.8457762002944946,828,395
240,8000,31,0.9658897519111633,0.7911521792411804,0.06896726787090302,0.8208516240119934,927,427
240,8000,32,0.8690922856330872,0.7888280749320984,0.010675054043531418,0.8710468411445618,834,425
241,8033,0,0.9438261389732361,0.30041739344596863,0.03212035074830055,0.994660496711731,906,162
241,8033,1,0.9401781558990479,0.28988924622535706,0.028149759396910667,0.9900611042976379,902,156
241,8033,2,0.9375277161598206,0.28952524065971375,0.02803737111389637,0.9868417978286743,900,156
241,8033,3,0.9348848462104797,0.28921693563461304,0.028064636513590813,0.9905920028686523,897,156
241,8033,4,0.9472376108169556,0.2910076081752777,0.016287602484226227,0.9940346479415894,909,157
241,8033,5,0.949311375617981,0.29126057028770447,0.016111407428979874,0.9952988028526306,911,157
241,8033,6,0.9511720538139343,0.29114794731140137,0.01604067161679268,0.996960461139679,913,157
241,8033,7,0.9312143325805664,0.29547032713890076,0.020169230177998543,0.994158923625946,893,159
241,8033,8,0.9525383114814758,0.29916855692863464,-0.03384985402226448,0.9957942366600037,914,161
241,8033,9,0.9404599666595459,0.31079623103141785,0.03314020857214928,0.993857204914093,902,167
241,8033,10,0.9458092451095581,0.3119587302207947,0.016646964475512505,0.9957822561264038,907,168
241,8033,11,0.9143616557121277,0.36125853657722473,0.04774690419435501,0.9997713565826416,877,195
241,8033,12,0.9542356729507446,0.3649636209011078,-0.07089529186487198,0.9999385476112366,916,197
241,8033,13,0.916326642036438,0.45456597208976746,0.055279236286878586,0.06886348873376846,879,245
241,8033,14,0.9408868551254272,0.46428295969963074,-0.10280178487300873,0.9487587213516235,903,250
241,8033,15,0.9333455562591553,0.5453488826751709,0.029134005308151245,0.04933639243245125,896,294
241,8033,16,0.938277542591095,0.5491195917129517,-0.09253707528114319,0.8601775765419006,900,296
241,8033,17,0.9361103177070618,0.5656108260154724,0.02804216928780079,0.058844249695539474,898,305
241,8033,18,0.9322842359542847,0.5728282332420349,-0.10354938358068466,0.75750732421875,894,309
241,8033,19,0.938818097114563,0.564833402633667,0.015229608863592148,0.055374979972839355,901,305
241,8033,20,0.9334085583686829,0.5746479034423828,-0.10362153500318527,0.7375664114952087,896,310
241,8033,21,0.9384196996688843,0.5585461258888245,0.02338431030511856,0.043664295226335526,900,301
241,8033,22,0.9352772235870361,0.5688002705574036,-0.09256024658679962,0.6322373747825623,897,307
241,8033,23,0.9195007681846619,0.539633572101593,0.04391327127814293,0.999957799911499,882,291
241,8033,24,0.9322546720504761,0.5422909259796143,-0.04404715821146965,0.9999760389328003,894,292
241,8033,25,0.9459571242332458,0.6624899506568909,0.0973563939332962,0.6692333817481995,908,357
241,8033,26,0.9125866293907166,0.6559065580368042,-0.0015885928878560662,0.9264975786209106,876,354
241,8033,27,0.9460870623588562,0.752510666847229,0.14864131808280945,0.9042193293571472,908,406
241,8033,28,0.8700913190841675,0.7242076992988586,0.06522329896688461,0.9595951437950134,835,391
241,8033,29,0.9374995827674866,0.779448926448822,0.15011686086654663,0.8822821974754333,899,420
241,8033,30,0.8494037389755249,0.7245076894760132,0.07050270587205887,0.8416534662246704,815,391
241,8033,31,0.9715350866317749,0.7921698093414307,0.11761851608753204,0.8275112509727478,932,427
241,8033,32,0.8553305864334106,0.7851594686508179,0.041385065764188766,0.875257670879364,821,423
242,8066,0,0.9513831734657288,0.30038803815841675,0.008759453892707825,0.9942511916160583,913,162
242,8066,1,0.9479178190231323,0.28972408175468445,0.004565584473311901,0.9894279837608337,910,156
242,8066,2,0.9450387954711914,0.28932398557662964,0.0044391765259206295,0.9859375953674316,907,156
242,8066,3,0.942207396030426,0.28898194432258606,0.004485340788960457,0.9898500442504883,904,156
242,8066,4,0.954920768737793,0.2908514142036438,-0.006693551782518625,0.9938267469406128,916,157
242,8066,5,0.956928014755249,0.29107600450515747,-0.006888649892061949,0.9951695799827576,918,157
242,8066,6,0.9588548541069031,0.29101312160491943,-0.006960620637983084,0.9969119429588318,920,157
242,8066,7,0.9382975101470947,0.29525354504585266,-0.002709646476432681,0.9938751459121704,900,159
242,8066,8,0.960936963558197,0.2990607023239136,-0.0537809319794178,0.9957976341247559,922,161
242,8066,9,0.946884274482727,0.3107604682445526,0.010744592174887657,0.9936703443527222,909,167
242,8066,10,0.9525927305221558,0.31192493438720703,-0.00507390545681119,0.9957802891731262,914,168
242,8066,11,0.9205824136734009,0.3614705204963684,0.029436679556965828,0.9997628927230835,883,195
242,8066,12,0.961040735244751,0.36593344807624817,-0.08355295658111572,0.9999376535415649,922,197
242,8066,13,0.9164146780967712,0.4563583731651306,0.04328196123242378,0.06593207269906998,879,246
242,8066,14,0.9510058760643005,0.46628615260124207,-0.10356006026268005,0.9498358368873596,912,251
242,8066,15,0.937509298324585,0.5394353270530701,0.028686201199889183,0.04671192914247513,900,291
242,8066,16,0.9467333555221558,0.549260675907135,-0.09479334205389023,0.8682954907417297,908,296
242,8066,17,0.9390717148780823,0.5488315224647522,0.028396476060152054,0.056437958031892776,901,296
242,8066,18,0.9450892210006714,0.5730483531951904,-0.10763919353485107,0.7711422443389893,907,309
242,8066,19,0.9437621235847473,0.5463768243789673,0.01458854041993618,0.05321519449353218,906,295
242,8066,20,0.9452709555625916,0.5747569799423218,-0.10877098143100739,0.7524001002311707,907,310
242,8066,21,0.9441937208175659,0.5427718162536621,0.02273687534034252,0.042173270136117935,906,293
242,8066,22,0.9453269839286804,0.5681712031364441,-0.09543740004301071,0.6503350138664246,907,306
242,8066,23,0.9257901310920715,0.543526291847229,0.04115960747003555,0.9999567270278931,888,293
242,8066,24,0.9384890794754028,0.5468500852584839,-0.04129791632294655,0.9999757409095764,900,295
242,8066,25,0.9493876695632935,0.6689794063568115,0.1087331473827362,0.6834239363670349,911,361
242,8066,26,0.92383873462677,0.655630350112915,0.026458125561475754,0.9286758899688721,886,354
242,8066,27,0.9481678605079651,0.7560505867004395,0.16940155625343323,0.9110389947891235,910,408
242,8066,28,0.8698327541351318,0.7212581634521484,0.10533568263053894,0.9618636965751648,835,389
242,8066,29,0.940016508102417,0.7826988697052002,0.17202849686145782,0.8870371580123901,902,422
242,8066,30,0.8551158308982849,0.7205103039741516,0.11165926605463028,0.8466780185699463,820,389
242,8066,31,0.9547131061553955,0.795622706413269,0.13302457332611084,0.8399088382720947,916,429
242,8066,32,0.8877032399177551,0.7773505449295044,0.07447703182697296,0.8836812376976013,852,419
243,8100,0,0.9526475667953491,0.2979808449745178,0.017521481961011887,0.9942460656166077,914,160
243,8100,1,0.9488202333450317,0.2873724400997162,0.0129569536074996,0.9895159006118774,910,155
243,8100,2,0.9459496140480042,0.287007600069046,0.012758651748299599,0.986102819442749,908,154
243,8100,3,0.9431160092353821,0.28667858242988586,0.012783791869878769,0.9899499416351318,905,154
243,8100,4,0.9559805393218994,0.28836342692375183,-0.00018489330250304192,0.9938724040985107,917,155
243,8100,5,0.9580113291740417,0.2886953055858612,-0.0003872209636028856,0.9952142834663391,919,155
243,8100,6,0.9598056674003601,0.2889161705970764,-0.00046561280032619834,0.9969186782836914,921,156
243,8100,7,0.9390068650245667,0.29227200150489807,0.0035998017992824316,0.9940789341926575,901,157
243,8100,8,0.9609196186065674,0.29609042406082153,-0.05161304026842117,0.9958252906799316,922,159
243,8100,9,0.9483228325843811,0.3092181980609894,0.01885438896715641,0.9937258958816528,910,166
243,8100,10,0.9543814063072205,0.3105364739894867,0.0004723473102785647,0.9957782030105591,916,167
243,8100,11,0.9198407530784607,0.36157289147377014,0.034133028239011765,0.9997689723968506,883,195
243,8100,12,0.9631862640380859,0.36672261357307434,-0.08339481055736542,0.9999333620071411,924,198
243,8100,13,0.9148114919662476,0.45627862215042114,0.05194035917520523,0.0648336336016655,878,246
243,8100,14,0.9550985097885132,0.46844378113746643,-0.10267499834299088,0.9505782127380371,916,252
243,8100,15,0.9276629686355591,0.5239810943603516,0.03854203224182129,0.04553084820508957,890,282
243,8100,16,0.9524981379508972,0.5490251779556274,-0.09094824641942978,0.8628478050231934,914,296
243,8100,17,0.9282330870628357,0.5455137491226196,0.038764867931604385,0.055624883621931076,891,294
243,8100,18,0.9493196606636047,0.5728892683982849,-0.10255155712366104,0.7639249563217163,911,309
243,8100,19,0.9324528574943542,0.5420377254486084,0.0272771455347538,0.052353519946336746,895,292
243,8100,20,0.9486048817634583,0.5746776461601257,-0.10315965116024017,0.7452546954154968,910,310
243,8100,21,0.933470606803894,0.5369559526443481,0.03366899862885475,0.041582170873880386,896,289
243,8100,22,0.9495487213134766,0.5677599906921387,-0.09122895449399948,0.6415112614631653,911,306
243,8100,23,0.923110842704773,0.5434557795524597,0.0421125702559948,0.9999579191207886,886,293
243,8100,24,0.9428183436393738,0.5479462146759033,-0.04224400222301483,0.9999758005142212,905,295
243,8100,25,0.9495941996574402,0.6677448153495789,0.10914210230112076,0.6970015168190002,911,360
243,8100,26,0.926459014415741,0.655455470085144,0.02246522530913353,0.933458685874939,889,353
243,8100,27,0.9478529691696167,0.7604657411575317,0.16556814312934875,0.9166421890258789,909,410
243,8100,28,0.8694593906402588,0.7202554941177368,0.08618881553411484,0.9641390442848206,834,388
243,8100,29,0.9378670454025269,0.7877388000488281,0.167857363820076,0.8929958343505859,900,425
243,8100,30,0.8550136089324951,0.7201414704322815,0.09007509052753448,0.852901041507721,820,388
243,8100,31,0.9645081162452698,0.7928090691566467,0.13857193291187286,0.8490175604820251,925,428
243,8100,32,0.8750291466712952,0.7780866026878357,0.05294998362660408,0.8910611867904663,840,420
244,8133,0,0.9602415561676025,0.29801100492477417,0.035547204315662384,0.9939221739768982,921,160
244,8133,1,0.95657879114151,0.28737571835517883,0.025378772988915443,0.9895200133323669,918,155
244,8133,2,0.953787624835968,0.28699448704719543,0.025229156017303467,0.9861283302307129,915,154
244,8133,3,0.9509490132331848,0.2866058349609375,0.025250721722841263,0.9899798631668091,912,154
244,8133,4,0.9632316827774048,0.2884257137775421,0.01761782169342041,0.9939281940460205,924,155
244,8133,5,0.96523517370224,0.28878477215766907,0.017421385273337364,0.995288074016571,926,155
244,8133,6,0.9672428369522095,0.28900983929634094,0.017361344769597054,0.9970043897628784,928,156
244,8133,7,0.9466535449028015,0.2921805679798126,0.006675277836620808,0.9940043091773987,908,157
244,8133,8,0.9694297313690186,0.2961125373840332,-0.039149411022663116,0.9959233403205872,930,159
244,8133,9,0.955895185470581,0.3091280460357666,0.029357468709349632,0.9936563968658447,917,166
244,8133,10,0.9613469243049622,0.31048083305358887,0.018400954082608223,0.9957690834999084,922,167
244,8133,11,0.9259403944015503,0.36121419072151184,0.030006932094693184,0.9997540712356567,888,195
244,8133,12,0.9717612862586975,0.3665420413017273,-0.06712888926267624,0.9999335408210754,932,197
244,8133,13,0.917941153049469,0.4555494487285614,0.03964700922369957,0.06108332425355911,881,245
244,8133,14,0.9675245881080627,0.46826252341270447,-0.07532083988189697,0.9475929141044617,928,252
244,8133,15,0.9260709285736084,0.5231647491455078,0.022031236439943314,0.04237296059727669,889,282
244,8133,16,0.9679192900657654,0.5483323335647583,-0.06189877167344093,0.8704854846000671,929,296
244,8133,17,0.9254419207572937,0.5456249117851257,0.021046776324510574,0.05230676010251045,888,294
244,8133,18,0.9649315476417542,0.5725324153900146,-0.0703795850276947,0.7774477005004883,926,309
244,8133,19,0.9296371936798096,0.5435095429420471,0.011446375399827957,0.049105118960142136,892,293
244,8133,20,0.9635271430015564,0.5746109485626221,-0.07247045636177063,0.7595402598381042,924,310
244,8133,21,0.9309024810791016,0.5375787615776062,0.01812516711652279,0.038925446569919586,893,290
244,8133,22,0.9630617499351501,0.5674461126327515,-0.06215355172753334,0.6585262417793274,924,306
244,8133,23,0.9283862709999084,0.5425691604614258,0.035120557993650436,0.9999577403068542,891,292
244,8133,24,0.953687846660614,0.5445210933685303,-0.03526843339204788,0.9999765157699585,915,294
244,8133,25,0.9436212778091431,0.6577964425086975,0.07853817194700241,0.7020662426948547,905,355
244,8133,26,0.9530206322669983,0.6559541821479797,0.016675550490617752,0.9246644377708435,914,354
244,8133,27,0.894299328327179,0.726351261138916,0.1081399992108345,0.9155070185661316,858,392
244,8133,28,0.9440315961837769,0.760339617729187,0.06393206864595413,0.9633721709251404,906,410
244,8133,29,0.879325807094574,0.7294517159461975,0.10916718095541,0.8947586417198181,844,393
244,8133,30,0.9336985349655151,0.7806909084320068,0.06714741140604019,0.8582435250282288,896,421
244,8133,31,0.8934037685394287,0.7776009440422058,0.09190630912780762,0.8461383581161499,857,419
244,8133,32,0.9517776370048523,0.8045476078987122,0.043067172169685364,0.8890645503997803,913,434
245,8166,0,0.9619049429893494,0.2959979176521301,0.044239532202482224,0.9930911660194397,923,159
245,8166,1,0.9582550525665283,0.28513357043266296,0.03427976369857788,0.9889431595802307,919,153
245,8166,2,0.9554234743118286,0.2845807373523712,0.03416513651609421,0.985460638999939,917,153
245,8166,3,0.9525551199913025,0.2841157913208008,0.034175075590610504,0.9896631240844727,914,153
245,8166,4,0.9650349020957947,0.2867202162742615,0.024825001135468483,0.9935861825942993,926,154
245,8166,5,0.9668911695480347,0.28724759817123413,0.02465101331472397,0.994995653629303,928,155
245,8166,6,0.9686373472213745,0.2877407968044281,0.024603310972452164,0.9968711733818054,929,155
245,8166,7,0.9480374455451965,0.2886684834957123,0.008989943191409111,0.9938642382621765,910,155
245,8166,8,0.9695024490356445,0.29426178336143494,-0.03905919939279556,0.9957495331764221,930,158
245,8166,9,0.9569452404975891,0.3070906400680542,0.037871796637773514,0.9933668971061707,918,165
245,8166,10,0.9631008505821228,0.3088889420032501,0.024817122146487236,0.995536208152771,924,166
245,8166,11,0.9248253107070923,0.3602321147918701,0.032586246728897095,0.999746561050415,887,194
245,8166,12,0.9729664921760559,0.3663928806781769,-0.06951960921287537,0.9999217987060547,934,197
245,8166,13,0.9160791039466858,0.45303305983543396,0.04227899760007858,0.05825532227754593,879,244
245,8166,14,0.9727323651313782,0.4687495231628418,-0.07705570757389069,0.9314493536949158,933,253
245,8166,15,0.9255027174949646,0.5221364498138428,0.04125267267227173,0.03911840170621872,888,281
245,8166,16,0.971643328666687,0.548209547996521,-0.05072716623544693,0.8404796719551086,932,296
245,8166,17,0.9246819615364075,0.5403577089309692,0.04205190762877464,0.04848162829875946,887,291
245,8166,18,0.9696537852287292,0.5720487833023071,-0.05791320279240608,0.7440637350082397,930,308
245,8166,19,0.9288342595100403,0.5392795205116272,0.03188816457986832,0.045431435108184814,891,291
245,8166,20,0.9684861898422241,0.5745572447776794,-0.059925273060798645,0.7245173454284668,929,310
245,8166,21,0.9307771325111389,0.5372787714004517,0.03726605698466301,0.0360499769449234,893,290
245,8166,22,0.967486560344696,0.5672541260719299,-0.05087704584002495,0.6233556270599365,928,306
245,8166,23,0.9301809668540955,0.5392109751701355,0.03666561469435692,0.9999579191207886,892,291
245,8166,24,0.9555636644363403,0.5426609516143799,-0.036803629249334335,0.9999765157699585,917,293
245,8166,25,0.9432842135429382,0.6520572304725647,0.08025847375392914,0.7164244055747986,905,352
245,8166,26,0.9571763873100281,0.6558733582496643,0.012755395844578743,0.9215101003646851,918,354
245,8166,27,0.8876761794090271,0.7186126112937927,0.11480892449617386,0.9191077947616577,852,388
245,8166,28,0.9470372796058655,0.7664636969566345,0.07004138827323914,0.9637618660926819,909,413
245,8166,29,0.8746309876441956,0.7216914892196655,0.1159900575876236,0.8974165320396423,839,389
245,8166,30,0.9367170929908752,0.7889020442962646,0.0749332457780838,0.8623842000961304,899,426
245,8166,31,0.8885681629180908,0.772148847579956,0.09100745618343353,0.848187267780304,853,416
245,8166,32,0.950970470905304,0.8001969456672668,0.047972436994314194,0.8877676725387573,912,432
246,8200,0,0.9683768153190613,0.29529985785484314,0.05061483755707741,0.9927415251731873,929,159
246,8200,1,0.9652552008628845,0.284641832113266,0.039855651557445526,0.9889765977859497,926,153
246,8200,2,0.9624296426773071,0.2840708792209625,0.03973982483148575,0.9855639338493347,923,153
246,8200,3,0.9596440196037292,0.2835487723350525,0.03974706307053566,0.9898056387901306,921,153
246,8200,4,0.9717239141464233,0.28612327575683594,0.031749043613672256,0.9935591816902161,932,154
246,8200,5,0.9737851023674011,0.2866060733795166,0.03157354146242142,0.994972825050354,934,154
246,8200,6,0.9757652282714844,0.28705817461013794,0.031522784382104874,0.9968937039375305,936,155
246,8200,7,0.9554780125617981,0.2884165644645691,0.008121027611196041,0.9939059019088745,917,155
246,8200,8,0.9783654808998108,0.2939794063568115,-0.032686397433280945,0.9957259297370911,939,158
246,8200,9,0.9638175964355469,0.30599138140678406,0.04262929409742355,0.9933314919471741,925,165
246,8200,10,0.9694674015045166,0.3075891137123108,0.031409770250320435,0.9954826831817627,930,166
246,8200,11,0.9320080876350403,0.360115110874176,0.026171479374170303,0.9997479319572449,894,194
246,8200,12,0.9823601245880127,0.3665432333946228,-0.06663282215595245,0.9999210834503174,943,197
246,8200,13,0.9214877486228943,0.45304086804389954,0.04213268682360649,0.059967782348394394,884,244
246,8200,14,0.9811619520187378,0.46865248680114746,-0.072114959359169,0.9280974268913269,941,253
246,8200,15,0.9280794262886047,0.5220804810523987,0.040913745760917664,0.038813311606645584,890,281
246,8200,16,0.9813757538795471,0.5485103726387024,-0.04878225550055504,0.8422128558158875,942,296
246,8200,17,0.9267200827598572,0.5396696329116821,0.041779521852731705,0.048298124223947525,889,291
246,8200,18,0.9805335402488708,0.573245108127594,-0.05555354058742523,0.7463966012001038,941,309
246,8200,19,0.9309106469154358,0.5398600697517395,0.030544539913535118,0.04500323534011841,893,291
246,8200,20,0.9785580039024353,0.5750948190689087,-0.05901757627725601,0.7265273332595825,939,310
246,8200,21,0.9326505064964294,0.5353101491928101,0.03662880137562752,0.03553265705704689,895,289
246,8200,22,0.9776690602302551,0.567044198513031,-0.04956338554620743,0.6251916885375977,938,306
246,8200,23,0.9345197677612305,0.5358323454856873,0.03573441505432129,0.9999589920043945,897,289
246,8200,24,0.9614289402961731,0.5375643372535706,-0.0358690470457077,0.9999772906303406,922,290
246,8200,25,0.9523735046386719,0.6489975452423096,0.07854843884706497,0.7237870693206787,914,350
246,8200,26,0.9661566615104675,0.655732274055481,0.013016687706112862,0.9170408248901367,927,354
246,8200,27,0.8989503979682922,0.7227231860160828,0.10955271869897842,0.9165242314338684,862,390
246,8200,28,0.9497506022453308,0.7666246294975281,0.06402874737977982,0.9630213379859924,911,413
246,8200,29,0.8857868313789368,0.7290719747543335,0.11061883717775345,0.8963656425476074,850,393
246,8200,30,0.9390830993652344,0.7915749549865723,0.0675811916589737,0.8659581542015076,901,427
246,8200,31,0.9014749526977539,0.7714122533798218,0.09155193716287613,0.8381235003471375,865,416
246,8200,32,0.9770563244819641,0.7980740666389465,0.045840878039598465,0.8831348419189453,937,430
247,8233,0,0.9711799025535583,0.29103341698646545,0.04472377151250839,0.9925192594528198,932,157
247,8233,1,0.9675396680831909,0.2806854844093323,0.0333157517015934,0.9891222715377808,928,151
247,8233,2,0.9647036194801331,0.2802709937095642,0.033201511949300766,0.9858582019805908,926,151
247,8233,3,0.9619155526161194,0.2798280417919159,0.033212605863809586,0.9900373220443726,923,151
247,8233,4,0.9744119048118591,0.2824455499649048,0.02577580139040947,0.9936186075210571,935,152
247,8233,5,0.976413905620575,0.2832719683647156,0.025595542043447495,0.9950449466705322,937,152
247,8233,6,0.978175938129425,0.2841254770755768,0.02556818723678589,0.996948778629303,939,153
247,8233,7,0.9570022225379944,0.28554415702819824,0.0022313110530376434,0.994151771068573,918,154
247,8233,8,0.9795055985450745,0.2915385067462921,-0.035889167338609695,0.9958272576332092,940,157
247,8233,9,0.9661732912063599,0.30303049087524414,0.037136875092983246,0.9934305548667908,927,163
247,8233,10,0.9725454449653625,0.30460667610168457,0.026808034628629684,0.9955352544784546,933,164
247,8233,11,0.9324354529380798,0.3589554727077484,0.021941129118204117,0.9997516870498657,895,193
247,8233,12,0.9841071963310242,0.3665459156036377,-0.06604965776205063,0.9999207258224487,944,197
247,8233,13,0.9229975938796997,0.4529234766960144,0.0447387732565403,0.05858118087053299,886,244
247,8233,14,0.9830955862998962,0.46942898631095886,-0.06167181208729744,0.9226030707359314,943,253
247,8233,15,0.9294230341911316,0.5208454728126526,0.055810775607824326,0.03646025061607361,892,281
247,8233,16,0.9833118915557861,0.550078272819519,-0.02904360741376877,0.8416458964347839,943,297
247,8233,17,0.927631139755249,0.5396223068237305,0.05749258026480675,0.04573272913694382,890,291
247,8233,18,0.9822453260421753,0.5750901103019714,-0.034661728888750076,0.7491818070411682,942,310
247,8233,19,0.9315404295921326,0.5396149158477783,0.04666812717914581,0.042554821819067,894,291
247,8233,20,0.9802420139312744,0.5768001675605774,-0.03902842849493027,0.7292349934577942,941,311
247,8233,21,0.9332513809204102,0.5336979627609253,0.051988065242767334,0.033651046454906464,895,288
247,8233,22,0.9796081185340881,0.5676578283309937,-0.030031023547053337,0.6271966099739075,940,306
247,8233,23,0.9368259906768799,0.535657525062561,0.03451673313975334,0.9999595880508423,899,289
247,8233,24,0.962195634841919,0.5374177098274231,-0.03465985879302025,0.9999778866767883,923,290
247,8233,25,0.9535881280899048,0.6468297243118286,0.08027604222297668,0.7274648547172546,915,349
247,8233,26,0.9676765203475952,0.6554957032203674,0.025336379185318947,0.9132278561592102,928,353
247,8233,27,0.9025513529777527,0.7232836484909058,0.11207166314125061,0.9131032228469849,866,390
247,8233,28,0.9498655796051025,0.76658034324646,0.07364224642515182,0.9636353850364685,911,413
247,8233,29,0.8882484436035156,0.7298411726951599,0.11642353981733322,0.8930249810218811,852,394
247,8233,30,0.9377037882804871,0.790492594242096,0.0774223580956459,0.8705926537513733,900,426
247,8233,31,0.9025773406028748,0.771255373954773,0.10731431841850281,0.8307749032974243,866,416
247,8233,32,0.9763202667236328,0.7972956895828247,0.05335744470357895,0.8839683532714844,937,430
248,8266,0,0.9778278470039368,0.29136255383491516,0.05508395656943321,0.9869555234909058,938,157
248,8266,1,0.9749062657356262,0.2808375358581543,0.045231904834508896,0.9840330481529236,935,151
248,8266,2,0.9722573161125183,0.28027263283729553,0.045115407556295395,0.9797633290290833,933,151
248,8266,3,0.9694893956184387,0.27970126271247864,0.04512645676732063,0.9860141277313232,930,151
248,8266,4,0.9808560013771057,0.28269869089126587,0.037010859698057175,0.9900146722793579,941,152
248,8266,5,0.9826186299324036,0.2834814190864563,0.036822665482759476,0.9921698570251465,943,153
248,8266,6,0.9844096302986145,0.2842909097671509,0.03676693141460419,0.9953190684318542,945,153
248,8266,7,0.9636108875274658,0.28420186042785645,0.01231358852237463,0.9922957420349121,925,153
248,8266,8,0.9861473441123962,0.29168182611465454,-0.02354975789785385,0.993641197681427,946,157
248,8266,9,0.9727978110313416,0.302669882774353,0.048518821597099304,0.9898956418037415,933,163
248,8266,10,0.9782520532608032,0.30432987213134766,0.03712022677063942,0.9926043152809143,939,164
248,8266,11,0.9378630518913269,0.3573113977909088,0.023581620305776596,0.9996837973594666,900,192
248,8266,12,0.9886468648910522,0.3643738925457001,-0.056263264268636703,0.9998784065246582,949,196
248,8266,13,0.9304512739181519,0.4482080042362213,0.0654570609331131,0.055266257375478745,893,242
248,8266,14,0.9884955286979675,0.46782827377319336,-0.05497727915644646,0.896680474281311,948,252
248,8266,15,0.9356195330619812,0.5052275657653809,0.0887647196650505,0.03328171372413635,898,272
248,8266,16,0.9908071756362915,0.545434832572937,-0.015963664278388023,0.7884317636489868,951,294
248,8266,17,0.9338896870613098,0.5259650349617004,0.09438231587409973,0.041870541870594025,896,284
248,8266,18,0.991558849811554,0.5712460279464722,-0.019505444914102554,0.6984437704086304,951,308
248,8266,19,0.938988447189331,0.5259130001068115,0.08480492234230042,0.03894291818141937,901,283
248,8266,20,0.9910527467727661,0.572723925113678,-0.022079939022660255,0.6788457036018372,951,309
248,8266,21,0.9415093660354614,0.5230401158332825,0.08583004772663116,0.03085315227508545,903,282
248,8266,22,0.9885842204093933,0.562241792678833,-0.0162022914737463,0.5818901658058167,949,303
248,8266,23,0.9404967427253723,0.5306670665740967,0.034874387085437775,0.9999513030052185,902,286
248,8266,24,0.9658448100090027,0.5330616235733032,-0.03501691669225693,0.9999725222587585,927,287
248,8266,25,0.9596958160400391,0.6417534351348877,0.07767967134714127,0.727246880531311,921,346
248,8266,26,0.9695184230804443,0.65376877784729,0.014997927471995354,0.9056224822998047,930,353
248,8266,27,0.9147383570671082,0.7260578870773315,0.10311819612979889,0.9065127372741699,878,392
248,8266,28,0.9483965635299683,0.7648805379867554,0.047913383692502975,0.9618628621101379,910,413
248,8266,29,0.9015599489212036,0.7346064448356628,0.10429935902357101,0.8832979202270508,865,396
248,8266,30,0.9383793473243713,0.7890076041221619,0.05089588463306427,0.86888188123703,900,426
248,8266,31,0.9032323956489563,0.7719563245773315,0.08868370205163956,0.8118319511413574,867,416
248,8266,32,0.9731654524803162,0.7966935634613037,0.02816278301179409,0.8753911852836609,934,430
249,8300,0,0.9773091673851013,0.2894497811794281,0.05156513676047325,0.9871786236763,938,156
249,8300,1,0.9744178652763367,0.27876991033554077,0.043109238147735596,0.9844797253608704,935,150
249,8300,2,0.9717803597450256,0.2781071066856384,0.04298924282193184,0.9804089069366455,932,150
249,8300,3,0.9692211151123047,0.2775229811668396,0.043003059923648834,0.9863664507865906,930,149
249,8300,4,0.9808947443962097,0.28101226687431335,0.03370002284646034,0.9903508424758911,941,151
249,8300,5,0.9828071594238281,0.2819073498249054,0.033515557646751404,0.9924915432929993,943,152
249,8300,6,0.9845479726791382,0.282792329788208,0.0334601029753685,0.9954974055290222,945,152
249,8300,7,0.9641962051391602,0.2819661796092987,0.010522480122745037,0.9926209449768066,925,152
249,8300,8,0.9857860803604126,0.2903386652469635,-0.025391552597284317,0.9939343333244324,946,156
249,8300,9,0.9721680879592896,0.3005176782608032,0.04646798595786095,0.9900829792022705,933,162
249,8300,10,0.9780362248420715,0.3024127185344696,0.033903464674949646,0.9927889704704285,938,163
249,8300,11,0.9389181733131409,0.3564208745956421,0.026839755475521088,0.9996814727783203,901,192
249,8300,12,0.9889538884162903,0.36164286732673645,-0.05378391966223717,0.9998788237571716,949,195
249,8300,13,0.9301521182060242,0.44666025042533875,0.06711556017398834,0.053317975252866745,892,241
249,8300,14,0.9895504117012024,0.4672743082046509,-0.04682907089591026,0.8919651508331299,949,252
249,8300,15,0.9376656413078308,0.5015638470649719,0.09336185455322266,0.030721621587872505,900,270
249,8300,16,0.993364155292511,0.5450687408447266,-0.010169800370931625,0.7846304774284363,953,294
249,8300,17,0.9360812306404114,0.5214011073112488,0.0987473800778389,0.03888040781021118,898,281
249,8300,18,0.9942301511764526,0.568395733833313,-0.014432268217206001,0.697348952293396,954,306
249,8300,19,0.9411451816558838,0.5222277045249939,0.08825232833623886,0.03614068776369095,903,282
249,8300,20,0.9923957586288452,0.5696164965629578,-0.017220737412571907,0.6780350208282471,952,307
249,8300,21,0.9432209730148315,0.5183404684066772,0.09014083445072174,0.028729943558573723,905,279
249,8300,22,0.9907447695732117,0.5612666010856628,-0.010562878102064133,0.5800542235374451,951,303
249,8300,23,0.9425688982009888,0.52784663438797,0.0324600450694561,0.9999502301216125,904,285
249,8300,24,0.9668198823928833,0.5308880805969238,-0.03260451927781105,0.9999722242355347,928,286
249,8300,25,0.9616451859474182,0.6385812759399414,0.07459922134876251,0.7388899922370911,923,344
249,8300,26,0.9716424345970154,0.6504905819892883,0.015534992329776287,0.9083200097084045,932,351
249,8300,27,0.9208616018295288,0.7269513607025146,0.0967244803905487,0.9105276465415955,884,392
249,8300,28,0.9453819990158081,0.763133704662323,0.049452975392341614,0.9639317989349365,907,412
249,8300,29,0.9067580103874207,0.7390012145042419,0.09695741534233093,0.8879932761192322,870,399
249,8300,30,0.9363424777984619,0.7871546745300293,0.052363451570272446,0.8766722679138184,898,425
249,8300,31,0.9078296422958374,0.7719546556472778,0.07730042934417725,0.8184313774108887,871,416
249,8300,32,0.9563509821891785,0.8005463480949402,0.02918163500726223,0.8820428848266602,918,432
250,8333,0,0.9819704294204712,0.2898012399673462,0.049867793917655945,0.9783266186714172,942,156
250,8333,1,0.9791017174720764,0.27914705872535706,0.041645992547273636,0.9729124903678894,939,150
250,8333,2,0.9769189357757568,0.2784687876701355,0.04152749851346016,0.9681546688079834,937,150
250,8333,3,0.974240243434906,0.27782881259918213,0.04154464229941368,0.9768643379211426,935,150
250,8333,4,0.984940767288208,0.281180202960968,0.0321420356631279,0.9810523390769958,945,151
250,8333,5,0.9866623282432556,0.28195640444755554,0.031958673149347305,0.9855716228485107,947,152
250,8333,6,0.9882696866989136,0.2827080190181732,0.03189953416585922,0.9907717108726501,948,152
250,8333,7,0.9692904353141785,0.2821749746799469,0.011670665815472603,0.9889079928398132,930,152
250,8333,8,0.9891930222511292,0.2901553213596344,-0.02629685401916504,0.9888082146644592,949,156
250,8333,9,0.978882908821106,0.3008306920528412,0.04524070397019386,0.9835686683654785,939,162
250,8333,10,0.9838157892227173,0.3025762438774109,0.03229955583810806,0.9868868589401245,944,163
250,8333,11,0.9449811577796936,0.3559218943119049,0.02724570967257023,0.9995944499969482,907,192
250,8333,12,0.9933436512947083,0.3562029004096985,-0.05800723657011986,0.999819815158844,953,192
250,8333,13,0.9377573132514954,0.4464275538921356,0.06465591490268707,0.051286645233631134,900,241
250,8333,14,0.9910410046577454,0.45761245489120483,-0.05036485940217972,0.8766298890113831,951,247
250,8333,15,0.9437388181686401,0.5051800608634949,0.07928400486707687,0.028410347178578377,905,272
250,8333,16,0.997131884098053,0.5298171639442444,-0.02618570812046528,0.72890704870224,957,286
250,8333,17,0.943392813205719,0.5236350893974304,0.0836840495467186,0.036036185920238495,905,282
250,8333,18,0.9962393641471863,0.5546270608901978,-0.0330624096095562,0.6443537473678589,956,299
250,8333,19,0.9462271332740784,0.5243268013000488,0.07435395568609238,0.03351093456149101,908,283
250,8333,20,0.9964253902435303,0.554912269115448,-0.03766763582825661,0.6256706714630127,956,299
250,8333,21,0.9491540789604187,0.5209681987762451,0.0762583464384079,0.026693519204854965,911,281
250,8333,22,0.9950178861618042,0.544502317905426,-0.027982443571090698,0.5332438945770264,955,294
250,8333,23,0.9490640759468079,0.527104377746582,0.034625884145498276,0.9999117255210876,911,284
250,8333,24,0.9762596487998962,0.5300703048706055,-0.034755103290081024,0.999951958656311,937,286
250,8333,25,0.9587244391441345,0.6157102584838867,0.12459893524646759,0.7074501514434814,920,332
250,8333,26,0.973686933517456,0.6488714814186096,0.01849764958024025,0.9084856510162354,934,350
250,8333,27,0.9430994391441345,0.7254765033721924,0.18087369203567505,0.8980295658111572,905,391
250,8333,28,0.9466712474822998,0.7619390487670898,0.04684567078948021,0.9649173617362976,908,411
250,8333,29,0.9392471313476562,0.7398982644081116,0.1841040998697281,0.8717175126075745,901,399
250,8333,30,0.9368906021118164,0.7859292030334473,0.04827321320772171,0.8752266764640808,899,424
250,8333,31,0.9445878863334656,0.7517616152763367,0.16470493376255035,0.7957302331924438,906,405
250,8333,32,0.9733321070671082,0.7998536229133606,0.012970850802958012,0.8818376064300537,934,431
251,8366,0,0.9811626672744751,0.29008492827415466,0.052393246442079544,0.9582656025886536,941,156
251,8366,1,0.9786427021026611,0.2793624997138977,0.04349362477660179,0.9490034580230713,939,150
251,8366,2,0.9763127565383911,0.2787472903728485,0.04337620735168457,0.9428956508636475,937,150
251,8366,3,0.9741899371147156,0.27815091609954834,0.0433894582092762,0.9574265480041504,935,150
251,8366,4,0.984513521194458,0.2811254858970642,0.0343303345143795,0.9600674510002136,945,151
251,8366,5,0.986311137676239,0.28179317712783813,0.03414097800850868,0.9689881801605225,946,152
251,8366,6,0.9879350066184998,0.2824338674545288,0.03405975177884102,0.9793422818183899,948,152
251,8366,7,0.9695924520492554,0.28258565068244934,0.013173386454582214,0.9800078868865967,930,152
251,8366,8,0.9887155294418335,0.2897651195526123,-0.025935174897313118,0.9757840037345886,949,156
251,8366,9,0.9775277972221375,0.3010624349117279,0.047157466411590576,0.9700598120689392,938,162
251,8366,10,0.9831218123435974,0.30274710059165955,0.03427370637655258,0.9740012884140015,943,163
251,8366,11,0.9443210959434509,0.35555440187454224,0.028933828696608543,0.9993661046028137,906,191
251,8366,12,0.9948673844337463,0.35277366638183594,-0.06001028046011925,0.9996472001075745,955,190
251,8366,13,0.9357152581214905,0.4450320601463318,0.05539951100945473,0.0480162650346756,898,240
251,8366,14,0.9910421371459961,0.4451741874217987,-0.06690381467342377,0.8354440927505493,951,240
251,8366,15,0.9474745988845825,0.49455198645591736,0.05244980752468109,0.02613610029220581,909,267
251,8366,16,0.9936479330062866,0.5040445923805237,-0.04703974351286888,0.6633655428886414,953,272
251,8366,17,0.9480670690536499,0.5156025290489197,0.05443212017416954,0.033353909850120544,910,278
251,8366,18,0.9955289959907532,0.5222439765930176,-0.05364047735929489,0.5859946012496948,955,282
251,8366,19,0.9529828429222107,0.5128049254417419,0.04655586928129196,0.031038163229823112,914,276
251,8366,20,0.9930773973464966,0.5201857089996338,-0.05282442644238472,0.5687962770462036,953,280
251,8366,21,0.9549129009246826,0.5088163018226624,0.04939965158700943,0.024758843705058098,916,274
251,8366,22,0.9904337525367737,0.5153416991233826,-0.04687570407986641,0.4841760993003845,950,278
251,8366,23,0.95103520154953,0.5266520977020264,0.036774296313524246,0.9998276233673096,912,284
251,8366,24,0.9778574705123901,0.5293046832084656,-0.03689562901854515,0.9999035596847534,938,285
251,8366,25,0.959506094455719,0.6178427338600159,0.11472555994987488,0.6643023490905762,921,333
251,8366,26,0.9734471440315247,0.6484751105308533,-0.0001481513463659212,0.8964226245880127,934,350
251,8366,27,0.944639265537262,0.7270264029502869,0.16568933427333832,0.8677980899810791,906,392
251,8366,28,0.9477666020393372,0.7625380158424377,0.019325055181980133,0.9601871371269226,909,411
251,8366,29,0.9400254487991333,0.7401037216186523,0.1683868020772934,0.8401783108711243,902,399
251,8366,30,0.9361305832862854,0.7885138988494873,0.01999438926577568,0.8575724363327026,898,425
251,8366,31,0.9492804408073425,0.7532663345336914,0.14733882248401642,0.7535462379455566,911,406
251,8366,32,0.9759146571159363,0.7992265224456787,-0.0190140251070261,0.8639050722122192,936,431
252,8400,0,0.9861176609992981,0.2909129559993744,0.0535532645881176,0.8948963284492493,946,157
252,8400,1,0.9833882451057434,0.2798539400100708,0.04646934196352959,0.8792362213134766,944,151
252,8400,2,0.9809526205062866,0.27949976921081543,0.046362850815057755,0.8733080625534058,941,150
252,8400,3,0.9790201783180237,0.27928826212882996,0.04637933522462845,0.8941797018051147,939,150
252,8400,4,0.9888345003128052,0.28121158480644226,0.035844266414642334,0.8952117562294006,949,151
252,8400,5,0.9904838800430298,0.2819211184978485,0.035658977925777435,0.9096916317939758,950,152
252,8400,6,0.9920250177383423,0.28251948952674866,0.03556317090988159,0.9327976703643799,952,152
252,8400,7,0.9742923974990845,0.28343769907951355,0.026077013462781906,0.9336526393890381,935,153
252,8400,8,0.9926283359527588,0.2895401120185852,-0.022868353873491287,0.9290469288825989,952,156
252,8400,9,0.9836050868034363,0.30187591910362244,0.05082574859261513,0.9158274531364441,944,163
252,8400,10,0.9885270595550537,0.3030940890312195,0.035788893699645996,0.925038754940033,948,163
252,8400,11,0.9508334398269653,0.35559260845184326,0.05032847076654434,0.9983476400375366,912,192
252,8400,12,0.9996894598007202,0.34957242012023926,-0.061083145439624786,0.9990715384483337,959,188
252,8400,13,0.9394834041595459,0.4440661668777466,0.05719607323408127,0.04357993230223656,901,239
252,8400,14,0.99690842628479,0.44643500447273254,-0.0627737045288086,0.7598657011985779,957,241
252,8400,15,0.963446319103241,0.47710174322128296,0.03338628262281418,0.023646218702197075,924,257
252,8400,16,0.9984098672866821,0.47314000129699707,-0.018287846818566322,0.598192572593689,958,255
252,8400,17,0.9664074778556824,0.48372283577919006,0.03254646435379982,0.0303043220192194,927,261
252,8400,18,1.001058578491211,0.47601476311683655,-0.024281790480017662,0.5286769270896912,961,257
252,8400,19,0.9715586304664612,0.47908371686935425,0.022276928648352623,0.02822270616889,932,258
252,8400,20,0.9968085885047913,0.4698803722858429,-0.023311758413910866,0.513170599937439,956,253
252,8400,21,0.9719704389572144,0.4764930307865143,0.02836824767291546,0.022553464397788048,933,257
252,8400,22,0.9939673542976379,0.46848806738853455,-0.017453372478485107,0.43676653504371643,954,252
252,8400,23,0.9592796564102173,0.5219267010688782,0.04668750613927841,0.9992719292640686,920,281
252,8400,24,0.9812376499176025,0.5216439366340637,-0.04676865041255951,0.9996658563613892,941,281
252,8400,25,0.974008321762085,0.6074169874191284,0.1487806737422943,0.6005516052246094,935,328
252,8400,26,0.978718638420105,0.6435443758964539,-0.0663989707827568,0.8814296722412109,939,347
252,8400,27,0.9627902507781982,0.6885551810264587,0.24031232297420502,0.7909586429595947,924,371
252,8400,28,0.9513744115829468,0.7623965740203857,-0.043167173862457275,0.9433943629264832,913,411
252,8400,29,0.9592296481132507,0.699692964553833,0.24803854525089264,0.7697800397872925,920,377
252,8400,30,0.9389082193374634,0.7880460619926453,-0.04059126228094101,0.8174195885658264,901,425
252,8400,31,0.9629782438278198,0.706254243850708,0.240036278963089,0.6836186647415161,924,381
252,8400,32,0.9790576100349426,0.7987627983093262,-0.07599285244941711,0.8221854567527771,939,431
253,8433,0,0.9871322512626648,0.2920273244380951,0.11070653051137924,0.847080409526825,947,157
253,8433,1,0.9839094281196594,0.28079238533973694,0.10162034630775452,0.8221182227134705,944,151
253,8433,2,0.9818437695503235,0.2807563245296478,0.10153165459632874,0.818665623664856,942,151
253,8433,3,0.9798864126205444,0.2808021903038025,0.10154248028993607,0.8445295691490173,940,151
253,8433,4,0.989640474319458,0.28132981061935425,0.09218789637088776,0.8415011763572693,950,151
253,8433,5,0.9916170239448547,0.2819826006889343,0.09202840179204941,0.8632757067680359,951,152
253,8433,6,0.9932441115379333,0.2825966477394104,0.09194407612085342,0.8949829339981079,953,152
253,8433,7,0.975932240486145,0.28483790159225464,0.06618716567754745,0.9063741564750671,936,153
253,8433,8,0.9942989945411682,0.2896108329296112,0.022591058164834976,0.8950601816177368,954,156
253,8433,9,0.9842048287391663,0.3024819493293762,0.10246743261814117,0.8765987157821655,944,163
253,8433,10,0.9897745251655579,0.3033488392829895,0.08882734924554825,0.887996256351471,950,163
253,8433,11,0.9517237544059753,0.35577788949012756,0.07437478005886078,0.9979942440986633,913,192
253,8433,12,1.0026143789291382,0.34959137439727783,-0.032556112855672836,0.9988235831260681,962,188
253,8433,13,0.9393060207366943,0.44407033920288086,0.07586440443992615,0.04021396487951279,901,239
253,8433,14,0.9964897036552429,0.4452592730522156,-0.04640314355492592,0.6956427097320557,956,240
253,8433,15,0.9593278169631958,0.4801669120788574,0.056760773062705994,0.021515291184186935,920,259
253,8433,16,1.0013848543167114,0.46653854846954346,-0.01328515075147152,0.5399536490440369,961,251
253,8433,17,0.9608514904975891,0.4885289967060089,0.05704351142048836,0.02774563618004322,922,263
253,8433,18,1.005597472190857,0.46936511993408203,-0.020838452503085136,0.47755223512649536,965,253
253,8433,19,0.965725302696228,0.48386648297309875,0.05063507333397865,0.025865118950605392,927,261
253,8433,20,1.0020654201507568,0.46128058433532715,-0.016664553433656693,0.463538259267807,961,249
253,8433,21,0.9668731093406677,0.48072248697280884,0.05362687259912491,0.020709563046693802,928,259
253,8433,22,0.9982154369354248,0.459989070892334,-0.011562732979655266,0.3943677842617035,958,248
253,8433,23,0.9593284726142883,0.5168694257736206,0.048205651342868805,0.9988083839416504,920,279
253,8433,24,0.981033205986023,0.5189123749732971,-0.04827190935611725,0.9994456171989441,941,280
253,8433,25,0.9717648029327393,0.6006161570549011,0.1655024141073227,0.5451703071594238,932,324
253,8433,26,0.9792839288711548,0.6416826844215393,-0.07565765827894211,0.8822723031044006,940,346
253,8433,27,0.9669948816299438,0.6865575909614563,0.2591418921947479,0.7301214933395386,928,370
253,8433,28,0.952475368976593,0.7626939415931702,-0.06837882846593857,0.9389219284057617,914,411
253,8433,29,0.9653369188308716,0.6823949217796326,0.26708096265792847,0.7172322869300842,926,368
253,8433,30,0.9392016530036926,0.7881126999855042,-0.0671432837843895,0.7997353076934814,901,425
253,8433,31,0.968650221824646,0.7017807960510254,0.26296794414520264,0.6231065988540649,929,378
253,8433,32,0.980412483215332,0.7987252473831177,-0.10236342996358871,0.8004270792007446,941,431
254,8466,0,0.9918979406356812,0.30166003108024597,0.03613833710551262,0.8084771633148193,952,162
254,8466,1,0.9924229979515076,0.2945457100868225,0.040805015712976456,0.7823579907417297,952,159
254,8466,2,0.9914092421531677,0.29456111788749695,0.040655091404914856,0.7800195217132568,951,159
254,8466,3,0.9904524087905884,0.2949698567390442,0.040661223232746124,0.8112274408340454,950,159
254,8466,4,0.9937927722930908,0.2942599356174469,0.027007518336176872,0.8014267086982727,954,158
254,8466,5,0.9938254952430725,0.29429763555526733,0.026803016662597656,0.8264049291610718,954,158
254,8466,6,0.9938361644744873,0.29418429732322693,0.02665364369750023,0.8619740009307861,954,158
254,8466,7,0.9824221134185791,0.29546016454696655,0.04847345128655434,0.886832058429718,943,159
254,8466,8,0.9911882877349854,0.29530802369117737,0.004491658415645361,0.8546497225761414,951,159
254,8466,9,0.9906931519508362,0.31222182512283325,0.04857780784368515,0.8359445333480835,951,168
254,8466,10,0.9919655323028564,0.31249749660491943,0.02906656637787819,0.8465746641159058,952,168
254,8466,11,0.9611920714378357,0.3560565114021301,0.07520237565040588,0.9975244998931885,922,192
254,8466,12,0.9988093972206116,0.34764182567596436,-0.04404092952609062,0.9985471367835999,958,187
254,8466,13,0.947895884513855,0.4418926537036896,0.0796835869550705,0.03664878383278847,909,238
254,8466,14,0.9904733896255493,0.4329635202884674,-0.09739185869693756,0.6752739548683167,950,233
254,8466,15,0.960069477558136,0.4903462827205658,0.055869054049253464,0.019713545218110085,921,264
254,8466,16,0.9951640963554382,0.47635266184806824,-0.11257149279117584,0.49237632751464844,955,257
254,8466,17,0.9610574841499329,0.5008299946784973,0.056135691702365875,0.025618169456720352,922,270
254,8466,18,0.9979017972946167,0.4864174723625183,-0.1258668750524521,0.43643224239349365,957,262
254,8466,19,0.9667872786521912,0.4995673894882202,0.045929308980703354,0.02392074093222618,928,269
254,8466,20,0.9966142177581787,0.48178377747535706,-0.11895647644996643,0.423056423664093,956,260
254,8466,21,0.9671533703804016,0.4926844835281372,0.05128636583685875,0.01922324113547802,928,266
254,8466,22,0.9936873912811279,0.47851914167404175,-0.11058088392019272,0.3592822849750519,953,258
254,8466,23,0.9630552530288696,0.5137346386909485,0.04741682857275009,0.9988398551940918,924,277
254,8466,24,0.9775609374046326,0.5145518183708191,-0.04750121757388115,0.9994502067565918,938,277
254,8466,25,0.9808342456817627,0.6080488562583923,0.08869107067584991,0.5148818492889404,941,328
254,8466,26,0.9818429350852966,0.6322410702705383,-0.06515348702669144,0.887956440448761,942,341
254,8466,27,0.9716514348983765,0.700607419013977,0.1125354915857315,0.7184699177742004,932,378
254,8466,28,0.9535349011421204,0.76256263256073,-0.08125180751085281,0.9422272443771362,915,411
254,8466,29,0.9725666642189026,0.6975942254066467,0.11198738217353821,0.6940142512321472,933,376
254,8466,30,0.941040575504303,0.7871429324150085,-0.08383448421955109,0.7985784411430359,903,425
254,8466,31,0.9800385236740112,0.708199143409729,0.08665315806865692,0.6140479445457458,940,382
254,8466,32,0.9799900650978088,0.7933670878410339,-0.125142902135849,0.8117050528526306,940,428
255,8500,0,0.995785653591156,0.3009817600250244,0.020840516313910484,0.7460577487945557,955,162
255,8500,1,0.9932743310928345,0.2935764193534851,0.023879623040556908,0.7205373048782349,953,158
255,8500,2,0.9911112189292908,0.2930876612663269,0.02372230775654316,0.7194817066192627,951,158
255,8500,3,0.9911863207817078,0.29404738545417786,0.02372569963335991,0.7542182207107544,951,158
255,8500,4,0.994580864906311,0.2934035062789917,0.010618215426802635,0.737116277217865,954,158
255,8500,5,0.9927493333816528,0.29301339387893677,0.010412386618554592,0.7623704075813293,953,158
255,8500,6,0.9925550818443298,0.29306450486183167,0.010262091644108295,0.8002170920372009,952,158
255,8500,7,0.9844903945922852,0.2961965799331665,0.040377821773290634,0.840639591217041,945,159
255,8500,8,0.990498423576355,0.2954005300998688,-0.012657884508371353,0.7876976728439331,950,159
255,8500,9,0.9905725717544556,0.31282711029052734,0.030514908954501152,0.7773776054382324,950,168
255,8500,10,0.9913997650146484,0.31292909383773804,0.011883152648806572,0.785882830619812,951,168
255,8500,11,0.9608640074729919,0.3561941087245941,0.06724701076745987,0.9971323609352112,922,192
255,8500,12,0.9949126839637756,0.3472737669944763,-0.04554086923599243,0.99808269739151,955,187
255,8500,13,0.9478527307510376,0.4420563578605652,0.07664845883846283,0.03348825126886368,909,238
255,8500,14,0.9898971915245056,0.435573935508728,-0.09916361421346664,0.6412183046340942,950,235
255,8500,15,0.9549547433853149,0.5079815983772278,0.05334405601024628,0.018177814781665802,916,274
255,8500,16,0.9940264225006104,0.48562654852867126,-0.10308507084846497,0.44699880480766296,954,262
255,8500,17,0.9554513096809387,0.524718701839447,0.053350888192653656,0.023796752095222473,917,283
255,8500,18,0.9974263310432434,0.4974648356437683,-0.1154036596417427,0.3966795802116394,957,268
255,8500,19,0.9606896638870239,0.5256729125976562,0.041154541075229645,0.022233180701732635,922,283
255,8500,20,0.9967955350875854,0.49300745129585266,-0.10952330380678177,0.38406652212142944,956,266
255,8500,21,0.9615077376365662,0.5180239081382751,0.04802967607975006,0.017902864143252373,923,279
255,8500,22,0.9938322901725769,0.488961786031723,-0.10122967511415482,0.3258098065853119,954,264
255,8500,23,0.9636107683181763,0.5132534503936768,0.047455109655857086,0.9989087581634521,925,277
255,8500,24,0.9774211049079895,0.5132907629013062,-0.04754404351115227,0.999472975730896,938,277
255,8500,25,0.9821507930755615,0.603835940361023,0.0855916440486908,0.4840712249279022,942,326
255,8500,26,0.9838656783103943,0.632221519947052,-0.05926753208041191,0.8904531598091125,944,341
255,8500,27,0.9733843207359314,0.7045948505401611,0.11372459679841995,0.7088791728019714,934,380
255,8500,28,0.9553602933883667,0.7622435688972473,-0.062462177127599716,0.9443886280059814,917,411
255,8500,29,0.9729055166244507,0.7093480825424194,0.11361835151910782,0.6709893345832825,933,383
255,8500,30,0.9418376684188843,0.7865498065948486,-0.06360046565532684,0.7919349074363708,904,424
255,8500,31,0.985241174697876,0.722274899482727,0.08728203922510147,0.6040682196617126,945,390
255,8500,32,0.9822351336479187,0.7901402711868286,-0.10434584319591522,0.8187536001205444,942,426
256,8533,0,0.9966134428977966,0.3008400797843933,-0.03592531010508537,0.7290542721748352,956,162
256,8533,1,0.9953277707099915,0.29299163818359375,-0.029639681801199913,0.69718337059021,955,158
256,8533,2,0.9949820637702942,0.29271218180656433,-0.0297690462321043,0.6937353014945984,955,158
256,8533,3,0.995092511177063,0.2934914827346802,-0.029739150777459145,0.731552243232727,955,158
256,8533,4,0.9946409463882446,0.2928157150745392,-0.04209855571389198,0.7246050834655762,954,158
256,8533,5,0.9934703707695007,0.2925429344177246,-0.042321085929870605,0.7547912001609802,953,157
256,8533,6,0.9927677512168884,0.29253143072128296,-0.04249187931418419,0.7980695366859436,953,157
256,8533,7,0.9914295673370361,0.29693087935447693,0.007249439135193825,0.8229596018791199,951,160
256,8533,8,0.9898178577423096,0.29557833075523376,-0.049357619136571884,0.7840354442596436,950,159
256,8533,9,0.9954853057861328,0.3122261166572571,-0.019557299092411995,0.7569799423217773,955,168
256,8533,10,0.9938884377479553,0.3125101625919342,-0.03707236796617508,0.7760298848152161,954,168
256,8533,11,0.9828094244003296,0.35621947050094604,0.06467324495315552,0.9952963590621948,943,192
256,8533,12,0.9867842197418213,0.3457595705986023,-0.07399407774209976,0.9979997277259827,947,186
256,8533,13,0.9650521874427795,0.44631075859069824,0.07377012073993683,0.03045918233692646,926,241
256,8533,14,0.9695292115211487,0.43594127893447876,-0.10325047373771667,0.6530672311782837,930,235
256,8533,15,0.964651346206665,0.5144596099853516,0.041686005890369415,0.01659967377781868,926,277
256,8533,16,0.966447114944458,0.4991026818752289,-0.10802627354860306,0.43023449182510376,927,269
256,8533,17,0.9627494812011719,0.532092273235321,0.04119528830051422,0.02197294309735298,924,287
256,8533,18,0.9631232023239136,0.5138876438140869,-0.12281064689159393,0.37965816259384155,924,277
256,8533,19,0.9672325849533081,0.5306308269500732,0.025550460442900658,0.02061839960515499,928,286
256,8533,20,0.9645777940750122,0.5164798498153687,-0.12277828902006149,0.36836567521095276,925,278
256,8533,21,0.9677610993385315,0.5232692956924438,0.034828078001737595,0.016696833074092865,929,282
256,8533,22,0.966012179851532,0.5117883682250977,-0.10850776731967926,0.31179410219192505,927,276
256,8533,23,0.9739486575126648,0.5114740133285522,0.04815137758851051,0.9984879493713379,934,276
256,8533,24,0.9756038188934326,0.5107772946357727,-0.04823244363069534,0.9993594288825989,936,275
256,8533,25,0.9829489588737488,0.6057249903678894,0.08873043954372406,0.44648170471191406,943,327
256,8533,26,0.9852081537246704,0.6107358336448669,-0.0892556831240654,0.8938745260238647,945,329
256,8533,27,0.9653918743133545,0.6979466676712036,0.12366298586130142,0.686262309551239,926,376
256,8533,28,0.9535099267959595,0.7616275548934937,-0.062343813478946686,0.9455880522727966,915,411
256,8533,29,0.9620110988616943,0.7071945667266846,0.12029571831226349,0.6367841958999634,923,381
256,8533,30,0.9407528638839722,0.7796398401260376,-0.06036139652132988,0.7814122438430786,903,421
256,8533,31,0.971682608127594,0.7243592143058777,0.10752686858177185,0.5909106731414795,932,391
256,8533,32,0.9806742072105408,0.7912282943725586,-0.1156163439154625,0.8264422416687012,941,427
257,8566,0,1.0008352994918823,0.3007451593875885,-0.05826234444975853,0.7142826318740845,960,162
257,8566,1,1.0011839866638184,0.2924955189228058,-0.05137668922543526,0.6759065389633179,961,157
257,8566,2,1.0017027854919434,0.2920864522457123,-0.05150841921567917,0.6695501804351807,961,157
257,8566,3,1.0022971630096436,0.2927597463130951,-0.05148264393210411,0.7101216316223145,962,158
257,8566,4,0.9987379312515259,0.2927500605583191,-0.062057916074991226,0.7158352136611938,958,158
257,8566,5,0.9974602460861206,0.29247671365737915,-0.06228802353143692,0.7506816387176514,957,157
257,8566,6,0.9962444305419922,0.2923654317855835,-0.062469612807035446,0.7985438704490662,956,157
257,8566,7,0.9957336783409119,0.29673585295677185,-0.010590906254947186,0.8023837208747864,955,160
257,8566,8,0.9910544157028198,0.2941228747367859,-0.059468116611242294,0.7832684516906738,951,158
257,8566,9,1.0010162591934204,0.311777263879776,-0.040335431694984436,0.7367554306983948,960,168
257,8566,10,0.9974337220191956,0.31125617027282715,-0.05550350248813629,0.7675482034683228,957,168
257,8566,11,0.99519944190979,0.35804179310798645,0.048054929822683334,0.9911602139472961,955,193
257,8566,12,0.9857762455940247,0.346126914024353,-0.08094973117113113,0.9976741671562195,946,186
257,8566,13,0.9705636501312256,0.4491051137447357,0.06277502328157425,0.027715500444173813,931,242
257,8566,14,0.9659932851791382,0.4377044439315796,-0.10182449221611023,0.658386766910553,927,236
257,8566,15,0.9684792757034302,0.5132907629013062,0.022127991542220116,0.015117213129997253,929,277
257,8566,16,0.9610220789909363,0.5041185021400452,-0.10832046717405319,0.40441596508026123,922,272
257,8566,17,0.9668008685112,0.5306644439697266,0.018472107127308846,0.02025744691491127,928,286
257,8566,18,0.9575402140617371,0.5215738415718079,-0.12328539788722992,0.3570496439933777,919,281
257,8566,19,0.970757246017456,0.5297641158103943,0.0023531720507889986,0.019115248695015907,931,286
257,8566,20,0.959452211856842,0.5250436067581177,-0.12632599472999573,0.34814193844795227,921,283
257,8566,21,0.9707379937171936,0.5223755836486816,0.014767863787710667,0.015569894574582577,931,282
257,8566,22,0.960997998714447,0.5191887617111206,-0.10991416871547699,0.29494160413742065,922,280
257,8566,23,0.981532096862793,0.5130017399787903,0.047826189547777176,0.9974433779716492,942,277
257,8566,24,0.9746862053871155,0.5113857388496399,-0.04792327061295509,0.999009370803833,935,276
257,8566,25,0.9852907061576843,0.6130680441856384,0.06637979298830032,0.4134986698627472,945,331
257,8566,26,0.9829174876213074,0.6113928556442261,-0.1092642992734909,0.8928319215774536,943,330
257,8566,27,0.9607002139091492,0.7149530053138733,0.11546269059181213,0.668545126914978,922,386
257,8566,28,0.9526460766792297,0.760075569152832,-0.07454530149698257,0.943571925163269,914,410
257,8566,29,0.9570154547691345,0.7268035411834717,0.11668667197227478,0.6058381199836731,918,392
257,8566,30,0.94096440076828,0.7738547921180725,-0.07174336910247803,0.7619162201881409,903,417
257,8566,31,0.9682231545448303,0.7473841905593872,0.06479775160551071,0.5821471810340881,929,403
257,8566,32,0.9798818826675415,0.7913354635238647,-0.13360729813575745,0.8296344876289368,940,427
258,8600,0,0.9959957003593445,0.3402584195137024,0.022041719406843185,0.7219358682632446,956,183
258,8600,1,0.995688796043396,0.33598825335502625,0.03036353923380375,0.6765325665473938,955,181
258,8600,2,0.994852602481842,0.33554139733314514,0.030273577198386192,0.6641578674316406,955,181
258,8600,3,0.9944601655006409,0.3351505398750305,0.030283788219094276,0.7066518068313599,954,180
258,8600,4,0.9960788488388062,0.33121585845947266,0.01805868186056614,0.7336353063583374,956,178
258,8600,5,0.9955013990402222,0.3307807743549347,0.017841339111328125,0.7679075598716736,955,178
258,8600,6,0.9952027797698975,0.32994693517684937,0.017699990421533585,0.8144279718399048,955,178
258,8600,7,0.9886316061019897,0.33434346318244934,0.059425774961709976,0.8017969727516174,949,180
258,8600,8,0.9896413683891296,0.33438432216644287,0.004251210018992424,0.7999974489212036,950,180
258,8600,9,0.9947459697723389,0.3492266535758972,0.03706954047083855,0.7434391975402832,954,188
258,8600,10,0.9940519332885742,0.34921398758888245,0.019679145887494087,0.7833631634712219,954,188
258,8600,11,0.9812641143798828,0.36523523926734924,0.08680123835802078,0.9908457398414612,942,197
258,8600,12,0.9817323088645935,0.3587925434112549,-0.024975473061203957,0.9978829622268677,942,193
258,8600,13,0.9815380573272705,0.36461341381073,0.11415483057498932,0.027470245957374573,942,196
258,8600,14,0.9613186717033386,0.4386756718158722,-0.07117909938097,0.6814157366752625,922,236
258,8600,15,0.9906328320503235,0.3071025311946869,0.12592270970344543,0.01721513457596302,951,165
258,8600,16,0.9526005983352661,0.5054174065589905,-0.10342489182949066,0.4599308967590332,914,272
258,8600,17,0.9899981617927551,0.2892810106277466,0.12884557247161865,0.0243742186576128,950,156
258,8600,18,0.9488016366958618,0.5240932106971741,-0.11701061576604843,0.4162110984325409,910,283
258,8600,19,0.9906638860702515,0.2885932922363281,0.12187837064266205,0.02369874157011509,951,155
258,8600,20,0.9501823782920837,0.53114253282547,-0.12007647007703781,0.4081619679927826,912,286
258,8600,21,0.9904102087020874,0.2913053333759308,0.12287192791700363,0.019955018535256386,950,157
258,8600,22,0.9535733461380005,0.5227853059768677,-0.10552952438592911,0.3567110300064087,915,282
258,8600,23,0.9742044806480408,0.5132563710212708,0.0440947487950325,0.9970707893371582,935,277
258,8600,24,0.9739855527877808,0.5087117552757263,-0.04427039250731468,0.9989587068557739,935,274
258,8600,25,0.9846111536026001,0.6009712219238281,0.04610712453722954,0.37986260652542114,945,324
258,8600,26,0.9808017611503601,0.5717275142669678,-0.1016402617096901,0.8921223282814026,941,308
258,8600,27,0.9601832628250122,0.6766368746757507,0.07509961724281311,0.6182863116264343,921,365
258,8600,28,0.9535588026046753,0.7526947855949402,-0.14446140825748444,0.943073570728302,915,406
258,8600,29,0.9555648565292358,0.6842514872550964,0.07664594054222107,0.5691820979118347,917,369
258,8600,30,0.9411505460739136,0.7711655497550964,-0.14853209257125854,0.7660877108573914,903,416
258,8600,31,0.9650961756706238,0.7037990689277649,0.06039034202694893,0.5460391044616699,926,380
258,8600,32,0.9789406657218933,0.7919818162918091,-0.1883424073457718,0.8337506651878357,939,427
259,8633,0,0.9937416911125183,0.34659332036972046,0.024725649505853653,0.7262907028198242,953,187
259,8633,1,0.9928805828094482,0.34039750695228577,0.030657609924674034,0.6733683347702026,953,183
259,8633,2,0.9916762113571167,0.3404993712902069,0.03056488372385502,0.6560630202293396,952,183
259,8633,3,0.9910165071487427,0.34097182750701904,0.03057738021016121,0.6998700499534607,951,184
259,8633,4,0.9958533644676208,0.33883461356163025,0.019616147503256798,0.7469599843025208,956,182
259,8633,5,0.9941743016242981,0.33864763379096985,0.019399086013436317,0.7815874814987183,954,182
259,8633,6,0.9903972744941711,0.3387186825275421,0.019261932000517845,0.8277141451835632,950,182
259,8633,7,0.9858599305152893,0.34248051047325134,0.05263994261622429,0.7989001870155334,946,184
259,8633,8,0.986393928527832,0.3402272164821625,0.003938575740903616,0.8139740824699402,946,183
259,8633,9,0.9921315908432007,0.351629376411438,0.03728002682328224,0.748020589351654,952,189
259,8633,10,0.9922268986701965,0.3525978624820709,0.021682249382138252,0.7965512871742249,952,190
259,8633,11,0.9808230996131897,0.3718264400959015,0.07997874915599823,0.9906540513038635,941,200
259,8633,12,0.9784613251686096,0.36176598072052,-0.021692398935556412,0.998067319393158,939,195
259,8633,13,0.9874770045280457,0.35531219840049744,0.1030699759721756,0.028328657150268555,947,191
259,8633,14,0.9592282176017761,0.438987135887146,-0.061772625893354416,0.7029702663421631,920,237
259,8633,15,0.9937306046485901,0.3076896667480469,0.110990509390831,0.01966581493616104,953,166
259,8633,16,0.952021062374115,0.5070737600326538,-0.096445232629776,0.5090994834899902,913,273
259,8633,17,0.9927006959915161,0.2875819206237793,0.11331167072057724,0.02914866805076599,952,155
259,8633,18,0.9476848840713501,0.5261484980583191,-0.10869821161031723,0.46846118569374084,909,284
259,8633,19,0.9943233728408813,0.2807985842227936,0.10660585761070251,0.029000498354434967,954,151
259,8633,20,0.9509841799736023,0.5318751335144043,-0.11136700212955475,0.4611610472202301,912,287
259,8633,21,0.9934695959091187,0.28971564769744873,0.10813023895025253,0.02500835992395878,953,156
259,8633,22,0.9527743458747864,0.5252525806427002,-0.09828222543001175,0.4113776683807373,914,283
259,8633,23,0.9745479822158813,0.5138905048370361,0.03938872739672661,0.9965677261352539,935,277
259,8633,24,0.9735557436943054,0.5075567364692688,-0.039591893553733826,0.9988350868225098,934,274
259,8633,25,0.9829961061477661,0.6018320918083191,0.0317477211356163,0.35440871119499207,943,324
259,8633,26,0.9801446795463562,0.580718994140625,-0.08706673234701157,0.8910035490989685,940,313
259,8633,27,0.9590175747871399,0.6823049187660217,0.04950438812375069,0.5826104879379272,920,368
259,8633,28,0.9530276656150818,0.752902626991272,-0.12286517024040222,0.9434836506843567,914,406
259,8633,29,0.9543381929397583,0.6896229982376099,0.04978497326374054,0.542048454284668,916,372
259,8633,30,0.9414783716201782,0.7709665894508362,-0.12639503180980682,0.770214319229126,903,416
259,8633,31,0.958191454410553,0.713383138179779,0.03003048151731491,0.5247049331665039,919,385
259,8633,32,0.9787746071815491,0.79375821352005,-0.16661286354064941,0.8393659591674805,939,428
260,8666,0,1.0068697929382324,0.3158324062824249,-0.07039337605237961,0.6550083160400391,966,170
260,8666,1,1.0081337690353394,0.30895528197288513,-0.06147551164031029,0.6065738201141357,967,166
260,8666,2,1.0091431140899658,0.30862486362457275,-0.06160169839859009,0.5908583998680115,968,166
260,8666,3,1.0102601051330566,0.3085809648036957,-0.06156977266073227,0.6304471492767334,969,166
260,8666,4,1.0051475763320923,0.308651864528656,-0.06825005263090134,0.6737865209579468,964,166
260,8666,5,1.0040879249572754,0.3094623386859894,-0.06852475553750992,0.7059971690177917,963,167
260,8666,6,1.0022966861724854,0.3110382854938507,-0.06878242641687393,0.7508549690246582,962,167
260,8666,7,1.0125083923339844,0.3138871490955353,-0.01159025076776743,0.7197800874710083,972,169
260,8666,8,1.0000483989715576,0.32477113604545593,-0.040556203573942184,0.7388584613800049,960,175
260,8666,9,1.0105124711990356,0.3215721547603607,-0.049458540976047516,0.676978588104248,970,173
260,8666,10,1.00470769405365,0.3198060095310211,-0.05928057059645653,0.7249218225479126,964,172
260,8666,11,1.0251660346984863,0.37048083543777466,0.052709467709064484,0.9655007123947144,984,200
260,8666,12,0.9829528331756592,0.3615671396255493,-0.04524081572890282,0.9972273111343384,943,195
260,8666,13,1.0009642839431763,0.45897093415260315,0.07627224922180176,0.02580643817782402,960,247
260,8666,14,0.9616239070892334,0.43964922428131104,-0.06696176528930664,0.7126654386520386,923,237
260,8666,15,0.9880746006965637,0.5065982937812805,0.02591700479388237,0.01803889498114586,948,273
260,8666,16,0.9549840688705444,0.509807825088501,-0.10922752320766449,0.5391395688056946,916,275
260,8666,17,0.984297513961792,0.521295964717865,0.018295185640454292,0.027023786678910255,944,281
260,8666,18,0.9507259726524353,0.528715193271637,-0.12967093288898468,0.4955481290817261,912,285
260,8666,19,0.9869233965873718,0.5129104256629944,0.0010014181025326252,0.027045894414186478,947,276
260,8666,20,0.9519516229629517,0.5333852171897888,-0.13824552297592163,0.4915109872817993,913,288
260,8666,21,0.987091064453125,0.5048150420188904,0.018023531883955002,0.023346606642007828,947,272
260,8666,22,0.9543259143829346,0.527306079864502,-0.11352957785129547,0.4386649429798126,916,284
260,8666,23,1.0065442323684692,0.5166659355163574,0.03816183656454086,0.9922228455543518,966,278
260,8666,24,0.986844003200531,0.5088616609573364,-0.03829872980713844,0.9978761076927185,947,274
260,8666,25,0.9884142279624939,0.6468984484672546,0.034595392644405365,0.32294762134552,948,349
260,8666,26,0.9844358563423157,0.5982728004455566,-0.10492359846830368,0.852247416973114,945,323
260,8666,27,0.9583141803741455,0.7546769976615906,0.09079058468341827,0.5526440143585205,919,407
260,8666,28,0.9529333114624023,0.7587060928344727,-0.11945635825395584,0.9186390042304993,914,409
260,8666,29,0.946655809879303,0.775149405002594,0.0925539880990982,0.5008319616317749,908,418
260,8666,30,0.9415585994720459,0.7777395844459534,-0.10162613540887833,0.7142949104309082,903,419
260,8666,31,0.9545825123786926,0.7914183735847473,0.02406039647758007,0.49630051851272583,916,427
260,8666,32,0.9775330424308777,0.79576176404953,-0.1511024683713913,0.8077452182769775,938,429
261,8700,0,1.0022482872009277,0.32597988843917847,0.02883630432188511,0.6069138050079346,962,176
261,8700,1,1.0028676986694336,0.32185694575309753,0.039386555552482605,0.5573585033416748,962,173
261,8700,2,1.003400206565857,0.32204416394233704,0.03927545249462128,0.5402361154556274,963,173
261,8700,3,1.0040161609649658,0.3226012885570526,0.03933192789554596,0.5780947208404541,963,174
261,8700,4,1.001075029373169,0.3212575912475586,0.03358764573931694,0.6315654516220093,961,173
261,8700,5,1.0004565715789795,0.3215988576412201,0.03331173211336136,0.6700733304023743,960,173
261,8700,6,0.9994648098945618,0.3219423294067383,0.03308522701263428,0.7274466156959534,959,173
261,8700,7,1.006006121635437,0.32691195607185364,0.08046949654817581,0.6631252765655518,965,176
261,8700,8,0.9992311596870422,0.32762327790260315,0.05174858868122101,0.717191219329834,959,176
261,8700,9,1.004766583442688,0.3314865529537201,0.0458960197865963,0.6346772909164429,964,179
261,8700,10,1.0016406774520874,0.33054977655410767,0.03706669807434082,0.6930416822433472,961,178
261,8700,11,1.017130732536316,0.37963441014289856,0.12072699517011642,0.9580883979797363,976,205
261,8700,12,0.9846996665000916,0.3614664673805237,0.01261492632329464,0.9973036050796509,945,195
261,8700,13,0.9983029961585999,0.46144184470176697,0.11385004222393036,0.023452389985322952,958,249
261,8700,14,0.963879406452179,0.43994423747062683,-0.031835783272981644,0.7206588387489319,925,237
261,8700,15,0.9928858876228333,0.5091530680656433,0.026552516967058182,0.016358450055122375,953,274
261,8700,16,0.9556224346160889,0.5096479058265686,-0.09306804835796356,0.5702124834060669,917,275
261,8700,17,0.9916605353355408,0.5217976570129395,0.03468974307179451,0.024652715772390366,951,281
261,8700,18,0.949668824672699,0.5285758972167969,-0.12491930276155472,0.5269933342933655,911,285
261,8700,19,0.9939966201782227,0.5183286666870117,0.023866912350058556,0.024723190814256668,954,279
261,8700,20,0.9507548213005066,0.5352404713630676,-0.12871147692203522,0.5243964195251465,912,289
261,8700,21,0.9935964345932007,0.5126567482948303,0.028594020754098892,0.021392038092017174,953,276
261,8700,22,0.9544573426246643,0.5269503593444824,-0.09807833284139633,0.4688743054866791,916,284
261,8700,23,0.99643474817276,0.5175942778587341,0.03797006234526634,0.9922181367874146,956,279
261,8700,24,0.9832600951194763,0.5039024353027344,-0.038110192865133286,0.9978750348091125,943,272
261,8700,25,0.9887529015541077,0.642102062702179,0.022420015186071396,0.3112352788448334,949,346
261,8700,26,0.9901652932167053,0.5402084589004517,-0.1607225090265274,0.854855477809906,950,291
261,8700,27,0.9563294053077698,0.7596343755722046,0.0400504544377327,0.5577192306518555,918,410
261,8700,28,0.9580652117729187,0.6974742412567139,-0.16626650094985962,0.9128279685974121,919,376
261,8700,29,0.9436030983924866,0.7771690487861633,0.03864846006035805,0.4915580153465271,905,419
261,8700,30,0.9489085674285889,0.712712824344635,-0.16611817479133606,0.6967920064926147,910,384
261,8700,31,0.9538629651069641,0.8005479574203491,-0.02283294126391411,0.5033832788467407,915,432
261,8700,32,0.9741654992103577,0.7743119597434998,-0.2263363003730774,0.8075970411300659,935,418
262,8733,0,1.0304654836654663,0.3230636417865753,-0.020047366619110107,0.5658339858055115,989,174
262,8733,1,1.0317243337631226,0.3176381587982178,-0.010511723347008228,0.5112787485122681,990,171
262,8733,2,1.0330042839050293,0.31778931617736816,-0.0106201171875,0.4953934848308563,991,171
262,8733,3,1.034281611442566,0.3184378743171692,-0.010592483915388584,0.531768262386322,992,171
262,8733,4,1.0272414684295654,0.3169805705547333,-0.013434368185698986,0.5878759026527405,986,171
262,8733,5,1.025748610496521,0.317217081785202,-0.01367257535457611,0.6312856078147888,984,171
262,8733,6,1.0241968631744385,0.31746384501457214,-0.01388811506330967,0.6961845755577087,983,171
262,8733,7,1.035273551940918,0.32232826948165894,0.045944105833768845,0.6170888543128967,993,174
262,8733,8,1.021419644355774,0.32290002703666687,0.015892749652266502,0.6899989247322083,980,174
262,8733,9,1.0332152843475342,0.32975971698760986,-0.000581736967433244,0.6065909266471863,991,178
262,8733,10,1.0275710821151733,0.3296949863433838,-0.00508008012548089,0.6717450618743896,986,178
262,8733,11,1.0407357215881348,0.3858291208744049,0.07863735407590866,0.9562018513679504,999,208
262,8733,12,0.9969531893730164,0.3624052405357361,0.00708646047860384,0.9962385892868042,957,195
262,8733,13,1.0163356065750122,0.4875325560569763,0.07548344135284424,0.023421838879585266,975,263
262,8733,14,0.9758607745170593,0.44722557067871094,0.00902748666703701,0.709933340549469,936,241
262,8733,15,1.0076216459274292,0.5332001447677612,0.01772867888212204,0.015962401404976845,967,287
262,8733,16,0.9563236236572266,0.5116180777549744,-0.02074466459453106,0.5508865118026733,918,276
262,8733,17,1.005323052406311,0.5465670824050903,0.009468397125601768,0.024899020791053772,965,295
262,8733,18,0.9540166854858398,0.5322616696357727,-0.03507361188530922,0.5111278891563416,915,287
262,8733,19,1.0079894065856934,0.5403659343719482,-0.0030889215413480997,0.02562946453690529,967,291
262,8733,20,0.9545809626579285,0.5353747010231018,-0.04707377403974533,0.5136677622795105,916,289
262,8733,21,1.0076888799667358,0.5336704850196838,0.012540276162326336,0.02249111793935299,967,288
262,8733,22,0.9571492671966553,0.5300790071487427,-0.026536989957094193,0.46125301718711853,918,286
262,8733,23,1.0129947662353516,0.5221320390701294,0.023902572691440582,0.9858502149581909,972,281
262,8733,24,0.9921798706054688,0.5048693418502808,-0.024001630023121834,0.9949244260787964,952,272
262,8733,25,0.9926398396492004,0.6514386534690857,0.01890849508345127,0.3254286050796509,952,351
262,8733,26,0.9878914952278137,0.621414065361023,-0.08283830434083939,0.8497750163078308,948,335
262,8733,27,0.9568094611167908,0.7628816962242126,0.07120545953512192,0.5878546237945557,918,411
262,8733,28,0.9564262628555298,0.7324174642562866,-0.011471600271761417,0.9114536643028259,918,395
262,8733,29,0.947609007358551,0.7783994078636169,0.07265804708003998,0.49327799677848816,909,420
262,8733,30,0.947204053401947,0.7283556461334229,-0.00657659349963069,0.6668494343757629,909,393
262,8733,31,0.9616033434867859,0.7938781380653381,-0.00495795626193285,0.5316444635391235,923,428
262,8733,32,0.9726856350898743,0.7879440784454346,-0.09347305446863174,0.8073205947875977,933,425
263,8766,0,1.0428863763809204,0.32162994146347046,-0.050565194338560104,0.5414716601371765,1001,173
263,8766,1,1.0442631244659424,0.3152712285518646,-0.04208528622984886,0.48032069206237793,1002,170
263,8766,2,1.0455039739608765,0.3152819573879242,-0.042232029139995575,0.4659467041492462,1003,170
263,8766,3,1.0467393398284912,0.3157954216003418,-0.042217690497636795,0.5040181875228882,1004,170
263,8766,4,1.0397449731826782,0.3147162199020386,-0.047453224658966064,0.5607483983039856,998,169
263,8766,5,1.0381287336349487,0.31488683819770813,-0.04768462851643562,0.609062135219574,996,170
263,8766,6,1.036487102508545,0.3150688111782074,-0.04787486791610718,0.6796160340309143,995,170
263,8766,7,1.046350359916687,0.31962695717811584,0.005421775393188,0.5936722159385681,1004,172
263,8766,8,1.0323408842086792,0.32088908553123474,-0.01678931899368763,0.6724941730499268,991,173
263,8766,9,1.0443962812423706,0.3289966583251953,-0.031199436634778976,0.5942168831825256,1002,177
263,8766,10,1.038759708404541,0.32904067635536194,-0.03917265683412552,0.6620180010795593,997,177
263,8766,11,1.0475200414657593,0.38559281826019287,0.04487982764840126,0.9573320150375366,1005,208
263,8766,12,1.010381817817688,0.3626311421394348,-0.013192103244364262,0.9953821301460266,969,195
263,8766,13,1.023650884628296,0.4881889522075653,0.04681806266307831,0.02396346814930439,982,263
263,8766,14,0.9854357242584229,0.45261743664741516,-0.020695943385362625,0.7101873159408569,946,244
263,8766,15,1.016594648361206,0.5327457189559937,-0.01075527723878622,0.017385145649313927,975,287
263,8766,16,0.9596509337425232,0.5124898552894592,-0.04291386529803276,0.5503873229026794,921,276
263,8766,17,1.0146331787109375,0.545452356338501,-0.019982609897851944,0.028831759467720985,974,294
263,8766,18,0.9576706290245056,0.5332658886909485,-0.055928535759449005,0.51386958360672,919,287
263,8766,19,1.0176827907562256,0.5387932062149048,-0.033202044665813446,0.030972091481089592,976,290
263,8766,20,0.9579355716705322,0.5358468890190125,-0.0663861334323883,0.521331250667572,919,289
263,8766,21,1.0169051885604858,0.5328810214996338,-0.016998495906591415,0.02745564840734005,976,287
263,8766,22,0.9627857208251953,0.5305206179618835,-0.04782726988196373,0.4695226550102234,924,286
263,8766,23,1.0159847736358643,0.5248462557792664,0.024854425340890884,0.9812801480293274,975,283
263,8766,24,0.995421826839447,0.5056970715522766,-0.024962199851870537,0.9919691681861877,955,273
263,8766,25,0.9948524236679077,0.6539363265037537,0.03178292140364647,0.32879820466041565,955,353
263,8766,26,0.9899507761001587,0.6351258158683777,-0.06686470657587051,0.8378457427024841,950,342
263,8766,27,0.9567614793777466,0.7626020908355713,0.08386354893445969,0.6080902218818665,918,411
263,8766,28,0.9556689858436584,0.7433265447616577,0.008343138732016087,0.9041467308998108,917,401
263,8766,29,0.9463139176368713,0.7783369421958923,0.08532939106225967,0.4904228746891022,908,420
263,8766,30,0.9461316466331482,0.7381851673126221,0.014109953306615353,0.6342099905014038,908,398
263,8766,31,0.9681198596954346,0.7905555963516235,0.019217943772673607,0.5526143908500671,929,426
263,8766,32,0.9734007120132446,0.7894640564918518,-0.05761212483048439,0.8005031943321228,934,426
264,8800,0,1.0490286350250244,0.3242962062358856,-0.11306446045637131,0.5083702206611633,1007,175
264,8800,1,1.051349401473999,0.3161647617816925,-0.10450176149606705,0.4407946765422821,1009,170
264,8800,2,1.0529754161834717,0.3159562051296234,-0.10465322434902191,0.42745429277420044,1010,170
264,8800,3,1.0545830726623535,0.3162263333797455,-0.10465254634618759,0.46399208903312683,1012,170
264,8800,4,1.0460058450698853,0.3159536123275757,-0.10777938365936279,0.5222589373588562,1004,170
264,8800,5,1.0441653728485107,0.3161396086215973,-0.10802658647298813,0.5737118721008301,1002,170
264,8800,6,1.042310357093811,0.3162074685096741,-0.10823861509561539,0.6493569016456604,1000,170
264,8800,7,1.0557513236999512,0.3203944265842438,-0.053337447345256805,0.5501675009727478,1013,173
264,8800,8,1.038633942604065,0.32095393538475037,-0.06624560803174973,0.639329195022583,997,173
264,8800,9,1.0515493154525757,0.3328930139541626,-0.0916224792599678,0.5683194398880005,1009,179
264,8800,10,1.0448646545410156,0.3331970274448395,-0.0967482253909111,0.6436676979064941,1003,179
264,8800,11,1.0616120100021362,0.39581871032714844,-0.006370285991579294,0.9565262198448181,1019,213
264,8800,12,1.0156323909759521,0.36589378118515015,-0.04561658203601837,0.9947519898414612,975,197
264,8800,13,1.0437551736831665,0.4947296679019928,-0.0003980465407948941,0.028477614745497704,1002,267
264,8800,14,0.985087513923645,0.45009419322013855,-0.022131402045488358,0.7241262197494507,945,243
264,8800,15,1.042351245880127,0.5402435660362244,-0.05238422006368637,0.02004164457321167,1000,291
264,8800,16,0.9607455134391785,0.5124355554580688,-0.08386080712080002,0.5733401775360107,922,276
264,8800,17,1.0419405698776245,0.5518979430198669,-0.06267861276865005,0.03295520320534706,1000,298
264,8800,18,0.9583577513694763,0.5330979824066162,-0.09979383647441864,0.5336032509803772,920,287
264,8800,19,1.0458910465240479,0.5453664064407349,-0.07865007221698761,0.03655880689620972,1004,294
264,8800,20,0.95894455909729,0.5354766845703125,-0.11485373973846436,0.544416606426239,920,289
264,8800,21,1.044245958328247,0.5397658348083496,-0.05976437032222748,0.033287372440099716,1002,291
264,8800,22,0.9650156497955322,0.5324681997299194,-0.0913306251168251,0.4942217767238617,926,287
264,8800,23,1.026059865951538,0.5333164930343628,0.01661875657737255,0.9786437153816223,985,287
264,8800,24,1.000853180885315,0.5109398365020752,-0.016744142398238182,0.9908391833305359,960,275
264,8800,25,1.0000954866409302,0.6626191139221191,0.014250599779188633,0.33615413308143616,960,357
264,8800,26,0.9884462356567383,0.6434996128082275,-0.041193343698978424,0.8155120015144348,948,347
264,8800,27,0.9593245983123779,0.7622972130775452,0.07811565697193146,0.6243973970413208,920,411
264,8800,28,0.9550946354866028,0.7454224228858948,0.024571262300014496,0.8946923613548279,916,402
264,8800,29,0.9484774470329285,0.7745922803878784,0.08022083342075348,0.4806317687034607,910,418
264,8800,30,0.9470294117927551,0.7444739937782288,0.028372880071401596,0.6000673770904541,909,402
264,8800,31,0.9658021926879883,0.7911194562911987,-0.0019151974702253938,0.5646784901618958,927,427
264,8800,32,0.9647376537322998,0.7896581292152405,-0.05517579987645149,0.7871094346046448,926,426
265,8833,0,1.0544846057891846,0.32744550704956055,-0.09793169051408768,0.46067148447036743,1012,176
265,8833,1,1.0560706853866577,0.31866371631622314,-0.09067782759666443,0.3977886736392975,1013,172
265,8833,2,1.0573557615280151,0.3182189464569092,-0.09081801027059555,0.38585165143013,1015,171
265,8833,3,1.058621883392334,0.3182351887226105,-0.09083250910043716,0.4191949665546417,1016,171
265,8833,4,1.0513781309127808,0.3189101219177246,-0.0935705155134201,0.47230374813079834,1009,172
265,8833,5,1.0497357845306396,0.31920838356018066,-0.09380185604095459,0.520004391670227,1007,172
265,8833,6,1.048078179359436,0.3193221688270569,-0.09400618821382523,0.5909497737884521,1006,172
265,8833,7,1.058699369430542,0.3220219612121582,-0.04593512788414955,0.4988171458244324,1016,173
265,8833,8,1.0439168214797974,0.32307466864585876,-0.05734626203775406,0.5821455121040344,1002,174
265,8833,9,1.0563329458236694,0.33556732535362244,-0.07860513031482697,0.5221422910690308,1014,181
265,8833,10,1.0504441261291504,0.3362269401550293,-0.08317270874977112,0.5957432985305786,1008,181
265,8833,11,1.0640959739685059,0.39965182542800903,-0.008109371177852154,0.954442024230957,1021,215
265,8833,12,1.018385648727417,0.36833956837654114,-0.0393679179251194,0.9915399551391602,977,198
265,8833,13,1.04636549949646,0.501570463180542,0.0005487182643264532,0.03667568787932396,1004,270
265,8833,14,0.9893832802772522,0.4546312391757965,-0.013996339403092861,0.70994633436203,949,245
265,8833,15,1.0417312383651733,0.5427250266075134,-0.04992761090397835,0.022594785317778587,1000,293
265,8833,16,0.9671177268028259,0.5137746334075928,-0.049408651888370514,0.5600022077560425,928,277
265,8833,17,1.0403634309768677,0.5538153648376465,-0.061454955488443375,0.03658781200647354,998,299
265,8833,18,0.9612678289413452,0.5328133702278137,-0.06273522973060608,0.5200326442718506,922,287
265,8833,19,1.0435922145843506,0.5466828346252441,-0.07572928071022034,0.041623011231422424,1001,295
265,8833,20,0.9609187841415405,0.5352391004562378,-0.08071742206811905,0.5358580350875854,922,289
265,8833,21,1.0425893068313599,0.540725827217102,-0.056513916701078415,0.038760777562856674,1000,291
265,8833,22,0.967380702495575,0.5324221253395081,-0.05758087337017059,0.48928186297416687,928,287
265,8833,23,1.0249593257904053,0.532224178314209,0.009776817634701729,0.9707850813865662,983,287
265,8833,24,1.0001823902130127,0.5094042420387268,-0.009899594821035862,0.9856998324394226,960,275
265,8833,25,1.0036615133285522,0.6569084525108337,-0.001857378170825541,0.3456478714942932,963,354
265,8833,26,0.9891153573989868,0.6402974724769592,-0.02823266014456749,0.7796730995178223,949,345
265,8833,27,0.9696874618530273,0.7586914300918579,0.07605036348104477,0.6353045701980591,930,409
265,8833,28,0.9570901989936829,0.744205892086029,0.05645865201950073,0.8747769594192505,918,401
265,8833,29,0.9651665091514587,0.769420325756073,0.07968202978372574,0.4573139250278473,926,415
265,8833,30,0.9546106457710266,0.7436710000038147,0.0625690296292305,0.5573254823684692,916,401
265,8833,31,0.9646986722946167,0.786540687084198,-0.006287761963903904,0.5654444694519043,926,424
265,8833,32,0.9615872502326965,0.7803171277046204,-0.02079903893172741,0.7577434778213501,923,421
266,8866,0,nan,nan,nan,0.0,-1,-1
267,8900,0,nan,nan,nan,0.0,-1,-1
268,8933,0,nan,nan,nan,0.0,-1,-1
269,8966,0,nan,nan,nan,0.0,-1,-1
270,9000,0,nan,nan,nan,0.0,-1,-1
271,9033,0,nan,nan,nan,0.0,-1,-1
272,9066,0,nan,nan,nan,0.0,-1,-1
273,9100,0,nan,nan,nan,0.0,-1,-1
