frame,timestamp_ms,landmark_id,x_norm,y_norm,z_norm,visibility,x_px,y_px
0,0,0,nan,nan,nan,0.0,-1,-1
1,33,0,nan,nan,nan,0.0,-1,-1
2,66,0,nan,nan,nan,0.0,-1,-1
3,100,0,nan,nan,nan,0.0,-1,-1
4,133,0,nan,nan,nan,0.0,-1,-1
5,166,0,nan,nan,nan,0.0,-1,-1
6,200,0,nan,nan,nan,0.0,-1,-1
7,233,0,nan,nan,nan,0.0,-1,-1
8,266,0,nan,nan,nan,0.0,-1,-1
9,300,0,nan,nan,nan,0.0,-1,-1
10,333,0,nan,nan,nan,0.0,-1,-1
11,366,0,nan,nan,nan,0.0,-1,-1
12,400,0,nan,nan,nan,0.0,-1,-1
13,433,0,nan,nan,nan,0.0,-1,-1
14,466,0,nan,nan,nan,0.0,-1,-1
15,500,0,nan,nan,nan,0.0,-1,-1
16,533,0,nan,nan,nan,0.0,-1,-1
17,566,0,nan,nan,nan,0.0,-1,-1
18,600,0,nan,nan,nan,0.0,-1,-1
19,633,0,nan,nan,nan,0.0,-1,-1
20,666,0,nan,nan,nan,0.0,-1,-1
21,700,0,nan,nan,nan,0.0,-1,-1
22,733,0,nan,nan,nan,0.0,-1,-1
23,766,0,nan,nan,nan,0.0,-1,-1
24,800,0,nan,nan,nan,0.0,-1,-1
25,833,0,nan,nan,nan,0.0,-1,-1
26,866,0,0.06890890002250671,0.2664630711078644,-0.03554052114486694,0.9918509125709534,66,143
26,866,1,0.06777049601078033,0.25670039653778076,-0.034148648381233215,0.9882778525352478,65,138
26,866,2,0.06691226363182068,0.25661343336105347,-0.03435860946774483,0.9863487482070923,64,138
26,866,3,0.06588403880596161,0.25635820627212524,-0.03426821529865265,0.9877362847328186,63,138
26,866,4,0.06941117346286774,0.2581300139427185,-0.04737292602658272,0.9922806024551392,66,139
26,866,5,0.06967566907405853,0.25846612453460693,-0.04763545095920563,0.9943753480911255,66,139
26,866,6,0.06999485939741135,0.258730411529541,-0.04779833182692528,0.9959916472434998,67,139
26,866,7,0.06230910122394562,0.2626909613609314,-0.018852073699235916,0.9911862015724182,59,141
26,866,8,0.06783119589090347,0.26590806245803833,-0.07796283066272736,0.9937673807144165,65,143
26,866,9,0.06627683341503143,0.27801522612571716,-0.024936513975262642,0.9900548458099365,63,150
26,866,10,0.06759130954742432,0.27950143814086914,-0.04361024871468544,0.9936261177062988,64,150
26,866,11,0.050203461199998856,0.3212087154388428,0.0378919281065464,0.9995180368423462,48,173
26,866,12,0.06175192445516586,0.3305257558822632,-0.12011504173278809,0.9998584985733032,59,178
26,866,13,0.06002384051680565,0.42473679780960083,0.06746387481689453,0.1972000002861023,57,229
26,866,14,0.06350153684616089,0.44207796454429626,-0.15119995176792145,0.9710913896560669,60,238
26,866,15,0.07237708568572998,0.5093318819999695,0.03277503326535225,0.31519773602485657,69,275
26,866,16,0.07527783513069153,0.5387799143791199,-0.1330050826072693,0.9578872919082642,72,290
26,866,17,0.0784967690706253,0.5321279168128967,0.037068936973810196,0.31360751390457153,75,287
26,866,18,0.0747489258646965,0.5579758286476135,-0.15011201798915863,0.919877827167511,71,301
26,866,19,0.08418852835893631,0.5346588492393494,0.0146529795601964,0.3210584819316864,80,288
26,866,20,0.079844169318676,0.5595491528511047,-0.14682041108608246,0.9118484258651733,76,302
26,866,21,0.08336646109819412,0.5379289984703064,0.023942790925502777,0.29501575231552124,80,290
26,866,22,0.08062133193016052,0.5541302561759949,-0.13206423819065094,0.862159013748169,77,299
26,866,23,0.040711913257837296,0.4923342168331146,0.05225032567977905,0.9999029636383057,39,265
26,866,24,0.045410241931676865,0.5015745759010315,-0.052445974200963974,0.999946117401123,43,270
26,866,25,0.09501650929450989,0.634204089641571,0.12565776705741882,0.9410229325294495,91,342
26,866,26,0.043113190680742264,0.635496199131012,0.007209709379822016,0.9891224503517151,41,343
26,866,27,0.11463601142168045,0.7596639394760132,0.17997507750988007,0.9835104942321777,110,410
26,866,28,0.01225339062511921,0.7531653046607971,0.0659402459859848,0.9933180809020996,11,406
26,866,29,0.112215057015419,0.7817505598068237,0.18140091001987457,0.919992983341217,107,422
26,866,30,0.002928774803876877,0.770079493522644,0.07039687782526016,0.9348031282424927,2,415
26,866,31,0.12960627675056458,0.7813804149627686,0.1324828565120697,0.9631743431091309,124,421
26,866,32,0.03531752526760101,0.7965776920318604,0.021119948476552963,0.9750211238861084,33,430
27,900,0,0.07119189947843552,0.26947009563446045,-0.13864977657794952,0.9925529360771179,68,145
27,900,1,0.07126998901367188,0.2582065165042877,-0.12766438722610474,0.9892346262931824,68,139
27,900,2,0.07125603407621384,0.2582169771194458,-0.12790028750896454,0.987446665763855,68,139
27,900,3,0.07127552479505539,0.25825995206832886,-0.12782864272594452,0.9887160658836365,68,139
27,900,4,0.07049420475959778,0.25850433111190796,-0.14853082597255707,0.9929462671279907,67,139
27,900,5,0.07015316188335419,0.25859490036964417,-0.14878235757350922,0.9948635697364807,67,139
27,900,6,0.0700550228357315,0.2587487995624542,-0.1489572376012802,0.9963390231132507,67,139
27,900,7,0.06738156825304031,0.2629590630531311,-0.06575565785169601,0.9917696118354797,64,141
27,900,8,0.06695149838924408,0.2651410698890686,-0.1602272093296051,0.9942700862884521,64,143
27,900,9,0.0687115490436554,0.28063634037971497,-0.1115310937166214,0.9907761216163635,65,151
27,900,10,0.06793388724327087,0.2805590331554413,-0.14034225046634674,0.9941316843032837,65,151
27,900,11,0.05942239612340927,0.32255661487579346,0.024214446544647217,0.9995210766792297,57,174
27,900,12,0.050733257085084915,0.32877272367477417,-0.20191945135593414,0.9998694062232971,48,177
27,900,13,0.06531646847724915,0.42503127455711365,0.06744281202554703,0.19323641061782837,62,229
27,900,14,0.0519222728908062,0.4409431517124176,-0.25147292017936707,0.9737692475318909,49,238
27,900,15,0.07814157754182816,0.5127599239349365,0.022204803302884102,0.3089374005794525,75,276
27,900,16,0.07480069994926453,0.5387424230575562,-0.26474568247795105,0.9617512822151184,71,290
27,900,17,0.08044972270727158,0.5303383469581604,0.02142084576189518,0.30956709384918213,77,286
27,900,18,0.07468506693840027,0.5606021881103516,-0.2951870560646057,0.9269244074821472,71,302
27,900,19,0.08420746773481369,0.5315122604370117,-0.007122065406292677,0.3188153803348541,80,287
27,900,20,0.08219301700592041,0.5602607727050781,-0.29264771938323975,0.9197000861167908,78,302
27,900,21,0.08390728384256363,0.5287358164787292,0.010068600997328758,0.292858749628067,80,285
27,900,22,0.08307040482759476,0.5541772842407227,-0.2643042802810669,0.8738767504692078,79,299
27,900,23,0.061665236949920654,0.5136949419975281,0.06413419544696808,0.9998974800109863,59,277
27,900,24,0.04613140597939491,0.516406774520874,-0.0642843097448349,0.9999449849128723,44,278
27,900,25,0.10449853539466858,0.6277725100517273,0.12455914169549942,0.9288580417633057,100,338
27,900,26,0.04211578890681267,0.6342713832855225,-0.01986066624522209,0.9867570996284485,40,342
27,900,27,0.1304970532655716,0.7501710057258606,0.18145179748535156,0.979577898979187,125,405
27,900,28,0.01168691273778677,0.7537596821784973,0.06083981692790985,0.9915112257003784,11,407
27,900,29,0.1286851018667221,0.7789239287376404,0.1824837625026703,0.9139091968536377,123,420
27,900,30,0.002324113855138421,0.7710124850273132,0.0658576563000679,0.9201924204826355,2,416
27,900,31,0.15966156125068665,0.7642856240272522,0.12143580615520477,0.9613572955131531,153,412
27,900,32,0.036923911422491074,0.7979621887207031,-0.005054521840065718,0.9728015661239624,35,430
28,933,0,0.07970555871725082,0.2785753607749939,-0.14302515983581543,0.9929670691490173,76,150
28,933,1,0.07979287952184677,0.2682207524776459,-0.1322108656167984,0.9895627498626709,76,144
28,933,2,0.08030585199594498,0.26851141452789307,-0.13242308795452118,0.9877673983573914,77,144
28,933,3,0.08100458979606628,0.2689569592475891,-0.13236531615257263,0.9890071153640747,77,145
28,933,4,0.07766624540090561,0.2671878933906555,-0.15026544034481049,0.9932600259780884,74,144
28,933,5,0.0764395073056221,0.26687246561050415,-0.15050722658634186,0.9951105713844299,73,144
28,933,6,0.07554405182600021,0.2667822539806366,-0.15067173540592194,0.9965065717697144,72,144
28,933,7,0.07663246244192123,0.27088823914527893,-0.06699161976575851,0.9917129278182983,73,146
28,933,8,0.07002709805965424,0.2700476348400116,-0.14975938200950623,0.9944514632225037,67,145
28,933,9,0.07847463339567184,0.28872784972190857,-0.11470332741737366,0.9906481504440308,75,155
28,933,10,0.0760267898440361,0.2875136435031891,-0.13985340297222137,0.9941856265068054,72,155
28,933,11,0.07215063273906708,0.32881003618240356,0.021992484107613564,0.9994754195213318,69,177
28,933,12,0.05109124258160591,0.3316304683685303,-0.17860452830791473,0.9998687505722046,49,179
28,933,13,0.07222406566143036,0.4331778585910797,0.062193941324949265,0.17973455786705017,69,233
28,933,14,0.05368416756391525,0.44372469186782837,-0.2153671830892563,0.9751315712928772,51,239
28,933,15,0.08672205358743668,0.5127870440483093,0.010699269361793995,0.2840438485145569,83,276
28,933,16,0.08000548183917999,0.5382184982299805,-0.22228500247001648,0.9599738717079163,76,290
28,933,17,0.08935149013996124,0.5319209098815918,0.006937891244888306,0.28682804107666016,85,287
28,933,18,0.08208804577589035,0.5614632964134216,-0.2471962720155716,0.9228172898292542,78,303
28,933,19,0.09363582730293274,0.532527506351471,-0.01741589978337288,0.29624027013778687,89,287
28,933,20,0.090134397149086,0.5600374341011047,-0.24666818976402283,0.9170108437538147,86,302
28,933,21,0.0938851609826088,0.5294035077095032,-0.00012264873657841235,0.27201592922210693,90,285
28,933,22,0.09054634720087051,0.5537148714065552,-0.22217120230197906,0.8683332204818726,86,299
28,933,23,0.0830715000629425,0.5253019332885742,0.06285692006349564,0.9998582601547241,79,283
28,933,24,0.0631222054362297,0.5276668071746826,-0.06301160156726837,0.9999241828918457,60,284
28,933,25,0.11820042133331299,0.628091037273407,0.1105131208896637,0.9044351577758789,113,339
28,933,26,0.043868642300367355,0.6405606865882874,-0.03781653568148613,0.9819371700286865,42,345
28,933,27,0.143265500664711,0.7504823803901672,0.1666923314332962,0.9736317992210388,137,405
28,933,28,0.011564712040126324,0.7536296844482422,0.023782862350344658,0.9888498187065125,11,406
28,933,29,0.13950330018997192,0.7789658904075623,0.16702929139137268,0.9048410654067993,133,420
28,933,30,0.0016825360944494605,0.7710041403770447,0.026611115783452988,0.8979840278625488,1,416
28,933,31,0.16782230138778687,0.7636767029762268,0.09116300195455551,0.9581356048583984,161,412
28,933,32,0.03574160486459732,0.7969179153442383,-0.055742185562849045,0.9697760343551636,34,430
29,966,0,0.083746038377285,0.28427329659461975,-0.10800633579492569,0.9935858249664307,80,153
29,966,1,0.08446813374757767,0.27182599902153015,-0.09933294355869293,0.9903808832168579,81,146
29,966,2,0.08524373173713684,0.27160125970840454,-0.09953758120536804,0.9886747598648071,81,146
29,966,3,0.08618460595607758,0.27169281244277954,-0.09947052597999573,0.9898101687431335,82,146
29,966,4,0.08107786625623703,0.2708112895488739,-0.11622349172830582,0.993831992149353,77,146
29,966,5,0.07920538634061813,0.2702040374279022,-0.11646641045808792,0.9955357909202576,76,145
29,966,6,0.07755722850561142,0.2697541117668152,-0.11661818623542786,0.9968098998069763,74,145
29,966,7,0.08203836530447006,0.2730817496776581,-0.04030955582857132,0.9922193884849548,78,147
29,966,8,0.07072500139474869,0.27089831233024597,-0.14908906817436218,0.9949222803115845,67,146
29,966,9,0.08230716735124588,0.2929432988166809,-0.08490601181983948,0.9911949634552002,79,158
29,966,10,0.07867704331874847,0.29157230257987976,-0.10810570418834686,0.9946036338806152,75,157
29,966,11,0.07560475170612335,0.32980209589004517,0.04285736382007599,0.9994768500328064,72,178
29,966,12,0.05033689737319946,0.3325727880001068,-0.1494133472442627,0.9998795986175537,48,179
29,966,13,0.07438933104276657,0.43269333243370056,0.07863795757293701,0.1649676263332367,71,233
29,966,14,0.05364656448364258,0.44368723034858704,-0.1947409063577652,0.9773493409156799,51,239
29,966,15,0.08926785737276077,0.5061915516853333,0.02955172024667263,0.2591264247894287,85,273
29,966,16,0.07955992221832275,0.5331649780273438,-0.20202606916427612,0.9633839726448059,76,287
29,966,17,0.09169378131628036,0.5290524959564209,0.020316507667303085,0.26345133781433105,88,285
29,966,18,0.08119047433137894,0.5608090162277222,-0.22523583471775055,0.9291386008262634,77,302
29,966,19,0.0952993705868721,0.5295318365097046,0.002315282355993986,0.2723034620285034,91,285
29,966,20,0.08987729996442795,0.5573447346687317,-0.22571180760860443,0.9239826798439026,86,300
29,966,21,0.09525855630636215,0.5194914937019348,0.020183824002742767,0.25006377696990967,91,280
29,966,22,0.09039119631052017,0.5492558479309082,-0.20224899053573608,0.87871915102005,86,296
29,966,23,0.09094024449586868,0.5220327973365784,0.060759078711271286,0.9998663067817688,87,281
29,966,24,0.06834077090024948,0.5265384912490845,-0.06091899797320366,0.9999284148216248,65,284
29,966,25,0.12246903777122498,0.6279619336128235,0.053810734301805496,0.9028997421264648,117,339
29,966,26,0.04530320316553116,0.6424165964126587,-0.04891064018011093,0.9796578288078308,43,346
29,966,27,0.1438540816307068,0.75081866979599,0.07845883071422577,0.9735907912254333,138,405
29,966,28,0.012455695308744907,0.7509836554527283,0.004089942201972008,0.9868420958518982,11,405
29,966,29,0.1413763165473938,0.7791577577590942,0.07605994492769241,0.9096507430076599,135,420
29,966,30,0.0018736313795670867,0.7686098217964172,0.006520024500787258,0.8860319256782532,1,415
29,966,31,0.17349734902381897,0.7644375562667847,0.007999845780432224,0.9598379135131836,166,412
29,966,32,0.034861575812101364,0.796753466129303,-0.06518008559942245,0.9684352278709412,33,430
30,1000,0,0.09796718508005142,0.2833784818649292,-0.09831981360912323,0.9941120743751526,94,153
30,1000,1,0.0980987474322319,0.27062758803367615,-0.09009598195552826,0.9910627007484436,94,146
30,1000,2,0.09818556904792786,0.2703395187854767,-0.09029778093099594,0.9894469976425171,94,145
30,1000,3,0.09841402620077133,0.2703360617160797,-0.09023544937372208,0.9905118942260742,94,145
30,1000,4,0.09548641741275787,0.27011838555336,-0.10766091197729111,0.9943072199821472,91,145
30,1000,5,0.09358183294534683,0.2695949375629425,-0.10789839923381805,0.9958924651145935,89,145
30,1000,6,0.09169615805149078,0.2691875100135803,-0.10804223269224167,0.9970622658729553,88,145
30,1000,7,0.09107846766710281,0.2726742625236511,-0.03479015454649925,0.9927414059638977,87,147
30,1000,8,0.08068597316741943,0.27085432410240173,-0.12872916460037231,0.9953296780586243,77,146
30,1000,9,0.09531311690807343,0.29258298873901367,-0.07595667243003845,0.9917581081390381,91,157
30,1000,10,0.09163966774940491,0.29150885343551636,-0.09986777603626251,0.9949924945831299,87,157
30,1000,11,0.08476532995700836,0.3294389247894287,0.0424664281308651,0.9995019435882568,81,177
30,1000,12,0.05403368920087814,0.3323521018028259,-0.14756909012794495,0.9998890161514282,51,179
30,1000,13,0.08406075090169907,0.43236902356147766,0.08095965534448624,0.1525132805109024,80,233
30,1000,14,0.05659465864300728,0.4433858394622803,-0.1849493831396103,0.9793521165847778,54,239
30,1000,15,0.099405936896801,0.5032653212547302,0.04258732497692108,0.2387562096118927,95,271
30,1000,16,0.0819137766957283,0.5303274989128113,-0.1929197460412979,0.9660659432411194,78,286
30,1000,17,0.10247810930013657,0.5270997881889343,0.03711793199181557,0.24562330543994904,98,284
30,1000,18,0.08412511646747589,0.5601158142089844,-0.21560949087142944,0.933962881565094,80,302
30,1000,19,0.10445298254489899,0.5276782512664795,0.019274098798632622,0.2542341351509094,100,284
30,1000,20,0.09404683858156204,0.5534194111824036,-0.214400514960289,0.9294715523719788,90,298
30,1000,21,0.10295331478118896,0.5164796113967896,0.033909428864717484,0.2333192378282547,98,278
30,1000,22,0.09370436519384384,0.5424450635910034,-0.1927461177110672,0.8866878151893616,89,292
30,1000,23,0.10123363137245178,0.5194321870803833,0.05966784432530403,0.9998729228973389,97,280
30,1000,24,0.07712152600288391,0.5244645476341248,-0.05982772633433342,0.9999310970306396,74,283
30,1000,25,0.13093151152133942,0.6268276572227478,0.06336908787488937,0.9012230038642883,125,338
30,1000,26,0.056466881185770035,0.6420637369155884,-0.037964828312397,0.9773430824279785,54,346
30,1000,27,0.148986354470253,0.747351884841919,0.09409472346305847,0.973852276802063,143,403
30,1000,28,0.01793396659195423,0.7442370653152466,0.00911931972950697,0.9845414757728577,17,401
30,1000,29,0.14398011565208435,0.7771230340003967,0.09272852540016174,0.9143356680870056,138,419
30,1000,30,0.008206062950193882,0.7570897340774536,0.014098277315497398,0.8734370470046997,7,408
30,1000,31,0.18144740164279938,0.7650631666183472,0.028757771477103233,0.9617480039596558,174,413
30,1000,32,0.035037457942962646,0.7929573059082031,-0.05339935049414635,0.9667659997940063,33,428
31,1033,0,0.09787772595882416,0.28290894627571106,-0.09429582208395004,0.9945241808891296,93,152
31,1033,1,0.09779056161642075,0.2701529264450073,-0.08634795993566513,0.9914905428886414,93,145
31,1033,2,0.09801345318555832,0.26982447504997253,-0.08654611557722092,0.9898841381072998,94,145
31,1033,3,0.09836183488368988,0.2697414755821228,-0.08648563921451569,0.9909237027168274,94,145
31,1033,4,0.09542267769575119,0.2698708474636078,-0.10381456464529037,0.9946552515029907,91,145
31,1033,5,0.0938916951417923,0.26934128999710083,-0.10405046492815018,0.996167004108429,90,145
31,1033,6,0.09229966253042221,0.26890426874160767,-0.10419149696826935,0.997259795665741,88,145
31,1033,7,0.09313514083623886,0.27212488651275635,-0.03134355694055557,0.9930264353752136,89,146
31,1033,8,0.08264562487602234,0.270638644695282,-0.12378053367137909,0.995651125907898,79,146
31,1033,9,0.09523511677980423,0.2922919690608978,-0.07241770625114441,0.9920735955238342,91,157
31,1033,10,0.09244673699140549,0.29123184084892273,-0.09600020945072174,0.9952735304832458,88,157
31,1033,11,0.08677235245704651,0.3297571837902069,0.04447738453745842,0.9995178580284119,83,178
31,1033,12,0.05554088577628136,0.33232155442237854,-0.14278440177440643,0.9998981952667236,53,179
31,1033,13,0.08678784221410751,0.4320889413356781,0.08412255346775055,0.13891594111919403,83,233
31,1033,14,0.05747171491384506,0.44223055243492126,-0.17718316614627838,0.9811688661575317,55,238
31,1033,15,0.10205695778131485,0.50123131275177,0.04872756451368332,0.21677948534488678,97,270
31,1033,16,0.08292979747056961,0.5276654362678528,-0.18921904265880585,0.9685812592506409,79,284
31,1033,17,0.10559335350990295,0.5251360535621643,0.04411866515874863,0.2243952453136444,101,283
31,1033,18,0.08582455664873123,0.5577850937843323,-0.2112308144569397,0.9385682344436646,82,301
31,1033,19,0.10728427767753601,0.525838315486908,0.025945521891117096,0.2323339581489563,102,283
31,1033,20,0.09525063633918762,0.5510377883911133,-0.21081188321113586,0.9346284866333008,91,297
31,1033,21,0.1057521179318428,0.5142177939414978,0.04011748358607292,0.2132539302110672,101,277
31,1033,22,0.09494303911924362,0.5393590927124023,-0.1891573965549469,0.8940967321395874,91,291
31,1033,23,0.10431075096130371,0.5186825394630432,0.05718950927257538,0.9998822212219238,100,280
31,1033,24,0.0782763883471489,0.5252828598022461,-0.05737560614943504,0.9999359250068665,75,283
31,1033,25,0.13280580937862396,0.6258836984634399,0.04409705474972725,0.8984758257865906,127,337
31,1033,26,0.05726132541894913,0.6423043608665466,-0.03142824396491051,0.9739435315132141,54,346
31,1033,27,0.15043038129806519,0.7468898892402649,0.06620343774557114,0.9744997024536133,144,403
31,1033,28,0.020038871094584465,0.7436449527740479,0.01148046925663948,0.9827648401260376,19,401
31,1033,29,0.1448047161102295,0.7764199376106262,0.06390998512506485,0.9193822741508484,139,419
31,1033,30,0.009926176629960537,0.7576104402542114,0.01704610511660576,0.8629910349845886,9,409
31,1033,31,0.18304897844791412,0.7655732035636902,-0.004583833739161491,0.9639076590538025,175,413
31,1033,32,0.03523142635822296,0.7901690006256104,-0.03680085018277168,0.9658606052398682,33,426
32,1066,0,0.10597565770149231,0.2822495102882385,-0.09299971908330917,0.994931697845459,101,152
32,1066,1,0.10614746063947678,0.2696179151535034,-0.08444637805223465,0.9920198321342468,101,145
32,1066,2,0.10630639642477036,0.2693534791469574,-0.08464546501636505,0.9904468655586243,102,145
32,1066,3,0.10655386000871658,0.2693459093570709,-0.08458351343870163,0.9914454221725464,102,145
32,1066,4,0.10358723998069763,0.26942726969718933,-0.10175434499979019,0.9950346946716309,99,145
32,1066,5,0.10186579823493958,0.2689777612686157,-0.10199030488729477,0.9964455366134644,97,145
32,1066,6,0.09961535781621933,0.268624871969223,-0.10213252902030945,0.9974591732025146,95,145
32,1066,7,0.10031832009553909,0.27198731899261475,-0.024389320984482765,0.9933949708938599,96,146
32,1066,8,0.0898505225777626,0.26943644881248474,-0.11310479789972305,0.995962381362915,86,145
32,1066,9,0.10386572033166885,0.29173144698143005,-0.07074480503797531,0.9923833608627319,99,157
32,1066,10,0.10037378966808319,0.2908238470554352,-0.09409057348966599,0.9955227971076965,96,157
32,1066,11,0.09292484819889069,0.32959339022636414,0.04865684732794762,0.9995244741439819,89,177
32,1066,12,0.06593252718448639,0.3322022259235382,-0.13355299830436707,0.999904215335846,63,179
32,1066,13,0.09405335038900375,0.4317682981491089,0.0851045697927475,0.12703795731067657,90,233
32,1066,14,0.06601061671972275,0.4424514174461365,-0.1674356460571289,0.9825097918510437,63,238
32,1066,15,0.10734045505523682,0.5004552006721497,0.05106396973133087,0.1973572075366974,103,270
32,1066,16,0.08412420004606247,0.5282427072525024,-0.18019604682922363,0.9689602851867676,80,285
32,1066,17,0.11018727719783783,0.5251847505569458,0.048162735998630524,0.20586179196834564,105,283
32,1066,18,0.0865308865904808,0.5578263998031616,-0.19963455200195312,0.9388940334320068,83,301
32,1066,19,0.11381500214338303,0.5257168412208557,0.030062472447752953,0.21331652998924255,109,283
32,1066,20,0.0965089276432991,0.5515294671058655,-0.2019818276166916,0.9357117414474487,92,297
32,1066,21,0.11216816306114197,0.5146447420120239,0.04272432625293732,0.19583453238010406,107,277
32,1066,22,0.09682058542966843,0.5406612753868103,-0.1810646802186966,0.8950179815292358,92,291
32,1066,23,0.11021216958761215,0.5175846219062805,0.057118602097034454,0.9998887777328491,105,279
32,1066,24,0.08951649814844131,0.5243085622787476,-0.057303424924612045,0.9999393820762634,85,283
32,1066,25,0.13862138986587524,0.622673511505127,0.06555679440498352,0.8860304355621338,133,336
32,1066,26,0.07145248353481293,0.6421828269958496,-0.041754577308893204,0.9737754464149475,68,346
32,1066,27,0.1507728397846222,0.7448440790176392,0.10266076773405075,0.9733842015266418,144,402
32,1066,28,0.024378886446356773,0.7398214340209961,0.016755694523453712,0.9826927781105042,23,399
32,1066,29,0.14384469389915466,0.7752767205238342,0.1017540767788887,0.9208601713180542,138,418
32,1066,30,0.01281599048525095,0.749244213104248,0.021078534424304962,0.8608798980712891,12,404
32,1066,31,0.1841926872730255,0.7657454013824463,0.03800923749804497,0.9647597670555115,176,413
32,1066,32,0.03713535517454147,0.7904914617538452,-0.03987114131450653,0.9669191837310791,35,426
33,1100,0,0.10279126465320587,0.2824382483959198,-0.08404001593589783,0.9952384829521179,98,152
33,1100,1,0.1038336530327797,0.26972851157188416,-0.07313563674688339,0.9923274517059326,99,145
33,1100,2,0.10437561571598053,0.2693949341773987,-0.07331258803606033,0.9906773567199707,100,145
33,1100,3,0.10502918064594269,0.2693212032318115,-0.07326561957597733,0.9917140007019043,100,145
33,1100,4,0.10100170224905014,0.2695614993572235,-0.08834772557020187,0.9952884912490845,96,145
33,1100,5,0.09953098744153976,0.26901188492774963,-0.08857427537441254,0.996626079082489,95,145
33,1100,6,0.09738277643918991,0.2686636745929718,-0.08870089054107666,0.9975954294204712,93,145
33,1100,7,0.10123606026172638,0.27187907695770264,-0.01126363780349493,0.9934811592102051,97,146
33,1100,8,0.08947564661502838,0.2693538963794708,-0.08322542160749435,0.9961438179016113,85,145
33,1100,9,0.10133610665798187,0.2915039360523224,-0.058486565947532654,0.9924021363258362,97,157
33,1100,10,0.09815561026334763,0.2906169295310974,-0.07970175892114639,0.9956141710281372,94,156
33,1100,11,0.09628093242645264,0.32951462268829346,0.05733412876725197,0.9995180368423462,92,177
33,1100,12,0.06727979332208633,0.33221694827079773,-0.10521803051233292,0.999908983707428,64,179
33,1100,13,0.09496794641017914,0.42839381098747253,0.09000154584646225,0.11611418426036835,91,231
33,1100,14,0.0687088891863823,0.4403369128704071,-0.13965781033039093,0.9834129810333252,65,237
33,1100,15,0.10814733803272247,0.4952062964439392,0.05562424659729004,0.17945639789104462,103,267
33,1100,16,0.08531834930181503,0.5268694162368774,-0.15836480259895325,0.9684023857116699,81,284
33,1100,17,0.11466113477945328,0.5238651633262634,0.05227790027856827,0.18834282457828522,110,282
33,1100,18,0.0864238515496254,0.5569855570793152,-0.17740398645401,0.9376925826072693,82,300
33,1100,19,0.1147398054599762,0.5199515223503113,0.03476939722895622,0.19532226026058197,110,280
33,1100,20,0.09623251110315323,0.551456868648529,-0.1800689548254013,0.9352965354919434,92,297
33,1100,21,0.11363083869218826,0.5070945620536804,0.04766303673386574,0.17931249737739563,109,273
33,1100,22,0.09623024612665176,0.5404948592185974,-0.15958641469478607,0.893557071685791,92,291
33,1100,23,0.1130283772945404,0.5168182253837585,0.053386833518743515,0.9998955130577087,108,279
33,1100,24,0.08994516730308533,0.5235649943351746,-0.05356863513588905,0.9999428987503052,86,282
33,1100,25,0.13773857057094574,0.623079776763916,0.06695672124624252,0.8673779964447021,132,336
33,1100,26,0.0738876610994339,0.6430702209472656,-0.040340814739465714,0.9716613292694092,70,347
33,1100,27,0.15122976899147034,0.7450517416000366,0.1035480871796608,0.9706016182899475,145,402
33,1100,28,0.026331769302487373,0.7381799817085266,0.017168162390589714,0.9817598462104797,25,398
33,1100,29,0.14503523707389832,0.7748311758041382,0.10285445302724838,0.9171381592750549,139,418
33,1100,30,0.013111809268593788,0.7473992109298706,0.02105257846415043,0.8504550457000732,12,403
33,1100,31,0.18434929847717285,0.7664418816566467,0.039655428379774094,0.9643676280975342,176,413
33,1100,32,0.03756692633032799,0.790703296661377,-0.040199533104896545,0.9670735001564026,36,426
34,1133,0,0.1176292672753334,0.2820793092250824,-0.07576136291027069,0.9955101013183594,112,152
34,1133,1,0.11801891773939133,0.2695985436439514,-0.06608286499977112,0.9926111698150635,113,145
34,1133,2,0.11798853427171707,0.2690819799900055,-0.06626056134700775,0.9909801483154297,113,145
34,1133,3,0.1180698499083519,0.2687838673591614,-0.06622914969921112,0.9920065999031067,113,145
34,1133,4,0.11622292548418045,0.2693134546279907,-0.08336291462182999,0.9955606460571289,111,145
34,1133,5,0.1147070974111557,0.2685561180114746,-0.08357960730791092,0.9968352317810059,110,145
34,1133,6,0.11341779679059982,0.2678285241127014,-0.08370637893676758,0.9977413415908813,108,144
34,1133,7,0.1113065555691719,0.2706688940525055,-0.011017685756087303,0.9938327074050903,106,146
34,1133,8,0.10351298004388809,0.2668495178222656,-0.09019908308982849,0.9964231848716736,99,144
34,1133,9,0.11455909162759781,0.29125306010246277,-0.051921915262937546,0.9927722811698914,109,157
34,1133,10,0.11172500997781754,0.2904541492462158,-0.07605180889368057,0.9958877563476562,107,156
34,1133,11,0.1000477597117424,0.3289770781993866,0.055900104343891144,0.9995316863059998,96,177
34,1133,12,0.07791595160961151,0.33091646432876587,-0.11709361523389816,0.9999151229858398,74,178
34,1133,13,0.10333851724863052,0.42838016152381897,0.09028100222349167,0.1072949767112732,99,231
34,1133,14,0.0780576542019844,0.44064995646476746,-0.14807459712028503,0.9849393367767334,74,237
34,1133,15,0.1160825714468956,0.49618011713027954,0.06225408613681793,0.16526943445205688,111,267
34,1133,16,0.09218133240938187,0.5273179411888123,-0.1562090963125229,0.9709370136260986,88,284
34,1133,17,0.11922058463096619,0.5235752463340759,0.06087154895067215,0.1762164682149887,114,282
34,1133,18,0.09239303320646286,0.5569570064544678,-0.1745663434267044,0.9425128698348999,88,300
34,1133,19,0.1227341815829277,0.5208796858787537,0.04375181347131729,0.1830437183380127,117,281
34,1133,20,0.10372468084096909,0.5513895153999329,-0.1767304241657257,0.940493643283844,99,297
34,1133,21,0.12098393589258194,0.5097070932388306,0.05461866036057472,0.1680068075656891,116,275
34,1133,22,0.10431090742349625,0.5411183834075928,-0.15701688826084137,0.9017931818962097,100,292
34,1133,23,0.11714248359203339,0.5155275464057922,0.05384533479809761,0.9998981356620789,112,278
34,1133,24,0.10102573782205582,0.5214800834655762,-0.05400675907731056,0.9999446868896484,96,281
34,1133,25,0.14242394268512726,0.6213873624801636,0.08566872775554657,0.8594443798065186,136,335
34,1133,26,0.09043882042169571,0.6443432569503784,-0.07096245884895325,0.9739407300949097,86,347
34,1133,27,0.15141573548316956,0.745262086391449,0.1349143385887146,0.9708525538444519,145,402
34,1133,28,0.03423690050840378,0.7370826005935669,-0.014631567522883415,0.9830092191696167,32,398
34,1133,29,0.14524796605110168,0.7748609185218811,0.1355583369731903,0.9206533432006836,139,418
34,1133,30,0.017668506130576134,0.7397602200508118,-0.010272345505654812,0.859289824962616,16,399
34,1133,31,0.18450453877449036,0.7671018242835999,0.08139553666114807,0.9660096764564514,177,414
34,1133,32,0.039769209921360016,0.7961723208427429,-0.06440751254558563,0.9696405529975891,38,429
35,1166,0,0.12098929286003113,0.28190040588378906,-0.07594119012355804,0.995772659778595,116,152
35,1166,1,0.11968578398227692,0.26887449622154236,-0.06610694527626038,0.9929423332214355,114,145
35,1166,2,0.11916139721870422,0.2681344449520111,-0.06629189103841782,0.9913457036018372,114,144
35,1166,3,0.11876490712165833,0.26758241653442383,-0.06625575572252274,0.9923649430274963,114,144
35,1166,4,0.11874005198478699,0.26855263113975525,-0.08470434695482254,0.9958314299583435,113,145
35,1166,5,0.11743833124637604,0.2677280306816101,-0.08492370694875717,0.9970382452011108,112,144
35,1166,6,0.1163242906332016,0.26684433221817017,-0.08505411446094513,0.9978853464126587,111,144
35,1166,7,0.11076437681913376,0.26812097430229187,-0.011025715619325638,0.9941913485527039,106,144
35,1166,8,0.10502196103334427,0.2661898136138916,-0.09119435399770737,0.99667888879776,100,143
35,1166,9,0.11751951277256012,0.2911154627799988,-0.05213679000735283,0.9931883215904236,112,157
35,1166,10,0.1160852387547493,0.28993847966194153,-0.07778532803058624,0.9961521625518799,111,156
35,1166,11,0.10387107729911804,0.3289601504802704,0.05645310506224632,0.9995545744895935,99,177
35,1166,12,0.0799851268529892,0.3301488757133484,-0.12470224499702454,0.9999209046363831,76,178
35,1166,13,0.1068868562579155,0.4284185767173767,0.0904947817325592,0.09952986240386963,102,231
35,1166,14,0.08042038977146149,0.4419037401676178,-0.15959817171096802,0.9862314462661743,77,238
35,1166,15,0.12060927599668503,0.4963740110397339,0.05974734202027321,0.15076136589050293,115,268
35,1166,16,0.09356176853179932,0.5299445986747742,-0.16985847055912018,0.9723716974258423,89,286
35,1166,17,0.12112386524677277,0.523238480091095,0.05851960554718971,0.16214437782764435,116,282
35,1166,18,0.09335369616746902,0.5588890314102173,-0.18920524418354034,0.944941520690918,89,301
35,1166,19,0.1255473643541336,0.5212418437004089,0.04123656451702118,0.16852816939353943,120,281
35,1166,20,0.10430418699979782,0.5522297620773315,-0.19217941164970398,0.9433684349060059,100,298
35,1166,21,0.12388571351766586,0.5111624598503113,0.05197157338261604,0.15484672784805298,118,276
35,1166,22,0.10444207489490509,0.5416710376739502,-0.17096856236457825,0.9060046076774597,100,292
35,1166,23,0.12081421166658401,0.5153164863586426,0.05748825520277023,0.9999058246612549,115,278
35,1166,24,0.09965830296278,0.5216735005378723,-0.05761339142918587,0.9999487996101379,95,281
35,1166,25,0.14500312507152557,0.6218823194503784,0.10878503322601318,0.86111980676651,139,335
35,1166,26,0.09257657825946808,0.6462026238441467,-0.07382116466760635,0.9761416912078857,88,348
35,1166,27,0.15320172905921936,0.7455650568008423,0.17407020926475525,0.9723997712135315,147,402
35,1166,28,0.03785615786910057,0.7360784411430359,0.0003241181548219174,0.984298825263977,36,397
35,1166,29,0.1455845832824707,0.7749475240707397,0.1761869341135025,0.9258598685264587,139,418
35,1166,30,0.021911263465881348,0.736873209476471,0.005957663990557194,0.8682855367660522,21,397
35,1166,31,0.18618044257164001,0.7698153257369995,0.11873392760753632,0.968305230140686,178,415
35,1166,32,0.039733871817588806,0.7981311082839966,-0.052296385169029236,0.9721093773841858,38,430
36,1200,0,0.12359388917684555,0.2804659605026245,-0.10678420960903168,0.9958223700523376,118,151
36,1200,1,0.12334084510803223,0.26674503087997437,-0.09663881361484528,0.9928516149520874,118,144
36,1200,2,0.1231483593583107,0.2658797800540924,-0.09682635962963104,0.9911448359489441,118,143
36,1200,3,0.12300915271043777,0.2652219235897064,-0.09679517894983292,0.9922353029251099,118,143
36,1200,4,0.12252207845449448,0.26649338006973267,-0.11557899415493011,0.9959306716918945,117,143
36,1200,5,0.12183589488267899,0.26551109552383423,-0.11580045521259308,0.9971264004707336,116,143
36,1200,6,0.12026358395814896,0.2647523880004883,-0.11595993489027023,0.9979433417320251,115,142
36,1200,7,0.11684036254882812,0.2663269340991974,-0.03730905055999756,0.9943356513977051,112,143
36,1200,8,0.11245303601026535,0.26477763056755066,-0.12489120662212372,0.9968540072441101,107,142
36,1200,9,0.12098850309848785,0.2899390161037445,-0.08150255680084229,0.9933033585548401,116,156
36,1200,10,0.11950471252202988,0.2884054481983185,-0.10798812657594681,0.9962718486785889,114,155
36,1200,11,0.10909642279148102,0.3270076513290405,0.04096271097660065,0.9995282292366028,104,176
36,1200,12,0.0877871885895729,0.3301275074481964,-0.15808182954788208,0.9999200105667114,84,178
36,1200,13,0.11059702932834625,0.42912086844444275,0.07971557229757309,0.09267162531614304,106,231
36,1200,14,0.0884038433432579,0.44190293550491333,-0.19502635300159454,0.9873487949371338,84,238
36,1200,15,0.1234193816781044,0.5005264282226562,0.058479130268096924,0.13696683943271637,118,270
36,1200,16,0.10175719857215881,0.5299810767173767,-0.20516686141490936,0.9724972248077393,97,286
36,1200,17,0.12623949348926544,0.5350246429443359,0.05606583505868912,0.14837759733200073,121,288
36,1200,18,0.10067573934793472,0.5590041875839233,-0.2279583066701889,0.9444653391838074,96,301
36,1200,19,0.12842020392417908,0.5302306413650513,0.036787111312150955,0.15430735051631927,123,286
36,1200,20,0.11047516018152237,0.5532939434051514,-0.2293599247932434,0.9435927271842957,106,298
36,1200,21,0.12716595828533173,0.5203736424446106,0.04938853904604912,0.14195924997329712,122,281
36,1200,22,0.11209698766469955,0.5425881743431091,-0.20583215355873108,0.9060885906219482,107,292
36,1200,23,0.12875615060329437,0.5144057273864746,0.06190837547183037,0.999907374382019,123,277
36,1200,24,0.10921038687229156,0.5215954780578613,-0.06200525909662247,0.9999496340751648,104,281
36,1200,25,0.15095630288124084,0.6220306158065796,0.12939509749412537,0.8623589277267456,144,335
36,1200,26,0.10981138050556183,0.6471355557441711,-0.09045571833848953,0.9782599210739136,105,349
36,1200,27,0.15357644855976105,0.7459115386009216,0.20885364711284637,0.9740769267082214,147,402
36,1200,28,0.053049635142087936,0.7281143069267273,0.009024184197187424,0.9854111671447754,50,393
36,1200,29,0.1455143392086029,0.7750099301338196,0.21221011877059937,0.9309210181236267,139,418
36,1200,30,0.03697117045521736,0.7269320487976074,0.008744257502257824,0.8763990998268127,35,392
36,1200,31,0.18708014488220215,0.7716021537780762,0.15332573652267456,0.970257580280304,179,416
36,1200,32,0.04967808350920677,0.7953913807868958,-0.03678445890545845,0.9741345643997192,47,429
37,1233,0,0.12421192973852158,0.2796579599380493,-0.10136906802654266,0.9959239959716797,119,151
37,1233,1,0.12406393885612488,0.26583489775657654,-0.09442553669214249,0.9929828643798828,119,143
37,1233,2,0.12391041964292526,0.2650362253189087,-0.0946250930428505,0.9912684559822083,118,143
37,1233,3,0.12389888614416122,0.2644645869731903,-0.09464558213949203,0.9924376606941223,118,142
37,1233,4,0.12321290373802185,0.26566800475120544,-0.1111203208565712,0.9960657954216003,118,143
37,1233,5,0.12247706204652786,0.26473867893218994,-0.11133410781621933,0.9972236156463623,117,142
37,1233,6,0.12083183228969574,0.2635935842990875,-0.11151090264320374,0.9980140328407288,115,142
37,1233,7,0.11763884872198105,0.2658316493034363,-0.0348886176943779,0.9946216940879822,112,143
37,1233,8,0.11247356981039047,0.26441341638565063,-0.1225334033370018,0.9970139265060425,107,142
37,1233,9,0.12133011221885681,0.2892543077468872,-0.07874277979135513,0.9935867786407471,116,156
37,1233,10,0.11986449360847473,0.28762346506118774,-0.10269682109355927,0.9964216351509094,115,155
37,1233,11,0.1136874184012413,0.32652685046195984,0.0404534749686718,0.9995515942573547,109,176
37,1233,12,0.08860795199871063,0.32977721095085144,-0.14823393523693085,0.999922513961792,85,178
37,1233,13,0.11824468523263931,0.4291324019432068,0.07776377350091934,0.08798103034496307,113,231
37,1233,14,0.0904175266623497,0.4423939287662506,-0.17547017335891724,0.9882332682609558,86,238
37,1233,15,0.12709785997867584,0.509630560874939,0.055353857576847076,0.1251188963651657,122,275
37,1233,16,0.10249469429254532,0.5306780338287354,-0.18166813254356384,0.9701719284057617,98,286
37,1233,17,0.12444648146629333,0.5340389609336853,0.053498540073633194,0.13662093877792358,119,288
37,1233,18,0.10190161317586899,0.5594378709793091,-0.20103630423545837,0.9391806721687317,97,302
37,1233,19,0.1260366290807724,0.5300090312957764,0.03589261695742607,0.14203017950057983,120,286
37,1233,20,0.11006440967321396,0.5541932582855225,-0.20445169508457184,0.9389186501502991,105,299
37,1233,21,0.1280180960893631,0.522842288017273,0.04717137664556503,0.1307145208120346,122,282
37,1233,22,0.11088339239358902,0.5434751510620117,-0.18313536047935486,0.8995023965835571,106,293
37,1233,23,0.13180701434612274,0.5133698582649231,0.06143178790807724,0.9999159574508667,126,277
37,1233,24,0.10935238748788834,0.5215103030204773,-0.06149518862366676,0.9999541640281677,104,281
37,1233,25,0.15238092839717865,0.6245024800300598,0.11980684101581573,0.871384859085083,146,337
37,1233,26,0.1111721321940422,0.6513690948486328,-0.07765153050422668,0.9803041219711304,106,351
37,1233,27,0.15363454818725586,0.7460407614707947,0.19471338391304016,0.9762793779373169,147,402
37,1233,28,0.055414605885744095,0.7270419597625732,0.025889962911605835,0.9866741895675659,53,392
37,1233,29,0.14503805339336395,0.7752969861030579,0.19780795276165009,0.9366148114204407,139,418
37,1233,30,0.03921055793762207,0.7240355610847473,0.035028405487537384,0.8861168622970581,37,390
37,1233,31,0.1889643520116806,0.7733960747718811,0.1391703337430954,0.9728033542633057,181,417
37,1233,32,0.05163995549082756,0.7944047451019287,-0.012951264157891273,0.9764229655265808,49,428
38,1266,0,0.13260096311569214,0.2787036597728729,-0.0984250158071518,0.9957915544509888,127,150
38,1266,1,0.13185088336467743,0.2646663784980774,-0.09370945394039154,0.9925628304481506,126,142
38,1266,2,0.13145966827869415,0.26390862464904785,-0.09390246123075485,0.9906386137008667,126,142
38,1266,3,0.13123683631420135,0.26338058710098267,-0.09395884722471237,0.9919979572296143,125,142
38,1266,4,0.1307019144296646,0.26398521661758423,-0.10766368359327316,0.9960325956344604,125,142
38,1266,5,0.12958531081676483,0.26292985677719116,-0.10789193212985992,0.997220516204834,124,141
38,1266,6,0.12789490818977356,0.26180964708328247,-0.10804276168346405,0.9980182647705078,122,141
38,1266,7,0.12420902401208878,0.26429200172424316,-0.027756061404943466,0.994480550289154,119,142
38,1266,8,0.11904434859752655,0.26250866055488586,-0.11767203360795975,0.9970952272415161,114,141
38,1266,9,0.12905068695545197,0.288388729095459,-0.07797478139400482,0.9934577345848083,123,155
38,1266,10,0.12758426368236542,0.28645315766334534,-0.0988829955458641,0.9964410662651062,122,154
38,1266,11,0.11905612796545029,0.32627105712890625,0.04838569089770317,0.9995238780975342,114,176
38,1266,12,0.09561828523874283,0.32888588309288025,-0.14580968022346497,0.9999236464500427,91,177
38,1266,13,0.12306853383779526,0.4291241765022278,0.08683016151189804,0.08095334470272064,118,231
38,1266,14,0.09594132006168365,0.4414343535900116,-0.18344523012638092,0.9891303777694702,92,238
38,1266,15,0.13238556683063507,0.5080077052116394,0.061570584774017334,0.11379093676805496,127,274
38,1266,16,0.10623403638601303,0.5305808186531067,-0.20116694271564484,0.9713519811630249,101,286
38,1266,17,0.1363629400730133,0.5356448888778687,0.06071474403142929,0.12532323598861694,130,289
38,1266,18,0.10509223490953445,0.5591012835502625,-0.22411011159420013,0.9412181377410889,100,301
38,1266,19,0.13851386308670044,0.5307655334472656,0.0421890988945961,0.1304188370704651,132,286
38,1266,20,0.11414828151464462,0.5549957156181335,-0.22647807002067566,0.9413926601409912,109,299
38,1266,21,0.13746541738510132,0.5231053233146667,0.05324147269129753,0.12018608301877975,131,282
38,1266,22,0.11469823867082596,0.5440871715545654,-0.20251654088497162,0.9032107591629028,110,293
38,1266,23,0.13513639569282532,0.5104166865348816,0.06135410815477371,0.9999175667762756,129,275
38,1266,24,0.11581345647573471,0.5193405151367188,-0.06143532320857048,0.9999551773071289,111,280
38,1266,25,0.15434376895427704,0.6230578422546387,0.11366292089223862,0.8595929741859436,148,336
38,1266,26,0.12790395319461823,0.6512587666511536,-0.09301555901765823,0.9815218448638916,122,351
38,1266,27,0.15429820120334625,0.7461622953414917,0.18698184192180634,0.976047158241272,148,402
38,1266,28,0.06924683600664139,0.7209199666976929,0.02448824606835842,0.9869232177734375,66,389
38,1266,29,0.14481160044670105,0.775231659412384,0.1900320053100586,0.9380007982254028,139,418
38,1266,30,0.05437731370329857,0.7175350189208984,0.03426646813750267,0.8885337114334106,52,387
38,1266,31,0.18698778748512268,0.7743308544158936,0.13575713336467743,0.9730982780456543,179,418
38,1266,32,0.06619363278150558,0.7888133525848389,-0.013418742455542088,0.9773378968238831,63,425
39,1300,0,0.1337713599205017,0.2786693274974823,-0.11129887402057648,0.9958068132400513,128,150
39,1300,1,0.13367792963981628,0.2645447552204132,-0.10095434635877609,0.9924395680427551,128,142
39,1300,2,0.13371410965919495,0.26386740803718567,-0.10114975273609161,0.9903640151023865,128,142
39,1300,3,0.13385233283042908,0.2633630633354187,-0.10113499313592911,0.9918892979621887,128,142
39,1300,4,0.1318196803331375,0.2639009654521942,-0.11963661015033722,0.9960885047912598,126,142
39,1300,5,0.1305151879787445,0.26284855604171753,-0.1198585256934166,0.9972585439682007,125,141
39,1300,6,0.12889161705970764,0.2617633044719696,-0.12001306563615799,0.998045027256012,123,141
39,1300,7,0.12770459055900574,0.26424646377563477,-0.03548489138484001,0.9944996237754822,122,142
39,1300,8,0.1193852424621582,0.2622058689594269,-0.12664373219013214,0.9971655607223511,114,141
39,1300,9,0.1303761750459671,0.28835001587867737,-0.0849858969449997,0.993447482585907,125,155
39,1300,10,0.12817583978176117,0.28644973039627075,-0.11124539375305176,0.9964767098426819,123,154
39,1300,11,0.12213227152824402,0.32639583945274353,0.0470944419503212,0.9995300769805908,117,176
39,1300,12,0.0957493707537651,0.32898297905921936,-0.1572975367307663,0.9999261498451233,91,177
39,1300,13,0.12504714727401733,0.4302390515804291,0.08708509057760239,0.07530283182859421,120,232
39,1300,14,0.09603076428174973,0.4410971999168396,-0.1947784274816513,0.9900369644165039,92,238
39,1300,15,0.13323725759983063,0.5103564858436584,0.06043151393532753,0.10406521707773209,127,275
39,1300,16,0.10797350853681564,0.5311317443847656,-0.20791009068489075,0.9727344512939453,103,286
39,1300,17,0.13384078443050385,0.5350568890571594,0.05922585353255272,0.1158921867609024,128,288
39,1300,18,0.10590897500514984,0.5602816939353943,-0.23145802319049835,0.9434147477149963,101,302
39,1300,19,0.1376773864030838,0.5371944904327393,0.040816765278577805,0.12062962353229523,132,290
39,1300,20,0.1154300794005394,0.55685955286026,-0.23369356989860535,0.9438480734825134,110,300
39,1300,21,0.13647553324699402,0.5278829336166382,0.052280131727457047,0.11126825958490372,131,285
39,1300,22,0.11641395837068558,0.547260046005249,-0.20901507139205933,0.9067249298095703,111,295
39,1300,23,0.1365702748298645,0.5102272033691406,0.06345681101083755,0.99992436170578,131,275
39,1300,24,0.11850477755069733,0.5195425748825073,-0.0635453313589096,0.9999588131904602,113,280
39,1300,25,0.15659643709659576,0.622742235660553,0.11546503007411957,0.8550949096679688,150,336
39,1300,26,0.13319596648216248,0.6510065793991089,-0.09741779416799545,0.9830710887908936,127,351
39,1300,27,0.15425831079483032,0.7461731433868408,0.18925532698631287,0.9771718978881836,148,402
39,1300,28,0.07149644941091537,0.7181795239448547,0.015733422711491585,0.9877690076828003,68,387
39,1300,29,0.14539319276809692,0.7734867334365845,0.19199296832084656,0.9418006539344788,139,417
39,1300,30,0.0558130256831646,0.7146255970001221,0.026762904599308968,0.895612895488739,53,385
39,1300,31,0.1878461092710495,0.7742870450019836,0.13770310580730438,0.9744836688041687,180,418
39,1300,32,0.0682566687464714,0.7853835821151733,-0.016059331595897675,0.978930652141571,65,424
40,1333,0,0.1425144225358963,0.2757037580013275,-0.08455407619476318,0.995497465133667,136,148
40,1333,1,0.14208795130252838,0.26055511832237244,-0.07443168014287949,0.9916718602180481,136,140
40,1333,2,0.1413203775882721,0.2597988247871399,-0.07460532337427139,0.9893571138381958,135,140
40,1333,3,0.14090241491794586,0.2591613829135895,-0.07458975166082382,0.9911625981330872,135,139
40,1333,4,0.1405542641878128,0.2595290541648865,-0.09448955208063126,0.9958821535110474,134,140
40,1333,5,0.13909363746643066,0.25823521614074707,-0.09469302743673325,0.9971460103988647,133,139
40,1333,6,0.13759344816207886,0.25683778524398804,-0.09483495354652405,0.9979594945907593,132,138
40,1333,7,0.13331250846385956,0.2607719302177429,-0.016902746632695198,0.9943285584449768,127,140
40,1333,8,0.12669715285301208,0.2572653293609619,-0.11114382743835449,0.9971723556518555,121,138
40,1333,9,0.1388368010520935,0.2860676348209381,-0.0600956529378891,0.993036687374115,133,154
40,1333,10,0.1363516002893448,0.28405216336250305,-0.08812812715768814,0.9963488578796387,130,153
40,1333,11,0.12552019953727722,0.32530269026756287,0.05908818170428276,0.9994386434555054,120,175
40,1333,12,0.1045239195227623,0.3251543641090393,-0.15170073509216309,0.9999215006828308,100,175
40,1333,13,0.13062797486782074,0.42771992087364197,0.09351476281881332,0.06897098571062088,125,230
40,1333,14,0.10433930903673172,0.43420013785362244,-0.18856267631053925,0.9906989336013794,100,234
40,1333,15,0.1425958126783371,0.5100066661834717,0.06262732297182083,0.09442128241062164,136,275
40,1333,16,0.1168307214975357,0.5240595936775208,-0.2023387998342514,0.9726689457893372,112,282
40,1333,17,0.14468778669834137,0.5348421931266785,0.060826364904642105,0.10603342950344086,138,288
40,1333,18,0.11695612967014313,0.5545459389686584,-0.2252493053674698,0.943600058555603,112,299
40,1333,19,0.14681217074394226,0.5339868068695068,0.0429963655769825,0.11047033220529556,140,288
40,1333,20,0.1239989697933197,0.5517507791519165,-0.2271386981010437,0.9446077346801758,119,297
40,1333,21,0.14517924189567566,0.524222195148468,0.05445466563105583,0.10203202813863754,139,283
40,1333,22,0.12477521598339081,0.541928231716156,-0.2033202052116394,0.9077882170677185,119,292
40,1333,23,0.1412430852651596,0.50850510597229,0.06346379965543747,0.999912679195404,135,274
40,1333,24,0.1287551373243332,0.5161334872245789,-0.06356533616781235,0.9999525547027588,123,278
40,1333,25,0.15722018480300903,0.6220564246177673,0.11286293715238571,0.8301621675491333,150,335
40,1333,26,0.1501803994178772,0.6403014659881592,-0.0988263338804245,0.983612596988678,144,345
40,1333,27,0.15396003425121307,0.7462818622589111,0.1819336861371994,0.9756966829299927,147,402
40,1333,28,0.09087266772985458,0.7153775095939636,0.014689776115119457,0.9872891306877136,87,386
40,1333,29,0.14527460932731628,0.7736210227012634,0.1844458431005478,0.9422889947891235,139,417
40,1333,30,0.07639537006616592,0.7142510414123535,0.025819750502705574,0.8957465887069702,73,385
40,1333,31,0.18660345673561096,0.7744772434234619,0.1262694150209427,0.9738536477088928,179,418
40,1333,32,0.0891856849193573,0.7837938070297241,-0.01641836017370224,0.9788320064544678,85,423
41,1366,0,0.14493724703788757,0.2737945020198822,-0.07482006400823593,0.9952092170715332,139,147
41,1366,1,0.14316202700138092,0.2584756314754486,-0.06588445603847504,0.9909631609916687,137,139
41,1366,2,0.14224451780319214,0.2575565278530121,-0.06607765704393387,0.9884941577911377,136,139
41,1366,3,0.1413939744234085,0.2569892108440399,-0.06606380641460419,0.9907437562942505,135,138
41,1366,4,0.14283493161201477,0.25821471214294434,-0.08579644560813904,0.99564129114151,137,139
41,1366,5,0.14187444746494293,0.2571532130241394,-0.08599701523780823,0.9969797730445862,136,138
41,1366,6,0.1409749984741211,0.2560165822505951,-0.08612797409296036,0.9978339076042175,135,138
41,1366,7,0.13312874734401703,0.2580431401729584,-0.013963541015982628,0.9942541718482971,127,139
41,1366,8,0.13123196363449097,0.256402850151062,-0.10701208561658859,0.997013509273529,125,138
41,1366,9,0.14008814096450806,0.2844295799732208,-0.052132461220026016,0.9929143190383911,134,153
41,1366,10,0.13924433290958405,0.2826424241065979,-0.07991544157266617,0.9962548017501831,133,152
41,1366,11,0.12526078522205353,0.3237881064414978,0.05727917328476906,0.999458909034729,120,174
41,1366,12,0.10623088479042053,0.32429757714271545,-0.14460812509059906,0.999921977519989,101,175
41,1366,13,0.13152813911437988,0.4279552698135376,0.09190115332603455,0.06343991309404373,126,231
41,1366,14,0.10585975646972656,0.4320047199726105,-0.18702808022499084,0.9911493062973022,101,233
41,1366,15,0.13952188193798065,0.5083332657814026,0.06153404712677002,0.08587365597486496,133,274
41,1366,16,0.11700429022312164,0.5199351906776428,-0.1998669058084488,0.9706839919090271,112,280
41,1366,17,0.14135441184043884,0.5317453145980835,0.05943233147263527,0.09722604602575302,135,287
41,1366,18,0.11551176011562347,0.5516929030418396,-0.22240252792835236,0.9403786659240723,110,297
41,1366,19,0.14329880475997925,0.5318670868873596,0.04232756793498993,0.10134311765432358,137,287
41,1366,20,0.12402515858411789,0.5489906072616577,-0.22497834265232086,0.9421722292900085,119,296
41,1366,21,0.1421990543603897,0.5231450796127319,0.053781136870384216,0.09361254423856735,136,282
41,1366,22,0.12474744021892548,0.5391785502433777,-0.20127269625663757,0.9036552906036377,119,291
41,1366,23,0.14180001616477966,0.5071191787719727,0.0629982277750969,0.9999176859855652,136,273
41,1366,24,0.12873436510562897,0.5158295035362244,-0.06310604512691498,0.9999547600746155,123,278
41,1366,25,0.15674255788326263,0.622099757194519,0.111463762819767,0.7958765029907227,150,335
41,1366,26,0.15262721478939056,0.6375190615653992,-0.09370730072259903,0.9837707877159119,146,344
41,1366,27,0.15377090871334076,0.7464438676834106,0.17098160088062286,0.9726638793945312,147,403
41,1366,28,0.09057559072971344,0.7149809002876282,0.0016996205085888505,0.9868648052215576,86,386
41,1366,29,0.14514519274234772,0.7752426862716675,0.17149658501148224,0.9412969350814819,139,418
41,1366,30,0.07632636278867722,0.7149832844734192,0.010565557517111301,0.8957814574241638,73,386
41,1366,31,0.18580780923366547,0.7748189568519592,0.12185763567686081,0.9726575613021851,178,418
41,1366,32,0.09235721081495285,0.7828541398048401,-0.030349211767315865,0.9791483879089355,88,422
42,1400,0,0.15199394524097443,0.269247442483902,-0.05745340511202812,0.9939889311790466,145,145
42,1400,1,0.1496196687221527,0.25356462597846985,-0.04954281821846962,0.9881373643875122,143,136
42,1400,2,0.14790698885917664,0.2528429329395294,-0.04970768839120865,0.9846014380455017,141,136
42,1400,3,0.14677737653255463,0.252287358045578,-0.04968247562646866,0.9880743622779846,140,136
42,1400,4,0.14983080327510834,0.2532974183559418,-0.07036615163087845,0.9946390986442566,143,136
42,1400,5,0.14857472479343414,0.25252416729927063,-0.07056840509176254,0.9963128566741943,142,136
42,1400,6,0.14785806834697723,0.25097110867500305,-0.07069447636604309,0.9974365234375,141,135
42,1400,7,0.13777951896190643,0.2542628347873688,-0.0036750466097146273,0.9926619529724121,132,137
42,1400,8,0.1389695703983307,0.25317704677581787,-0.09949587285518646,0.9965556263923645,133,136
42,1400,9,0.1462436467409134,0.28080520033836365,-0.03662746399641037,0.9913428425788879,140,151
42,1400,10,0.14586509764194489,0.27885082364082336,-0.06532660871744156,0.9956369400024414,140,150
42,1400,11,0.12685531377792358,0.3215552866458893,0.06502865254878998,0.9994131922721863,121,173
42,1400,12,0.11620627343654633,0.32201719284057617,-0.13983860611915588,0.9999226927757263,111,173
42,1400,13,0.13335327804088593,0.42796164751052856,0.09960826486349106,0.057543784379959106,128,231
42,1400,14,0.11255190521478653,0.4268425703048706,-0.18665164709091187,0.9915463924407959,108,230
42,1400,15,0.1411394476890564,0.5079411268234253,0.07146959751844406,0.07768900692462921,135,274
42,1400,16,0.12157506495714188,0.5174688696861267,-0.19827571511268616,0.9708402156829834,116,279
42,1400,17,0.14284110069274902,0.5308133959770203,0.06972984969615936,0.08836521208286285,137,286
42,1400,18,0.12186253815889359,0.5488552451133728,-0.22151364386081696,0.9405903816223145,116,296
42,1400,19,0.14481878280639648,0.5288918614387512,0.05269068107008934,0.09212346374988556,139,285
42,1400,20,0.12888671457767487,0.5478257536888123,-0.22372716665267944,0.9426073431968689,123,295
42,1400,21,0.14373548328876495,0.5196441411972046,0.06351806223392487,0.08511843532323837,137,280
42,1400,22,0.12895460426807404,0.5371242165565491,-0.1995875984430313,0.9037240743637085,123,290
42,1400,23,0.14703837037086487,0.5036539435386658,0.0629316195845604,0.9999181628227234,141,271
42,1400,24,0.13731734454631805,0.5082371830940247,-0.06304485350847244,0.9999556541442871,131,274
42,1400,25,0.15945319831371307,0.6175444722175598,0.08295378088951111,0.7453604340553284,153,333
42,1400,26,0.15744635462760925,0.6313413381576538,-0.08979825675487518,0.9793225526809692,151,340
42,1400,27,0.15364859998226166,0.7458370923995972,0.1214062049984932,0.9615042209625244,147,402
42,1400,28,0.10766836255788803,0.7153368592262268,-0.00983284693211317,0.9842268228530884,103,386
42,1400,29,0.14401862025260925,0.7756239175796509,0.12101468443870544,0.9309636354446411,138,418
42,1400,30,0.09268958866596222,0.7165132761001587,-0.0028423734474927187,0.8858984708786011,88,386
42,1400,31,0.18546509742736816,0.7767437696456909,0.07201949506998062,0.9657261967658997,178,419
42,1400,32,0.11503398418426514,0.7857437133789062,-0.04688011482357979,0.9766368865966797,110,424
43,1433,0,0.1501670926809311,0.2696842551231384,-0.07063248753547668,0.9939029812812805,144,145
43,1433,1,0.1482839584350586,0.25431257486343384,-0.06297367066144943,0.9876773953437805,142,137
43,1433,2,0.14732351899147034,0.25361767411231995,-0.0631309375166893,0.9839271903038025,141,136
43,1433,3,0.1465452015399933,0.2530868947505951,-0.06311427056789398,0.98762047290802,140,136
43,1433,4,0.14837878942489624,0.25406837463378906,-0.08637877553701401,0.9946304559707642,142,137
43,1433,5,0.14765897393226624,0.2532951831817627,-0.08658871054649353,0.9963335394859314,141,136
43,1433,6,0.14712312817573547,0.25186917185783386,-0.08672097325325012,0.9974581599235535,141,136
43,1433,7,0.13829508423805237,0.254932165145874,-0.014768064022064209,0.9924456477165222,132,137
43,1433,8,0.13860177993774414,0.2538547217845917,-0.11647848784923553,0.9966275691986084,133,137
43,1433,9,0.14638832211494446,0.2808460295200348,-0.04868793487548828,0.9913445115089417,140,151
43,1433,10,0.145474374294281,0.27890750765800476,-0.08056052029132843,0.9957146048545837,139,150
43,1433,11,0.12954925000667572,0.3200819790363312,0.06330601125955582,0.9994160532951355,124,172
43,1433,12,0.11573006212711334,0.32126522064208984,-0.15732106566429138,0.9999270439147949,111,173
43,1433,13,0.13755668699741364,0.4190715551376343,0.09671322256326675,0.05293084308505058,132,226
43,1433,14,0.11229812353849411,0.4273506999015808,-0.1980333924293518,0.9922566413879395,107,230
43,1433,15,0.14966550469398499,0.5011425614356995,0.06818259507417679,0.07114727795124054,143,270
43,1433,16,0.12258230894804001,0.5185511708259583,-0.20892341434955597,0.9731576442718506,117,280
43,1433,17,0.1520845890045166,0.5218052864074707,0.06658029556274414,0.08200645446777344,146,281
43,1433,18,0.12198112159967422,0.5492011904716492,-0.23213988542556763,0.9449930191040039,117,296
43,1433,19,0.15341973304748535,0.5177122950553894,0.0503835566341877,0.08560783416032791,147,279
43,1433,20,0.13089816272258759,0.5480570197105408,-0.2353304922580719,0.9469558000564575,125,295
43,1433,21,0.15177537500858307,0.5092037916183472,0.0608179084956646,0.07921299338340759,145,274
43,1433,22,0.13121868669986725,0.5372503995895386,-0.21034623682498932,0.9105997681617737,125,290
43,1433,23,0.1493401676416397,0.5007931590080261,0.0651283860206604,0.9999220967292786,143,270
43,1433,24,0.13840027153491974,0.5062962174415588,-0.0652351900935173,0.9999582171440125,132,273
43,1433,25,0.15949958562850952,0.6162171363830566,0.08888023346662521,0.7158975005149841,153,332
43,1433,26,0.15939712524414062,0.6301093101501465,-0.10278347879648209,0.9798554182052612,153,340
43,1433,27,0.15337584912776947,0.7446542382240295,0.13808628916740417,0.9586976170539856,147,402
43,1433,28,0.10714293271303177,0.7166022658348083,-0.024132611230015755,0.9842180609703064,102,386
43,1433,29,0.14490793645381927,0.7760154008865356,0.13845570385456085,0.92978435754776,139,419
43,1433,30,0.09265096485614777,0.7171697616577148,-0.017198989167809486,0.8875007033348083,88,387
43,1433,31,0.18517418205738068,0.7768123149871826,0.08633749932050705,0.9645256400108337,177,419
43,1433,32,0.11642108112573624,0.7879600524902344,-0.06392249464988708,0.9771357178688049,111,425
44,1466,0,0.1537620723247528,0.2692303955554962,-0.10053332149982452,0.9944806694984436,147,145
44,1466,1,0.1553032547235489,0.2545025944709778,-0.08991971611976624,0.988853394985199,149,137
44,1466,2,0.15586695075035095,0.2538866698741913,-0.09008501470088959,0.9854459166526794,149,137
44,1466,3,0.15642808377742767,0.2534547746181488,-0.09003868699073792,0.9887924194335938,150,136
44,1466,4,0.15188954770565033,0.2537665069103241,-0.10763449966907501,0.9951433539390564,145,137
44,1466,5,0.14967080950737,0.2529723048210144,-0.10786871612071991,0.9966829419136047,143,136
44,1466,6,0.1481456160545349,0.2516040802001953,-0.1079893633723259,0.9977014660835266,142,135
44,1466,7,0.150944322347641,0.255436509847641,-0.02457987703382969,0.9931381940841675,144,137
44,1466,8,0.1402173489332199,0.25310325622558594,-0.1162453144788742,0.9969420433044434,134,136
44,1466,9,0.1521790474653244,0.2800482213497162,-0.07210005074739456,0.9921006560325623,146,151
44,1466,10,0.14846058189868927,0.27753761410713196,-0.09707395732402802,0.996094822883606,142,149
44,1466,11,0.14138804376125336,0.3178412914276123,0.060624636709690094,0.9994316697120667,135,171
44,1466,12,0.11884554475545883,0.3183731436729431,-0.13709047436714172,0.9999329447746277,114,171
44,1466,13,0.14635753631591797,0.4180384576320648,0.09529785811901093,0.04833013564348221,140,225
44,1466,14,0.11470863223075867,0.42477837204933167,-0.17812034487724304,0.99200040102005,110,229
44,1466,15,0.15678389370441437,0.500604510307312,0.05617517605423927,0.06481458246707916,150,270
44,1466,16,0.12540778517723083,0.5128173828125,-0.20578177273273468,0.9729764461517334,120,276
44,1466,17,0.15538334846496582,0.5182890295982361,0.05054778978228569,0.07533638924360275,149,279
44,1466,18,0.12352728843688965,0.5429506301879883,-0.23004864156246185,0.9452633261680603,118,293
44,1466,19,0.15972575545310974,0.5143001675605774,0.03249805048108101,0.0787007063627243,153,277
44,1466,20,0.1331094354391098,0.5407735705375671,-0.23444141447544098,0.9474380016326904,127,292
44,1466,21,0.1586422622203827,0.5101439356803894,0.04770921170711517,0.07283578813076019,152,275
44,1466,22,0.13364514708518982,0.5303632020950317,-0.20787379145622253,0.9102212190628052,128,286
44,1466,23,0.1552940458059311,0.5009810328483582,0.06468173116445541,0.9999198317527771,149,270
44,1466,24,0.1438693404197693,0.5063130855560303,-0.06479226797819138,0.9999592900276184,138,273
44,1466,25,0.16399914026260376,0.6165437698364258,0.09922447800636292,0.6546624302864075,157,332
44,1466,26,0.17127856612205505,0.6272541880607605,-0.0860813558101654,0.9625710844993591,164,338
44,1466,27,0.14797692000865936,0.7367956042289734,0.1629709154367447,0.8946871757507324,142,397
44,1466,28,0.14115241169929504,0.7386559247970581,-0.025714831426739693,0.9690040349960327,135,398
44,1466,29,0.1387513130903244,0.7578389644622803,0.16559511423110962,0.8844038248062134,133,409
44,1466,30,0.13121052086353302,0.763803243637085,-0.02245236374437809,0.8518413305282593,125,412
44,1466,31,0.17768247425556183,0.7629931569099426,0.12034501135349274,0.923231840133667,170,412
44,1466,32,0.16732317209243774,0.7778952121734619,-0.0853949561715126,0.9625042676925659,160,420
45,1500,0,0.15492545068264008,0.2693639099597931,-0.0952884703874588,0.9949244260787964,148,145
45,1500,1,0.15555138885974884,0.25477808713912964,-0.08540601283311844,0.989762008190155,149,137
45,1500,2,0.15608865022659302,0.2541669011116028,-0.08557882159948349,0.9865988492965698,149,137
45,1500,3,0.15642619132995605,0.25376662611961365,-0.08553699404001236,0.9896848201751709,150,137
45,1500,4,0.15314404666423798,0.25414496660232544,-0.10350241512060165,0.9955390095710754,147,137
45,1500,5,0.1516096591949463,0.2533540725708008,-0.10372984409332275,0.9969537258148193,145,136
45,1500,6,0.15024913847446442,0.25206878781318665,-0.10385880619287491,0.9978931546211243,144,136
45,1500,7,0.1506224423646927,0.25565826892852783,-0.024207057431340218,0.9936326146125793,144,138
45,1500,8,0.14118517935276031,0.25330355763435364,-0.10773543268442154,0.9971736669540405,135,136
45,1500,9,0.15263499319553375,0.27991536259651184,-0.06891313940286636,0.9926184415817261,146,151
45,1500,10,0.14959140121936798,0.2776866555213928,-0.09463010728359222,0.9963623285293579,143,149
45,1500,11,0.14348717033863068,0.3168452978134155,0.05913442745804787,0.9994349479675293,137,171
45,1500,12,0.12108330428600311,0.3173478841781616,-0.1284085065126419,0.9999380111694336,116,171
45,1500,13,0.14874067902565002,0.4170459508895874,0.09542159736156464,0.044206760823726654,142,225
45,1500,14,0.11564677208662033,0.4219541847705841,-0.1703139990568161,0.991951048374176,111,227
45,1500,15,0.1579417586326599,0.49256715178489685,0.0581667535007,0.05918196216225624,151,265
45,1500,16,0.1267835795879364,0.5093553066253662,-0.2038356512784958,0.9740373492240906,121,275
45,1500,17,0.16007809340953827,0.5150376558303833,0.05301842838525772,0.0694698765873909,153,278
45,1500,18,0.12469986081123352,0.5389435887336731,-0.22807571291923523,0.9477710723876953,119,291
45,1500,19,0.16176538169384003,0.5142711400985718,0.03457994386553764,0.07262231409549713,155,277
45,1500,20,0.13459891080856323,0.5369004011154175,-0.23193341493606567,0.9499253034591675,129,289
45,1500,21,0.1609625518321991,0.5102949142456055,0.049711622297763824,0.06722540408372879,154,275
45,1500,22,0.13554777204990387,0.5275841951370239,-0.20588573813438416,0.913730263710022,130,284
45,1500,23,0.1552480310201645,0.5013455748558044,0.06415253132581711,0.9999146461486816,149,270
45,1500,24,0.1444200873374939,0.5069496035575867,-0.06427866965532303,0.9999597668647766,138,273
45,1500,25,0.16330736875534058,0.6168724298477173,0.11482547223567963,0.598905622959137,156,333
45,1500,26,0.17216536402702332,0.6251845955848694,-0.06741518527269363,0.9486649036407471,165,337
45,1500,27,0.144896999001503,0.7309251427650452,0.18392811715602875,0.8361666202545166,139,394
45,1500,28,0.14387832581996918,0.7456549406051636,-0.024921689182519913,0.9603380560874939,138,402
45,1500,29,0.13484902679920197,0.7468280792236328,0.18719907104969025,0.8406994342803955,129,403
45,1500,30,0.13535386323928833,0.7720289826393127,-0.023062845692038536,0.8288750052452087,129,416
45,1500,31,0.1666944921016693,0.753811776638031,0.14669635891914368,0.8844903111457825,160,407
45,1500,32,0.1802496612071991,0.7780458331108093,-0.08587441593408585,0.953529953956604,173,420
46,1533,0,0.15861962735652924,0.2634805142879486,-0.08623945713043213,0.9953323006629944,152,142
46,1533,1,0.15848003327846527,0.24974848330020905,-0.07748138904571533,0.9905603528022766,152,134
46,1533,2,0.15823929011821747,0.24915480613708496,-0.07765630632638931,0.9876853227615356,151,134
46,1533,3,0.158004030585289,0.24900586903095245,-0.07763756066560745,0.9905408620834351,151,134
46,1533,4,0.1580425649881363,0.2501153349876404,-0.09445919096469879,0.9958540201187134,151,135
46,1533,5,0.1575055718421936,0.24982158839702606,-0.09465943276882172,0.9971597194671631,151,134
46,1533,6,0.15708184242248535,0.2492927610874176,-0.09476256370544434,0.9980254173278809,150,134
46,1533,7,0.15197157859802246,0.25197577476501465,-0.023561228066682816,0.9941566586494446,145,136
46,1533,8,0.15023787319660187,0.2524771988391876,-0.10323259979486465,0.9973242282867432,144,136
46,1533,9,0.15540705621242523,0.2739919126033783,-0.06327682733535767,0.993194043636322,149,147
46,1533,10,0.15452998876571655,0.27295517921447754,-0.08721098303794861,0.9966217279434204,148,147
46,1533,11,0.14654724299907684,0.3160422444343567,0.055002160370349884,0.9994799494743347,140,170
46,1533,12,0.12658588588237762,0.31780365109443665,-0.12851029634475708,0.999939501285553,121,171
46,1533,13,0.15724648535251617,0.416883260011673,0.08456943929195404,0.053568024188280106,150,225
46,1533,14,0.1233825832605362,0.42277613282203674,-0.16044019162654877,0.9912409782409668,118,228
46,1533,15,0.17454425990581512,0.4874168038368225,0.02824181504547596,0.08106715977191925,167,263
46,1533,16,0.13738788664340973,0.5105944275856018,-0.1754036545753479,0.9711594581604004,131,275
46,1533,17,0.18348893523216248,0.5160182118415833,0.021558640524744987,0.09771161526441574,176,278
46,1533,18,0.13709716498851776,0.5397805571556091,-0.19721871614456177,0.9439648985862732,131,291
46,1533,19,0.18456929922103882,0.514022946357727,0.0014877351932227612,0.10316351801156998,177,277
46,1533,20,0.14582273364067078,0.5380812883377075,-0.20220303535461426,0.9467759728431702,139,290
46,1533,21,0.18147622048854828,0.5084910988807678,0.018701044842600822,0.0946708470582962,174,274
46,1533,22,0.14439542591571808,0.5271894335746765,-0.177841454744339,0.9094154834747314,138,284
46,1533,23,0.16042110323905945,0.5011515021324158,0.06410569697618484,0.9998980760574341,154,270
46,1533,24,0.14950425922870636,0.5071890950202942,-0.06422939896583557,0.9999468326568604,143,273
46,1533,25,0.17451705038547516,0.6165966987609863,0.12075973302125931,0.5494857430458069,167,332
46,1533,26,0.1896105259656906,0.6232039928436279,-0.07830896228551865,0.9354358315467834,182,336
46,1533,27,0.1582026481628418,0.7278895974159241,0.20010678470134735,0.7781370282173157,151,393
46,1533,28,0.15384270250797272,0.7428016662597656,-0.020510567352175713,0.9384679198265076,147,401
46,1533,29,0.1502295881509781,0.7442730665206909,0.20446152985095978,0.7856004238128662,144,401
46,1533,30,0.1404152810573578,0.7626116275787354,-0.013934304937720299,0.783623218536377,134,411
46,1533,31,0.1772289127111435,0.7564973831176758,0.16663798689842224,0.8372376561164856,170,408
46,1533,32,0.18271666765213013,0.7782161235809326,-0.052280254662036896,0.9304874539375305,175,420
47,1566,0,0.1604902595281601,0.26199913024902344,-0.08073863387107849,0.995571494102478,154,141
47,1566,1,0.1600770354270935,0.2487773448228836,-0.07183639705181122,0.9909546971321106,153,134
47,1566,2,0.1597745716571808,0.24822480976581573,-0.07201312482357025,0.9882574677467346,153,134
47,1566,3,0.15953508019447327,0.2480681836605072,-0.07200158387422562,0.991035521030426,153,133
47,1566,4,0.15957584977149963,0.24942785501480103,-0.08855412155389786,0.9959847927093506,153,134
47,1566,5,0.1590886414051056,0.24925613403320312,-0.0887528508901596,0.9972320199012756,152,134
47,1566,6,0.15868932008743286,0.24892602860927582,-0.08885765075683594,0.9980665445327759,152,134
47,1566,7,0.1531406044960022,0.25119489431381226,-0.02070978283882141,0.9944450855255127,147,135
47,1566,8,0.1525423526763916,0.2521617114543915,-0.0981612354516983,0.9973408579826355,146,136
47,1566,9,0.15710292756557465,0.27250728011131287,-0.058749694377183914,0.9935552477836609,150,147
47,1566,10,0.15658992528915405,0.2718229591846466,-0.0821051076054573,0.9967705607414246,150,146
47,1566,11,0.14890256524085999,0.3161129653453827,0.05455058440566063,0.9995126128196716,142,170
47,1566,12,0.12917596101760864,0.31814470887184143,-0.1254013627767563,0.9999419450759888,124,171
47,1566,13,0.15976394712924957,0.41706383228302,0.08406592905521393,0.055734723806381226,153,225
47,1566,14,0.12540307641029358,0.4237024784088135,-0.1557444930076599,0.9915231466293335,120,228
47,1566,15,0.17332907021045685,0.489308625459671,0.03374864533543587,0.09188493341207504,166,264
47,1566,16,0.1376372128725052,0.5113701224327087,-0.17164160311222076,0.9728087186813354,132,276
47,1566,17,0.1797499656677246,0.51627516746521,0.02809765934944153,0.11400789767503738,172,278
47,1566,18,0.13489513099193573,0.5406327247619629,-0.19372393190860748,0.9472225904464722,129,291
47,1566,19,0.18078647553920746,0.5146497488021851,0.008474242873489857,0.12093468755483627,173,277
47,1566,20,0.14458779990673065,0.539130687713623,-0.1990925818681717,0.949995219707489,138,291
47,1566,21,0.17813333868980408,0.5091667175292969,0.024582814425230026,0.109898641705513,171,274
47,1566,22,0.14487051963806152,0.5282317996025085,-0.17429853975772858,0.9146646857261658,139,285
47,1566,23,0.16115067899227142,0.5006609559059143,0.06278529763221741,0.9998838305473328,154,270
47,1566,24,0.14900358021259308,0.5067991018295288,-0.06291458755731583,0.9999390244483948,143,273
47,1566,25,0.17035046219825745,0.6159317493438721,0.11706827580928802,0.5020724534988403,163,332
47,1566,26,0.19114361703395844,0.6220737099647522,-0.08271322399377823,0.9239615797996521,183,335
47,1566,27,0.16022133827209473,0.73005211353302,0.18653251230716705,0.7269212007522583,153,394
47,1566,28,0.1552712321281433,0.7418869733810425,-0.018161028623580933,0.9211699366569519,149,400
47,1566,29,0.15061157941818237,0.748604416847229,0.1894661784172058,0.7384308576583862,144,404
47,1566,30,0.1415037214756012,0.7591426372528076,-0.012098629958927631,0.7474011778831482,135,409
47,1566,31,0.17945602536201477,0.7566990256309509,0.14650970697402954,0.797669529914856,172,408
47,1566,32,0.18003685772418976,0.7789424061775208,-0.052822768688201904,0.9137575030326843,172,420
48,1600,0,0.16466835141181946,0.26067817211151123,-0.08319787681102753,0.9958608150482178,158,140
48,1600,1,0.16606144607067108,0.24818477034568787,-0.07199378311634064,0.9914116859436035,159,134
48,1600,2,0.16655729711055756,0.24787631630897522,-0.07217147946357727,0.9889087677001953,159,133
48,1600,3,0.167194202542305,0.24785812199115753,-0.07214580476284027,0.9915727376937866,160,133
48,1600,4,0.16307072341442108,0.24799668788909912,-0.08894544094800949,0.9961351752281189,156,133
48,1600,5,0.16172033548355103,0.24715621769428253,-0.08914652466773987,0.9973037242889404,155,133
48,1600,6,0.16003578901290894,0.2465747445821762,-0.08926031738519669,0.9980846643447876,153,133
48,1600,7,0.1632990837097168,0.25159168243408203,-0.015268716029822826,0.9947925806045532,156,135
48,1600,8,0.15373505651950836,0.25070396065711975,-0.08498462289571762,0.9973636865615845,147,135
48,1600,9,0.16293780505657196,0.2711862027645111,-0.059457097202539444,0.9938408136367798,156,146
48,1600,10,0.1601666659116745,0.27033552527427673,-0.08239590376615524,0.9968321323394775,153,145
48,1600,11,0.1617291271686554,0.31755152344703674,0.057149920612573624,0.999517560005188,155,171
48,1600,12,0.13416536152362823,0.31828731298446655,-0.11206255853176117,0.9999329447746277,128,171
48,1600,13,0.16973380744457245,0.4176458716392517,0.08383173495531082,0.06700526177883148,162,225
48,1600,14,0.12533196806907654,0.42396849393844604,-0.14710743725299835,0.9918361306190491,120,228
48,1600,15,0.19035236537456512,0.48943063616752625,0.030699199065566063,0.112277090549469,182,264
48,1600,16,0.13796153664588928,0.5112429857254028,-0.16462847590446472,0.9728785753250122,132,276
48,1600,17,0.20065484941005707,0.5198798179626465,0.02397235855460167,0.14016152918338776,192,280
48,1600,18,0.13872075080871582,0.5394493937492371,-0.18592391908168793,0.9477015137672424,133,291
48,1600,19,0.20226408541202545,0.5181068778038025,0.0032328965608030558,0.1494726985692978,194,279
48,1600,20,0.14601853489875793,0.5360896587371826,-0.19130779802799225,0.9507570862770081,140,289
48,1600,21,0.1980447769165039,0.5120035409927368,0.020834503695368767,0.13776758313179016,190,276
48,1600,22,0.14542140066623688,0.5251445770263672,-0.16734586656093597,0.9168476462364197,139,283
48,1600,23,0.1662324219942093,0.5020802021026611,0.059626560658216476,0.9998587965965271,159,271
48,1600,24,0.1542087346315384,0.5069718360900879,-0.05976640805602074,0.9999126195907593,148,273
48,1600,25,0.1678486317396164,0.6234440207481384,0.0847015380859375,0.4859904944896698,161,336
48,1600,26,0.20147334039211273,0.6184964179992676,-0.0941908210515976,0.925162672996521,193,333
48,1600,27,0.16647137701511383,0.7482079267501831,0.1366569548845291,0.7278726100921631,159,404
48,1600,28,0.15976211428642273,0.729822039604187,-0.0029554313514381647,0.9145615696907043,153,394
48,1600,29,0.15442030131816864,0.7728368639945984,0.13776996731758118,0.7337199449539185,148,417
48,1600,30,0.14476065337657928,0.740051805973053,0.007510731462389231,0.7272583842277527,138,399
48,1600,31,0.18962951004505157,0.7811938524246216,0.10257801413536072,0.7974136471748352,182,421
48,1600,32,0.17089976370334625,0.7791674733161926,-0.011241395957767963,0.906747043132782,164,420
49,1633,0,0.1660909801721573,0.2614574134349823,-0.1088394746184349,0.9962478876113892,159,141
49,1633,1,0.16702313721179962,0.24856416881084442,-0.09465342015028,0.9921993613243103,160,134
49,1633,2,0.1674834042787552,0.24822789430618286,-0.09484351426362991,0.989932119846344,160,134
49,1633,3,0.16809579730033875,0.24820870161056519,-0.09483819454908371,0.9923569560050964,161,134
49,1633,4,0.1644812375307083,0.2483437955379486,-0.11155083030462265,0.9964806437492371,157,134
49,1633,5,0.1632898896932602,0.24750569462776184,-0.11174772679805756,0.9975370764732361,156,133
49,1633,6,0.16201993823051453,0.24690423905849457,-0.11185550689697266,0.9982426166534424,155,133
49,1633,7,0.16393455862998962,0.2517232596874237,-0.022726325318217278,0.9952716827392578,157,135
49,1633,8,0.15433816611766815,0.2509728968143463,-0.0945642739534378,0.9975659251213074,148,135
49,1633,9,0.16437393426895142,0.2719404101371765,-0.07954547554254532,0.9943468570709229,157,146
49,1633,10,0.161786288022995,0.270995557308197,-0.10293570905923843,0.9970642328262329,155,146
49,1633,11,0.16062061488628387,0.31780877709388733,0.05685519054532051,0.9995400309562683,154,171
49,1633,12,0.13580136001110077,0.31836795806884766,-0.1185210570693016,0.9999254941940308,130,171
49,1633,13,0.17124037444591522,0.41930413246154785,0.08383544534444809,0.06934293359518051,164,226
49,1633,14,0.12626777589321136,0.4242531955242157,-0.15450389683246613,0.991716742515564,121,229
49,1633,15,0.19239702820777893,0.49045366048812866,0.027498068287968636,0.12117254734039307,184,264
49,1633,16,0.13895441591739655,0.5118417739868164,-0.17198793590068817,0.9707983136177063,133,276
49,1633,17,0.20328885316848755,0.5200072526931763,0.02107228897511959,0.15374550223350525,195,280
49,1633,18,0.13944707810878754,0.5399129986763,-0.1938028782606125,0.9446641802787781,133,291
49,1633,19,0.2028074562549591,0.5170763731002808,0.00017007687711156905,0.16475887596607208,194,279
49,1633,20,0.14682887494564056,0.5369333624839783,-0.198406383395195,0.9483644962310791,140,289
49,1633,21,0.19858931005001068,0.5109314918518066,0.017518674954771996,0.15240594744682312,190,275
49,1633,22,0.14661116898059845,0.5261138081550598,-0.17432862520217896,0.9139772653579712,140,284
49,1633,23,0.16536548733711243,0.5043227076530457,0.05966496840119362,0.9998257160186768,158,272
49,1633,24,0.15538164973258972,0.5086861252784729,-0.05980227515101433,0.9998776912689209,149,274
49,1633,25,0.1666150987148285,0.6282008290290833,0.09485547244548798,0.45990994572639465,159,339
49,1633,26,0.20328322052955627,0.618318498134613,-0.09291259199380875,0.9227686524391174,195,333
49,1633,27,0.1664140820503235,0.7565658092498779,0.14810769259929657,0.7198845744132996,159,408
49,1633,28,0.16055621206760406,0.7289974093437195,0.00744226248934865,0.9029753804206848,154,393
49,1633,29,0.15454071760177612,0.7846462726593018,0.1499454379081726,0.7263652086257935,148,423
49,1633,30,0.14524021744728088,0.7387648820877075,0.018043676391243935,0.7069547176361084,139,398
49,1633,31,0.19077228009700775,0.7849763035774231,0.11277632415294647,0.7910452485084534,183,423
49,1633,32,0.16898761689662933,0.778908371925354,0.0011187908239662647,0.8956674337387085,162,420
50,1666,0,0.17361773550510406,0.2615682780742645,-0.06943092495203018,0.9965258836746216,166,141
50,1666,1,0.1733243763446808,0.2489262968301773,-0.05941220372915268,0.9927804470062256,166,134
50,1666,2,0.17318326234817505,0.24862919747829437,-0.059584859758615494,0.9906856417655945,166,134
50,1666,3,0.17315350472927094,0.2486003190279007,-0.05956675857305527,0.992949903011322,166,134
50,1666,4,0.17221501469612122,0.24850152432918549,-0.07606159895658493,0.9967297911643982,165,134
50,1666,5,0.1713518649339676,0.2476058155298233,-0.07627134770154953,0.9977031946182251,164,133
50,1666,6,0.1702832281589508,0.24693883955478668,-0.07636899501085281,0.9983621835708618,163,133
50,1666,7,0.16805705428123474,0.25194451212882996,-0.00624076696112752,0.9955995082855225,161,136
50,1666,8,0.16372229158878326,0.25116848945617676,-0.08100508898496628,0.9976996779441833,157,135
50,1666,9,0.17128410935401917,0.2722453773021698,-0.046762824058532715,0.9947290420532227,164,147
50,1666,10,0.16957759857177734,0.27124252915382385,-0.06977467983961105,0.997250497341156,162,146
50,1666,11,0.16392189264297485,0.3185329735279083,0.061933983117341995,0.9995639324188232,157,172
50,1666,12,0.1438576728105545,0.3184112012386322,-0.10802240669727325,0.9999303221702576,138,171
50,1666,13,0.1769919991493225,0.4192626178264618,0.08700638264417648,0.0711808130145073,169,226
50,1666,14,0.13420356810092926,0.42434683442115784,-0.14682850241661072,0.9917548298835754,128,229
50,1666,15,0.20208938419818878,0.48910024762153625,0.028693445026874542,0.12467648833990097,194,264
50,1666,16,0.14619550108909607,0.5131319165229797,-0.16955897212028503,0.9723932147026062,140,277
50,1666,17,0.21343280375003815,0.5189852118492126,0.023877035826444626,0.15846377611160278,204,280
50,1666,18,0.1479932963848114,0.5411006808280945,-0.19047871232032776,0.9478670954704285,142,292
50,1666,19,0.21016570925712585,0.5148619413375854,0.003749637631699443,0.1700315624475479,201,278
50,1666,20,0.15330512821674347,0.5382108092308044,-0.1959616243839264,0.9512855410575867,147,290
50,1666,21,0.21211187541484833,0.5108039975166321,0.0195673368871212,0.1579248160123825,203,275
50,1666,22,0.15357114374637604,0.5268178582191467,-0.17241014540195465,0.9187454581260681,147,284
50,1666,23,0.170645073056221,0.5033052563667297,0.05730048939585686,0.9998360276222229,163,271
50,1666,24,0.16397076845169067,0.507932186126709,-0.0574503131210804,0.9998868107795715,157,274
50,1666,25,0.17748741805553436,0.6200969815254211,0.10377819091081619,0.45311182737350464,170,334
50,1666,26,0.20661720633506775,0.6176576614379883,-0.058847371488809586,0.9237091541290283,198,333
50,1666,27,0.16498355567455292,0.7482537031173706,0.15224605798721313,0.7243004441261292,158,404
50,1666,28,0.19089023768901825,0.7534865736961365,-0.010005890391767025,0.9099056720733643,183,406
50,1666,29,0.15337029099464417,0.7697014212608337,0.15355093777179718,0.7277246117591858,147,415
50,1666,30,0.18074646592140198,0.7726616859436035,-0.007960976101458073,0.7202193140983582,173,417
50,1666,31,0.18799014389514923,0.7805776000022888,0.12172679603099823,0.7965360283851624,180,421
50,1666,32,0.2143215388059616,0.7894928455352783,-0.05662436783313751,0.9020794034004211,205,426
51,1700,0,0.17651647329330444,0.26192960143089294,-0.06738633662462234,0.9968056082725525,169,141
51,1700,1,0.17573677003383636,0.24902422726154327,-0.05801206827163696,0.9933668375015259,168,134
51,1700,2,0.1756296306848526,0.24873913824558258,-0.058184798806905746,0.9914601445198059,168,134
51,1700,3,0.17565584182739258,0.24871870875358582,-0.058166537433862686,0.9935482740402222,168,134
51,1700,4,0.17472055554389954,0.248640239238739,-0.07538583129644394,0.996977686882019,167,134
51,1700,5,0.17390841245651245,0.24776975810527802,-0.07559678703546524,0.997872531414032,166,133
51,1700,6,0.17269891500473022,0.24709099531173706,-0.07569572329521179,0.9984799027442932,165,133
51,1700,7,0.16994768381118774,0.252163290977478,-0.006236916873604059,0.995964765548706,163,136
51,1700,8,0.16575761139392853,0.2512979209423065,-0.08486802130937576,0.9978477358818054,159,135
51,1700,9,0.1740807741880417,0.2723308503627777,-0.044764358550310135,0.9951464533805847,167,147
51,1700,10,0.17250484228134155,0.27130410075187683,-0.06889696419239044,0.9974499940872192,165,146
51,1700,11,0.166005477309227,0.31903237104415894,0.06203234940767288,0.9995943903923035,159,172
51,1700,12,0.14558641612529755,0.3185616731643677,-0.11163235455751419,0.9999344944953918,139,172
51,1700,13,0.1797918826341629,0.4193761944770813,0.08995247632265091,0.08079148083925247,172,226
51,1700,14,0.1341477334499359,0.4244347810745239,-0.15071581304073334,0.9917969703674316,128,229
51,1700,15,0.20473918318748474,0.48926374316215515,0.03702623024582863,0.14152246713638306,196,264
51,1700,16,0.14707975089550018,0.5133989453315735,-0.1726650595664978,0.9731420278549194,141,277
51,1700,17,0.21397486329078674,0.517726719379425,0.032959945499897,0.17647168040275574,205,279
51,1700,18,0.14824071526527405,0.5410467386245728,-0.19388075172901154,0.9496322870254517,142,292
51,1700,19,0.2147703319787979,0.5151351094245911,0.009473574347794056,0.1895010620355606,206,278
51,1700,20,0.15500998497009277,0.5379804372787476,-0.19904574751853943,0.9528819918632507,148,290
51,1700,21,0.21239051222801208,0.5101675391197205,0.02620500884950161,0.1766728013753891,203,275
51,1700,22,0.15482531487941742,0.5268625617027283,-0.1753157079219818,0.9214642643928528,148,284
51,1700,23,0.17258018255233765,0.502104640007019,0.05750588700175285,0.999845027923584,165,271
51,1700,24,0.1660892367362976,0.5067296028137207,-0.05765388160943985,0.999894380569458,159,273
51,1700,25,0.17724528908729553,0.6203677654266357,0.1126556247472763,0.4508151113986969,170,334
51,1700,26,0.20585744082927704,0.618057906627655,-0.061971429735422134,0.9274993538856506,197,333
51,1700,27,0.16468964517116547,0.7476086020469666,0.1681719273328781,0.728389322757721,158,403
51,1700,28,0.1976667046546936,0.765158474445343,-0.02656548097729683,0.9168025255203247,189,413
51,1700,29,0.1545112580060959,0.767892062664032,0.1699579656124115,0.7296780347824097,148,414
51,1700,30,0.1872948855161667,0.7870500683784485,-0.02579040266573429,0.7349173426628113,179,425
51,1700,31,0.18720264732837677,0.7764403820037842,0.13352642953395844,0.8022310733795166,179,419
51,1700,32,0.22399115562438965,0.7926594614982605,-0.0825115367770195,0.9087397456169128,215,428
52,1733,0,0.18662720918655396,0.2623097002506256,-0.04831056296825409,0.9969931840896606,179,141
52,1733,1,0.1847819834947586,0.24936681985855103,-0.04170949012041092,0.9938281774520874,177,134
52,1733,2,0.18421317636966705,0.24911154806613922,-0.04186083376407623,0.9920458197593689,176,134
52,1733,3,0.18373604118824005,0.24908235669136047,-0.04181412234902382,0.9939863681793213,176,134
52,1733,4,0.18439598381519318,0.2490263134241104,-0.05935978516936302,0.9971619248390198,177,134
52,1733,5,0.1836700439453125,0.24825134873390198,-0.05956105515360832,0.9979882836341858,176,134
52,1733,6,0.18287043273448944,0.24773435294628143,-0.05964728817343712,0.9985690116882324,175,133
52,1733,7,0.17587175965309143,0.2525336444377899,-0.003600926836952567,0.9961730241775513,168,136
52,1733,8,0.17637032270431519,0.25232136249542236,-0.08308569341897964,0.9979429841041565,169,136
52,1733,9,0.18328000605106354,0.2727763056755066,-0.029923418536782265,0.9951480627059937,175,147
52,1733,10,0.18245118856430054,0.2719235420227051,-0.05426571145653725,0.9974451661109924,175,146
52,1733,11,0.160964235663414,0.3190685212612152,0.06167903169989586,0.9995606541633606,154,172
52,1733,12,0.16224405169487,0.31998080015182495,-0.1127467006444931,0.9999355673789978,155,172
52,1733,13,0.16855280101299286,0.42216846346855164,0.0819045677781105,0.07377133518457413,161,227
52,1733,14,0.15659917891025543,0.4173126816749573,-0.14667974412441254,0.991727352142334,150,225
52,1733,15,0.18034248054027557,0.5025095343589783,0.03731733560562134,0.12820760905742645,173,271
52,1733,16,0.16227366030216217,0.5134854316711426,-0.14242814481258392,0.9719831943511963,155,277
52,1733,17,0.18077775835990906,0.5275827050209045,0.03577324375510216,0.16040164232254028,173,284
52,1733,18,0.17898394167423248,0.5374619364738464,-0.15895763039588928,0.9469598531723022,171,290
52,1733,19,0.18558518588542938,0.5259225964546204,0.018354123458266258,0.17210111021995544,178,283
52,1733,20,0.1734476089477539,0.5382068157196045,-0.15847216546535492,0.9494817852973938,166,290
52,1733,21,0.18563657999038696,0.5180830359458923,0.029085543006658554,0.16037367284297943,178,279
52,1733,22,0.1662648320198059,0.5294233560562134,-0.1417262852191925,0.9157803058624268,159,285
52,1733,23,0.1707507222890854,0.5068299174308777,0.056262750178575516,0.9998431205749512,163,273
52,1733,24,0.17575736343860626,0.5072596073150635,-0.05642922222614288,0.9998981952667236,168,273
52,1733,25,0.1765139251947403,0.6204055547714233,0.11241007596254349,0.4432877004146576,169,335
52,1733,26,0.20831497013568878,0.6172552704811096,-0.027469636872410774,0.9114740490913391,199,333
52,1733,27,0.1637924611568451,0.7472012042999268,0.14822691679000854,0.7311528921127319,157,403
52,1733,28,0.21021200716495514,0.7469154596328735,0.02564401552081108,0.9136696457862854,201,403
52,1733,29,0.15381382405757904,0.7704811692237854,0.14798609912395477,0.7374801635742188,147,416
52,1733,30,0.20104272663593292,0.7764520645141602,0.02894173189997673,0.7373107075691223,193,419
52,1733,31,0.18692001700401306,0.7763820886611938,0.12276485562324524,0.7979156970977783,179,419
52,1733,32,0.23004582524299622,0.7607929110527039,-0.0036098500713706017,0.8985873460769653,220,410
53,1766,0,0.18525628745555878,0.2648875415325165,-0.05965673178434372,0.9972504377365112,177,143
53,1766,1,0.18377439677715302,0.2522878050804138,-0.05080556496977806,0.9943434000015259,176,136
53,1766,2,0.1831056922674179,0.2517614960670471,-0.05097869783639908,0.9927260875701904,175,135
53,1766,3,0.1825120449066162,0.251368910074234,-0.05093882605433464,0.9945108890533447,175,135
53,1766,4,0.18411704897880554,0.25274166464805603,-0.06810086220502853,0.9973925352096558,176,136
53,1766,5,0.18381595611572266,0.2523970901966095,-0.06831956654787064,0.9981478452682495,176,136
53,1766,6,0.18316680192947388,0.25219836831092834,-0.06844283640384674,0.9986813068389893,175,136
53,1766,7,0.17452572286128998,0.2541227638721466,-0.009789939038455486,0.9964936375617981,167,137
53,1766,8,0.17668509483337402,0.25643453001976013,-0.08988252282142639,0.9980936646461487,169,138
53,1766,9,0.18247580528259277,0.275420606136322,-0.03739796206355095,0.9955543279647827,175,148
53,1766,10,0.18179991841316223,0.27520206570625305,-0.06159074231982231,0.9976534247398376,174,148
53,1766,11,0.16740946471691132,0.3193688690662384,0.055418048053979874,0.9995893836021423,160,172
53,1766,12,0.15683992207050323,0.32144394516944885,-0.1182178407907486,0.9999382495880127,150,173
53,1766,13,0.18037132918834686,0.42075926065444946,0.07976159453392029,0.08306699246168137,173,227
53,1766,14,0.14529092609882355,0.4227182865142822,-0.14926503598690033,0.9920729994773865,139,228
53,1766,15,0.2087436318397522,0.48708969354629517,0.031168129295110703,0.15180706977844238,200,263
53,1766,16,0.15629003942012787,0.519180417060852,-0.15612663328647614,0.9737074971199036,150,280
53,1766,17,0.21961641311645508,0.5112903118133545,0.027722889557480812,0.18685971200466156,210,276
53,1766,18,0.16148962080478668,0.5455018281936646,-0.1754465401172638,0.9500924348831177,155,294
53,1766,19,0.219956636428833,0.5070714950561523,0.0050720274448394775,0.20103009045124054,211,273
53,1766,20,0.1651315689086914,0.5433996915817261,-0.17696747183799744,0.9525272846221924,158,293
53,1766,21,0.21651500463485718,0.5012615919113159,0.02052059769630432,0.1877867728471756,207,270
53,1766,22,0.1637885719537735,0.5341686606407166,-0.1566886454820633,0.9207808971405029,157,288
53,1766,23,0.17248176038265228,0.5067558288574219,0.05543352663516998,0.9998252391815186,165,273
53,1766,24,0.17315039038658142,0.5074154138565063,-0.05559146776795387,0.9998890161514282,166,274
53,1766,25,0.18162479996681213,0.6389588117599487,0.09035847336053848,0.4378209412097931,174,345
53,1766,26,0.20992499589920044,0.6154479384422302,-0.044131260365247726,0.9006181359291077,201,332
53,1766,27,0.16433359682559967,0.7469094395637512,0.13171806931495667,0.7253594398498535,157,403
53,1766,28,0.19880647957324982,0.741607129573822,0.016384858638048172,0.9093418717384338,190,400
53,1766,29,0.15350474417209625,0.7719627618789673,0.13194133341312408,0.730182409286499,147,416
53,1766,30,0.1914537250995636,0.7725563049316406,0.02039344236254692,0.7300234436988831,183,417
53,1766,31,0.1875491589307785,0.7763345241546631,0.09271356463432312,0.7951502203941345,180,419
53,1766,32,0.2146783173084259,0.7603213787078857,-0.019716134294867516,0.8932338953018188,206,410
54,1800,0,0.1887410581111908,0.2657417058944702,-0.06438478082418442,0.9974156022071838,181,143
54,1800,1,0.18789927661418915,0.25377997756004333,-0.05538026615977287,0.9946948289871216,180,137
54,1800,2,0.18733780086040497,0.25337621569633484,-0.05555538833141327,0.9931861758232117,179,136
54,1800,3,0.18687380850315094,0.2531053125858307,-0.055524490773677826,0.994846522808075,179,136
54,1800,4,0.18809179961681366,0.2540067434310913,-0.07262221723794937,0.997553288936615,180,137
54,1800,5,0.18778255581855774,0.2536827623844147,-0.0728340893983841,0.9982596039772034,180,136
54,1800,6,0.18688856065273285,0.25317272543907166,-0.07294812798500061,0.9987654089927673,179,136
54,1800,7,0.18075747787952423,0.25634726881980896,-0.011498884297907352,0.9966528415679932,173,138
54,1800,8,0.18135613203048706,0.2578406035900116,-0.08736950904130936,0.9982106685638428,174,139
54,1800,9,0.1858336329460144,0.27596983313560486,-0.04175874963402748,0.995679497718811,178,149
54,1800,10,0.18529315292835236,0.27571901679039,-0.06609595566987991,0.997739315032959,177,148
54,1800,11,0.17499108612537384,0.3233608603477478,0.051482606679201126,0.9995227456092834,167,174
54,1800,12,0.1629144549369812,0.3232862949371338,-0.11071112751960754,0.9999348521232605,156,174
54,1800,13,0.17969872057437897,0.4176139533519745,0.07887686789035797,0.07751461118459702,172,225
54,1800,14,0.1540345996618271,0.4235292971134186,-0.1360211819410324,0.9910818934440613,147,228
54,1800,15,0.20188331604003906,0.4878987669944763,0.03519951552152634,0.14059917628765106,193,263
54,1800,16,0.1592380404472351,0.5197250843048096,-0.13694675266742706,0.9721604585647583,152,280
54,1800,17,0.2083154171705246,0.5082859992980957,0.035081975162029266,0.17487414181232452,199,274
54,1800,18,0.161497563123703,0.5461822152137756,-0.15352053940296173,0.9476959109306335,155,294
54,1800,19,0.21071912348270416,0.5063439607620239,0.012992321513593197,0.188322976231575,202,273
54,1800,20,0.1684563308954239,0.54332035779953,-0.1559864580631256,0.9501131772994995,161,293
54,1800,21,0.2082214653491974,0.5007722973823547,0.02519224025309086,0.17600582540035248,199,270
54,1800,22,0.16701647639274597,0.5325925350189209,-0.13766363263130188,0.9175482988357544,160,287
54,1800,23,0.1761060506105423,0.5046736001968384,0.04953267052769661,0.9997794032096863,169,272
54,1800,24,0.17681241035461426,0.506465494632721,-0.04967702552676201,0.9998694658279419,169,273
54,1800,25,0.18365241587162018,0.6379444599151611,0.07192479819059372,0.44287997484207153,176,344
54,1800,26,0.20410150289535522,0.6136704683303833,-0.0420016311109066,0.8849272727966309,195,331
54,1800,27,0.16387765109539032,0.7462843656539917,0.1008526161313057,0.7332894802093506,157,402
54,1800,28,0.20408426225185394,0.7210978865623474,0.012953009456396103,0.9066712856292725,195,389
54,1800,29,0.15355055034160614,0.7717238664627075,0.09978765994310379,0.7306111454963684,147,416
54,1800,30,0.19576014578342438,0.7669979929924011,0.01658078469336033,0.7260960936546326,187,414
54,1800,31,0.187476247549057,0.7696320414543152,0.054092708975076675,0.8005017042160034,179,415
54,1800,32,0.20899729430675507,0.7477229237556458,-0.026166142895817757,0.8894566893577576,200,403
55,1833,0,0.19009703397750854,0.26686474680900574,-0.06890563666820526,0.9976320862770081,182,144
55,1833,1,0.18909792602062225,0.2543216049671173,-0.05982048809528351,0.9951305985450745,181,137
55,1833,2,0.18867602944374084,0.2539037764072418,-0.05997347831726074,0.9937580823898315,181,137
55,1833,3,0.18839110434055328,0.2536587715148926,-0.05993522331118584,0.9952789545059204,180,136
55,1833,4,0.1890724152326584,0.25448253750801086,-0.0740952342748642,0.9977495074272156,181,137
55,1833,5,0.1882021278142929,0.2538735270500183,-0.07428402453660965,0.9983971118927002,180,137
55,1833,6,0.18779714405536652,0.2533847391605377,-0.0743638426065445,0.9988623857498169,180,136
55,1833,7,0.182063028216362,0.25682058930397034,-0.015491193160414696,0.9969126582145691,174,138
55,1833,8,0.1815808117389679,0.2577894926071167,-0.08728832751512527,0.9983428120613098,174,139
55,1833,9,0.18726898729801178,0.27680158615112305,-0.04807159677147865,0.9960212111473083,179,149
55,1833,10,0.18674999475479126,0.2765336334705353,-0.06837708503007889,0.9979177713394165,179,149
55,1833,11,0.17785339057445526,0.323468953371048,0.04601060599088669,0.9995484948158264,170,174
55,1833,12,0.16249172389507294,0.32417574524879456,-0.10809995234012604,0.9999364018440247,155,175
55,1833,13,0.18986238539218903,0.41777098178863525,0.07166515290737152,0.08535370230674744,182,225
55,1833,14,0.1503758430480957,0.42577266693115234,-0.13075849413871765,0.9909067153930664,144,229
55,1833,15,0.22421641647815704,0.4883011281490326,0.0232801903039217,0.1602717787027359,215,263
55,1833,16,0.16045258939266205,0.5209148526191711,-0.13805131614208221,0.9730988144874573,154,281
55,1833,17,0.23266497254371643,0.5080219507217407,0.020662840455770493,0.19637219607830048,223,274
55,1833,18,0.16085314750671387,0.5494220852851868,-0.15560537576675415,0.9494093060493469,154,296
55,1833,19,0.23339487612247467,0.5074348449707031,-0.002933238400146365,0.21252906322479248,224,274
55,1833,20,0.1681620478630066,0.545174777507782,-0.160700261592865,0.9518824815750122,161,294
55,1833,21,0.23216645419597626,0.5019634366035461,0.012486393563449383,0.19934773445129395,222,271
55,1833,22,0.16806171834468842,0.532987654209137,-0.14032335579395294,0.9205644726753235,161,287
55,1833,23,0.1792873591184616,0.5000703930854797,0.047656964510679245,0.9997361302375793,172,270
55,1833,24,0.17406603693962097,0.5062654614448547,-0.04780611768364906,0.9998427033424377,167,273
55,1833,25,0.1961718499660492,0.6374836564064026,0.07678233087062836,0.43791162967681885,188,344
55,1833,26,0.2020033448934555,0.6100526452064514,-0.04105571657419205,0.8710376620292664,193,329
55,1833,27,0.18830935657024384,0.7427248954772949,0.11630182713270187,0.7275624871253967,180,401
55,1833,28,0.19117780029773712,0.7233381867408752,0.013375486247241497,0.9005804657936096,183,390
55,1833,29,0.18554149568080902,0.7627846598625183,0.1160605400800705,0.7156839966773987,178,411
55,1833,30,0.18205635249614716,0.7666584849357605,0.016472242772579193,0.706466555595398,174,413
55,1833,31,0.1914282888174057,0.7605385780334473,0.06485814601182938,0.799309253692627,183,410
55,1833,32,0.20218756794929504,0.7526915669441223,-0.02967500127851963,0.8842182159423828,194,406
56,1866,0,0.19625873863697052,0.27129387855529785,-0.07401589304208755,0.9978013634681702,188,146
56,1866,1,0.19639156758785248,0.25880998373031616,-0.06399200111627579,0.9954828023910522,188,139
56,1866,2,0.19642779231071472,0.25834834575653076,-0.06413520127534866,0.994224488735199,188,139
56,1866,3,0.19657248258590698,0.25806698203086853,-0.0640958622097969,0.9956369400024414,188,139
56,1866,4,0.19552873075008392,0.25876328349113464,-0.07845225930213928,0.9978911876678467,187,139
56,1866,5,0.19497138261795044,0.25817081332206726,-0.07861638069152832,0.9984884858131409,187,139
56,1866,6,0.19464682042598724,0.25763317942619324,-0.07868575304746628,0.9989212155342102,186,139
56,1866,7,0.19143769145011902,0.2606980502605438,-0.0157559122890234,0.9971206784248352,183,140
56,1866,8,0.18839411437511444,0.26233741641044617,-0.08783958107233047,0.9984087944030762,180,141
56,1866,9,0.19433437287807465,0.2807403802871704,-0.051947932690382004,0.9962365031242371,186,151
56,1866,10,0.1929665356874466,0.28050264716148376,-0.0724528506398201,0.9980019927024841,185,151
56,1866,11,0.18633213639259338,0.32906877994537354,0.047555822879076004,0.9995588660240173,178,177
56,1866,12,0.16855177283287048,0.328856498003006,-0.11041507869958878,0.9999223351478577,161,177
56,1866,13,0.20105049014091492,0.4178818166255951,0.07352448254823685,0.09758266806602478,193,225
56,1866,14,0.174654021859169,0.4266628324985504,-0.1366758644580841,0.9885920286178589,167,230
56,1866,15,0.23522265255451202,0.49174267053604126,0.0227755606174469,0.1819024533033371,225,265
56,1866,16,0.1898321509361267,0.5172701478004456,-0.14514200389385223,0.9666756391525269,182,279
56,1866,17,0.24355296790599823,0.5086942911148071,0.019548781216144562,0.21899724006652832,233,274
56,1866,18,0.19026093184947968,0.5394692420959473,-0.16363301873207092,0.9396750926971436,182,291
56,1866,19,0.24303565919399261,0.5082975625991821,-0.0033477344550192356,0.23768620193004608,233,274
56,1866,20,0.1946798712015152,0.539014995098114,-0.1673196256160736,0.9427558183670044,186,291
56,1866,21,0.23902317881584167,0.5026348829269409,0.012245615012943745,0.22315916419029236,229,271
56,1866,22,0.1944766640663147,0.530691385269165,-0.14688248932361603,0.9078779220581055,186,286
56,1866,23,0.1842534989118576,0.500207781791687,0.04901958629488945,0.9996563196182251,176,270
56,1866,24,0.17951351404190063,0.505228579044342,-0.04916899651288986,0.9997611045837402,172,272
56,1866,25,0.19855119287967682,0.6356427669525146,0.0810626745223999,0.43040183186531067,190,343
56,1866,26,0.20042885839939117,0.6137362122535706,-0.045721493661403656,0.8603737354278564,192,331
56,1866,27,0.20116524398326874,0.7427242994308472,0.12564769387245178,0.7208739519119263,193,401
56,1866,28,0.19033092260360718,0.7335842847824097,0.017013292759656906,0.8931697010993958,182,396
56,1866,29,0.1998155117034912,0.7627865076065063,0.12595997750759125,0.6979149580001831,191,411
56,1866,30,0.18317413330078125,0.7656671404838562,0.0210715364664793,0.6816439628601074,175,413
56,1866,31,0.19998201727867126,0.760554850101471,0.07740427553653717,0.7940126657485962,191,410
56,1866,32,0.19971796870231628,0.7538058757781982,-0.027685621753335,0.874710202217102,191,407
57,1900,0,0.19667352735996246,0.2758449912071228,-0.07412175834178925,0.9979747533798218,188,148
57,1900,1,0.19760683178901672,0.2642132639884949,-0.06446417421102524,0.9958702921867371,189,142
57,1900,2,0.19791410863399506,0.2638326585292816,-0.06460517644882202,0.9947254657745361,189,142
57,1900,3,0.1983768492937088,0.26360008120536804,-0.06456559896469116,0.9960140585899353,190,142
57,1900,4,0.19604793190956116,0.2638360857963562,-0.07858635485172272,0.9980642795562744,188,142
57,1900,5,0.19530759751796722,0.2631182074546814,-0.07875793427228928,0.9986101388931274,187,142
57,1900,6,0.19464069604873657,0.2623758614063263,-0.07883580774068832,0.999006986618042,186,141
57,1900,7,0.1942138820886612,0.2657887637615204,-0.01617615669965744,0.9973655343055725,186,143
57,1900,8,0.18847645819187164,0.2644045650959015,-0.08739209920167923,0.9985328316688538,180,142
57,1900,9,0.19467571377754211,0.28507640957832336,-0.052003391087055206,0.9964818954467773,186,153
57,1900,10,0.19310687482357025,0.28442147374153137,-0.07279659062623978,0.9981213808059692,185,153
57,1900,11,0.18537300825119019,0.331794410943985,0.04822952300310135,0.9995377063751221,177,179
57,1900,12,0.17041005194187164,0.32998135685920715,-0.110758475959301,0.9999156594276428,163,178
57,1900,13,0.19760076701641083,0.41816726326942444,0.07361111789941788,0.09425097703933716,189,225
57,1900,14,0.17761225998401642,0.4277983605861664,-0.13788741827011108,0.9870688915252686,170,231
57,1900,15,0.2224939614534378,0.4866146445274353,0.0271415114402771,0.17228993773460388,213,262
57,1900,16,0.20048308372497559,0.5128462910652161,-0.13905660808086395,0.9656352996826172,192,276
57,1900,17,0.2287442684173584,0.5087706446647644,0.025904467329382896,0.21044553816318512,219,274
57,1900,18,0.20367246866226196,0.5330814719200134,-0.15703831613063812,0.938916802406311,195,287
57,1900,19,0.230546772480011,0.5094718933105469,0.005000951699912548,0.22868870198726654,221,275
57,1900,20,0.20872555673122406,0.531362771987915,-0.15799672901630402,0.9419397711753845,200,286
57,1900,21,0.2274804711341858,0.5042938590049744,0.017805887386202812,0.2147185206413269,218,272
57,1900,22,0.20705057680606842,0.5246840119361877,-0.13921144604682922,0.9063928127288818,198,283
57,1900,23,0.18403169512748718,0.5006765723228455,0.04960280656814575,0.9996141195297241,176,270
57,1900,24,0.1809404194355011,0.5053063035011292,-0.049750056117773056,0.9997335076332092,173,272
57,1900,25,0.19244854152202606,0.638621985912323,0.08035232126712799,0.4359084665775299,184,344
57,1900,26,0.20870031416416168,0.6138253808021545,-0.04316398873925209,0.8494524955749512,200,331
57,1900,27,0.17624440789222717,0.7426962852478027,0.11033868044614792,0.7266747951507568,169,401
57,1900,28,0.23230455815792084,0.7267610430717468,0.017162803560495377,0.8913822770118713,223,392
57,1900,29,0.16635066270828247,0.7665880918502808,0.10965025424957275,0.7029086947441101,159,413
57,1900,30,0.219299778342247,0.7648076415061951,0.021285343915224075,0.6875637769699097,210,412
57,1900,31,0.19791291654109955,0.7650291323661804,0.0675969049334526,0.796432614326477,189,413
57,1900,32,0.24536587297916412,0.7487447261810303,-0.020433111116290092,0.8709625005722046,235,404
58,1933,0,0.20820418000221252,0.27936625480651855,-0.06801096349954605,0.9981380105018616,199,150
58,1933,1,0.20816054940223694,0.2670237123966217,-0.05862532556056976,0.9962289929389954,199,144
58,1933,2,0.20806635916233063,0.26665613055229187,-0.05878543481230736,0.9951887726783752,199,143
58,1933,3,0.20812828838825226,0.26648205518722534,-0.058759164065122604,0.9963712096214294,199,143
58,1933,4,0.20690707862377167,0.26672375202178955,-0.07506832480430603,0.9982273578643799,198,144
58,1933,5,0.20611794292926788,0.2661249041557312,-0.07525485008955002,0.9987249374389648,197,143
58,1933,6,0.20548337697982788,0.26553526520729065,-0.07533540576696396,0.9990888237953186,197,143
58,1933,7,0.20182004570960999,0.26888716220855713,-0.01050951424986124,0.9975995421409607,193,145
58,1933,8,0.19922681152820587,0.2687090337276459,-0.08678772300481796,0.9986435174942017,191,145
58,1933,9,0.2052541822195053,0.2888129651546478,-0.046484921127557755,0.9967976808547974,197,155
58,1933,10,0.2037838101387024,0.28791940212249756,-0.06953549385070801,0.9982810616493225,195,155
58,1933,11,0.19626516103744507,0.335776150226593,0.056683462113142014,0.9995730519294739,188,181
58,1933,12,0.1754295527935028,0.3371284604072571,-0.11182276904582977,0.9999203085899353,168,182
58,1933,13,0.21411128342151642,0.42295384407043457,0.08213160932064056,0.12102777510881424,205,228
58,1933,14,0.17021949589252472,0.4392235577106476,-0.14740733802318573,0.9872592091560364,163,237
58,1933,15,0.24343092739582062,0.4908096194267273,0.028770990669727325,0.19580867886543274,233,265
58,1933,16,0.1829461008310318,0.5245096683502197,-0.15796050429344177,0.9666351079940796,175,283
58,1933,17,0.2509273290634155,0.5111786127090454,0.02715987153351307,0.23169343173503876,240,276
58,1933,18,0.18499755859375,0.5520879626274109,-0.1772274672985077,0.9403683543205261,177,298
58,1933,19,0.25334519147872925,0.5116531252861023,0.0062141031958162785,0.2509322762489319,243,276
58,1933,20,0.19076678156852722,0.5503559708595276,-0.18414655327796936,0.9431198239326477,183,297
58,1933,21,0.24961824715137482,0.5063564777374268,0.019851064309477806,0.2375553548336029,239,273
58,1933,22,0.190447598695755,0.5426648855209351,-0.16112831234931946,0.9087778329849243,182,293
58,1933,23,0.19423392415046692,0.5040547251701355,0.054902542382478714,0.9996511340141296,186,272
58,1933,24,0.1909133791923523,0.5065815448760986,-0.05506845563650131,0.9997590780258179,183,273
58,1933,25,0.1900775283575058,0.6313475370407104,0.08893446624279022,0.46651023626327515,182,340
58,1933,26,0.2230888158082962,0.6204965114593506,-0.045686230063438416,0.860514760017395,214,335
58,1933,27,0.16514135897159576,0.7429636716842651,0.11713121831417084,0.7421919703483582,158,401
58,1933,28,0.26340386271476746,0.7433913350105286,-0.024354467168450356,0.9007841944694519,252,401
58,1933,29,0.1541457176208496,0.7686058878898621,0.11785171180963516,0.719973087310791,147,415
58,1933,30,0.26282933354377747,0.7749871015548706,-0.025543419644236565,0.7141519784927368,252,418
58,1933,31,0.19117769598960876,0.7670103311538696,0.0766291618347168,0.806403636932373,183,414
58,1933,32,0.29481974244117737,0.7519503831863403,-0.08617623895406723,0.8808161616325378,283,406
59,1966,0,0.2091778665781021,0.2809233069419861,-0.09034135937690735,0.9983184337615967,200,151
59,1966,1,0.20886893570423126,0.2684352993965149,-0.08018931746482849,0.9965988397598267,200,144
59,1966,2,0.20880739390850067,0.2678992748260498,-0.08036033809185028,0.9956614971160889,200,144
59,1966,3,0.20889076590538025,0.2675454318523407,-0.08033082634210587,0.9967283606529236,200,144
59,1966,4,0.20780184864997864,0.2685260772705078,-0.09715922921895981,0.9983998537063599,199,145
59,1966,5,0.20679378509521484,0.2680617570877075,-0.09735120832920074,0.9988483786582947,198,144
59,1966,6,0.2061936855316162,0.2675172984600067,-0.09741122275590897,0.9991765022277832,197,144
59,1966,7,0.20240555703639984,0.2698041796684265,-0.023362083360552788,0.9978353381156921,194,145
59,1966,8,0.19953376054763794,0.2701491117477417,-0.10044851154088974,0.9987707138061523,191,145
59,1966,9,0.20676375925540924,0.2905016541481018,-0.06532780826091766,0.9971073865890503,198,156
59,1966,10,0.20546479523181915,0.2896088659763336,-0.0887656956911087,0.9984432458877563,197,156
59,1966,11,0.19733434915542603,0.33577388525009155,0.054521385580301285,0.9996083974838257,189,181
59,1966,12,0.18247336149215698,0.3375678062438965,-0.12190831452608109,0.99992436170578,175,182
59,1966,13,0.21227703988552094,0.42533716559410095,0.08158791810274124,0.14267010986804962,203,229
59,1966,14,0.1795501857995987,0.43955162167549133,-0.16217932105064392,0.9871132969856262,172,237
59,1966,15,0.24300241470336914,0.49148017168045044,0.026939045637845993,0.22006003558635712,233,265
59,1966,16,0.1785794347524643,0.5250779986381531,-0.1806010603904724,0.9669752717018127,171,283
59,1966,17,0.25072404742240906,0.5113345384597778,0.02416165918111801,0.256483256816864,240,276
59,1966,18,0.17958895862102509,0.5528104305267334,-0.20130515098571777,0.9411988258361816,172,298
59,1966,19,0.2551042437553406,0.5126172304153442,0.0010708370245993137,0.2768383324146271,244,276
59,1966,20,0.18524055182933807,0.5515932440757751,-0.20783594250679016,0.9437578320503235,177,297
59,1966,21,0.2514118552207947,0.5069857239723206,0.016412846744060516,0.2630288004875183,241,273
59,1966,22,0.18540389835834503,0.5431944131851196,-0.18394623696804047,0.9103685021400452,177,293
59,1966,23,0.19342800974845886,0.5095984935760498,0.05747528374195099,0.9996835589408875,185,275
59,1966,24,0.1944303810596466,0.5101771950721741,-0.05765170976519585,0.9997814297676086,186,275
59,1966,25,0.18871568143367767,0.631314754486084,0.09933851659297943,0.5002737045288086,181,340
59,1966,26,0.22597183287143707,0.6237689256668091,-0.03805158659815788,0.8711134791374207,216,336
59,1966,27,0.16196082532405853,0.7444236874580383,0.13736872375011444,0.7572699785232544,155,401
59,1966,28,0.26608806848526,0.7479925751686096,-0.012812607921659946,0.9093851447105408,255,403
59,1966,29,0.15071725845336914,0.7694607377052307,0.1380620300769806,0.7384916543960571,144,415
59,1966,30,0.2659495770931244,0.775999903678894,-0.011451920494437218,0.7393858432769775,255,419
59,1966,31,0.18705376982688904,0.7691410183906555,0.09972579032182693,0.8166593313217163,179,415
59,1966,32,0.29936498403549194,0.753844141960144,-0.06499961018562317,0.8900727033615112,287,407
60,2000,0,0.2113318145275116,0.28044772148132324,-0.08712244778871536,0.9984794855117798,202,151
60,2000,1,0.21228770911693573,0.2683238983154297,-0.07900217920541763,0.9969301223754883,203,144
60,2000,2,0.21261262893676758,0.2678695023059845,-0.07916473597288132,0.9960850477218628,204,144
60,2000,3,0.21312151849269867,0.2675981819629669,-0.07912028580904007,0.9970486760139465,204,144
60,2000,4,0.21095532178878784,0.2682873606681824,-0.09521034359931946,0.9985544085502625,202,144
60,2000,5,0.21039079129695892,0.2677971422672272,-0.09541628509759903,0.9989591240882874,201,144
60,2000,6,0.20996859669685364,0.2672399878501892,-0.09546078741550446,0.9992551207542419,201,144
60,2000,7,0.20886215567588806,0.2704855799674988,-0.017429279163479805,0.9980471134185791,200,146
60,2000,8,0.20314015448093414,0.27014869451522827,-0.08811669051647186,0.9988847374916077,195,145
60,2000,9,0.2099488377571106,0.2901424467563629,-0.0649942010641098,0.9973870515823364,201,156
60,2000,10,0.20882804691791534,0.28938430547714233,-0.08563221246004105,0.9985896348953247,200,156
60,2000,11,0.205747589468956,0.33768734335899353,0.06036306917667389,0.9996403455734253,197,182
60,2000,12,0.18384554982185364,0.3409963846206665,-0.11143451184034348,0.99992835521698,176,184
60,2000,13,0.22306706011295319,0.42882490158081055,0.0891122817993164,0.16784648597240448,214,231
60,2000,14,0.17766396701335907,0.4438478350639343,-0.1607406884431839,0.9860434532165527,170,239
60,2000,15,0.2512343227863312,0.4916185140609741,0.03465937823057175,0.24086138606071472,241,265
60,2000,16,0.18236371874809265,0.5279752016067505,-0.17937800288200378,0.9627500176429749,175,285
60,2000,17,0.25807103514671326,0.5116962194442749,0.031180251389741898,0.2776404917240143,247,276
60,2000,18,0.1841498762369156,0.5552036762237549,-0.2003992348909378,0.9363910555839539,176,299
60,2000,19,0.2624143362045288,0.513245165348053,0.008093033917248249,0.29909634590148926,251,277
60,2000,20,0.18967442214488983,0.5534597039222717,-0.20691180229187012,0.9387936592102051,182,298
60,2000,21,0.258447527885437,0.5070659518241882,0.023907186463475227,0.2856771945953369,248,273
60,2000,22,0.18899470567703247,0.5433886051177979,-0.18282634019851685,0.9049069881439209,181,293
60,2000,23,0.2018897384405136,0.5101487040519714,0.05787122622132301,0.9997138381004333,193,275
60,2000,24,0.20115479826927185,0.5104425549507141,-0.05803818628191948,0.9998024106025696,193,275
60,2000,25,0.19034291803836823,0.6246617436408997,0.10108613967895508,0.5346600413322449,182,337
60,2000,26,0.23529665172100067,0.6242402195930481,-0.05214957892894745,0.8830392956733704,225,337
60,2000,27,0.1621919572353363,0.7444078326225281,0.1401069462299347,0.7756968140602112,155,401
60,2000,28,0.2698522210121155,0.754709780216217,-0.04850975051522255,0.9181326031684875,259,407
60,2000,29,0.15070591866970062,0.768822193145752,0.14037615060806274,0.7584771513938904,144,415
60,2000,30,0.26801031827926636,0.782909095287323,-0.0507018081843853,0.7641107439994812,257,422
60,2000,31,0.18706393241882324,0.7710252404212952,0.09810400009155273,0.8302855491638184,179,416
60,2000,32,0.3001861572265625,0.7629988193511963,-0.11534199118614197,0.9003825187683105,288,412
61,2033,0,0.21108074486255646,0.28054022789001465,-0.08538968861103058,0.9986128807067871,202,151
61,2033,1,0.21218062937259674,0.2689063251018524,-0.0778421014547348,0.9972092509269714,203,145
61,2033,2,0.21249887347221375,0.26850518584251404,-0.07800110429525375,0.9964460730552673,203,144
61,2033,3,0.2130398452281952,0.2682993412017822,-0.07794582098722458,0.9973220229148865,204,144
61,2033,4,0.2107333093881607,0.26862832903862,-0.09221411496400833,0.998682975769043,202,145
61,2033,5,0.21008269488811493,0.26801663637161255,-0.09243602305650711,0.9990512728691101,201,144
61,2033,6,0.20946894586086273,0.2671220600605011,-0.09249889105558395,0.9993199110031128,201,144
61,2033,7,0.20982035994529724,0.27131661772727966,-0.017083637416362762,0.9982278943061829,201,146
61,2033,8,0.204096719622612,0.2701749801635742,-0.0834101140499115,0.9989774823188782,195,145
61,2033,9,0.20980292558670044,0.2901502549648285,-0.06300720572471619,0.9976292252540588,201,156
61,2033,10,0.20834313333034515,0.2893542945384979,-0.08326344192028046,0.9987149238586426,200,156
61,2033,11,0.21130134165287018,0.3384021818637848,0.057660479098558426,0.9996688961982727,202,182
61,2033,12,0.18348093330860138,0.34197762608528137,-0.1062132939696312,0.9999329447746277,176,184
61,2033,13,0.22456246614456177,0.4285268783569336,0.08493594825267792,0.22418905794620514,215,231
61,2033,14,0.17718642950057983,0.44461748003959656,-0.1461433470249176,0.9868581891059875,170,240
61,2033,15,0.2515578866004944,0.49217647314071655,0.03179622069001198,0.29807889461517334,241,265
61,2033,16,0.18380974233150482,0.5309343338012695,-0.1747923344373703,0.9657230973243713,176,286
61,2033,17,0.2589690089225769,0.5119034647941589,0.0278677586466074,0.3305765986442566,248,276
61,2033,18,0.18422307074069977,0.557880699634552,-0.19477252662181854,0.9413705468177795,176,301
61,2033,19,0.26278531551361084,0.5138940811157227,0.004104494582861662,0.3519901931285858,252,277
61,2033,20,0.19108137488365173,0.5573979616165161,-0.20011095702648163,0.9435867071151733,183,300
61,2033,21,0.25938719511032104,0.5076901316642761,0.020797699689865112,0.33908316493034363,249,274
61,2033,22,0.1908237338066101,0.5472825169563293,-0.17704051733016968,0.9124587774276733,183,295
61,2033,23,0.20310728251934052,0.5103516578674316,0.05638134479522705,0.9997403025627136,194,275
61,2033,24,0.1993541717529297,0.5104201436042786,-0.056541942059993744,0.9998208284378052,191,275
61,2033,25,0.1929672360420227,0.6245124340057373,0.09122686833143234,0.5672289729118347,185,337
61,2033,26,0.23513513803482056,0.6236715912818909,-0.06460820883512497,0.8937668800354004,225,336
61,2033,27,0.16170720756053925,0.7444031238555908,0.1255357563495636,0.7925302982330322,155,401
61,2033,28,0.2692975699901581,0.7551970481872559,-0.06058066710829735,0.9259666204452515,258,407
61,2033,29,0.15059582889080048,0.768136739730835,0.12503434717655182,0.7743426561355591,144,414
61,2033,30,0.26775243878364563,0.7831572890281677,-0.0628117099404335,0.7859354019165039,257,422
61,2033,31,0.1840309202671051,0.7729572057723999,0.07660295814275742,0.8427248597145081,176,417
61,2033,32,0.2999086380004883,0.7657944560050964,-0.1286146193742752,0.9096633195877075,287,413
62,2066,0,0.21961593627929688,0.2802366614341736,-0.04881218448281288,0.9987436532974243,210,151
62,2066,1,0.21963618695735931,0.26836293935775757,-0.04075764864683151,0.9974787831306458,210,144
62,2066,2,0.2194501906633377,0.26794567704200745,-0.040897030383348465,0.9967914819717407,210,144
62,2066,3,0.21937130391597748,0.2677249312400818,-0.040879204869270325,0.9975834488868713,210,144
62,2066,4,0.2195892035961151,0.2681521475315094,-0.05669163167476654,0.9988081455230713,210,144
62,2066,5,0.21947185695171356,0.2675035893917084,-0.05689220875501633,0.9991405606269836,210,144
62,2066,6,0.21908603608608246,0.26670950651168823,-0.05696447938680649,0.9993832111358643,210,144
62,2066,7,0.21512365341186523,0.27078402042388916,0.004481072537600994,0.9984014630317688,206,146
62,2066,8,0.21434932947158813,0.27062317728996277,-0.06775366514921188,0.9990699887275696,205,146
62,2066,9,0.21809083223342896,0.2900131642818451,-0.029176166281104088,0.9978593587875366,209,156
62,2066,10,0.21710439026355743,0.28934964537620544,-0.05127338692545891,0.9988350868225098,208,156
62,2066,11,0.21204490959644318,0.3394467234611511,0.06981243193149567,0.9996987581253052,203,183
62,2066,12,0.19550415873527527,0.34169960021972656,-0.09751288592815399,0.9999356269836426,187,184
62,2066,13,0.2302560955286026,0.431842178106308,0.10006619989871979,0.25549745559692383,221,233
62,2066,14,0.18973252177238464,0.44328171014785767,-0.13714279234409332,0.9828341603279114,182,239
62,2066,15,0.2590489685535431,0.4962710440158844,0.05241268873214722,0.32875141501426697,248,267
62,2066,16,0.19347378611564636,0.5289310812950134,-0.15809957683086395,0.9521841406822205,185,285
62,2066,17,0.2668913006782532,0.5171599984169006,0.05123439058661461,0.35992878675460815,256,279
62,2066,18,0.19534754753112793,0.5548919439315796,-0.17650535702705383,0.9255086779594421,187,299
62,2066,19,0.2679556906223297,0.5196859240531921,0.02705455757677555,0.3820091485977173,257,280
62,2066,20,0.19968800246715546,0.5548709034919739,-0.18251681327819824,0.9268981218338013,191,299
62,2066,21,0.26546159386634827,0.5120885968208313,0.04143304005265236,0.3689368963241577,254,276
62,2066,22,0.19920602440834045,0.5462950468063354,-0.16125668585300446,0.8940317630767822,191,294
62,2066,23,0.21088506281375885,0.5168125629425049,0.05688733980059624,0.9997644424438477,202,279
62,2066,24,0.2108917236328125,0.5162392258644104,-0.05703822523355484,0.999837338924408,202,278
62,2066,25,0.19941119849681854,0.6246112585067749,0.09238456189632416,0.5966375470161438,191,337
62,2066,26,0.24200138449668884,0.6288517713546753,-0.07266977429389954,0.9036095142364502,232,339
62,2066,27,0.16219203174114227,0.745594322681427,0.12379663437604904,0.8049561381340027,155,402
62,2066,28,0.278471440076828,0.7613093852996826,-0.0664384514093399,0.9328785538673401,267,411
62,2066,29,0.1511090248823166,0.7690813541412354,0.12292599678039551,0.7856330275535583,145,415
62,2066,30,0.2756875157356262,0.78936767578125,-0.06813523173332214,0.8051871657371521,264,426
62,2066,31,0.1837797462940216,0.773074746131897,0.07815582305192947,0.8518005609512329,176,417
62,2066,32,0.3103361427783966,0.7686202526092529,-0.12630845606327057,0.9176902770996094,297,415
63,2100,0,0.22199752926826477,0.2803741693496704,-0.09158886224031448,0.9988663196563721,213,151
63,2100,1,0.2217688113451004,0.26895368099212646,-0.0805380567908287,0.9977267384529114,212,145
63,2100,2,0.22165922820568085,0.2684784531593323,-0.08070974051952362,0.9971075654029846,212,144
63,2100,3,0.2217041403055191,0.2681931257247925,-0.08067579567432404,0.9978213310241699,212,144
63,2100,4,0.22133351862430573,0.26895320415496826,-0.09711826592683792,0.998924970626831,212,145
63,2100,5,0.22098827362060547,0.26841872930526733,-0.09731924533843994,0.9992247819900513,212,144
63,2100,6,0.22066600620746613,0.26778191328048706,-0.0973915234208107,0.9994433522224426,211,144
63,2100,7,0.2174135148525238,0.2711554765701294,-0.01954423077404499,0.998558521270752,208,146
63,2100,8,0.21385914087295532,0.27098122239112854,-0.09475982934236526,0.9991598129272461,205,146
63,2100,9,0.22030109167099,0.29032471776008606,-0.06557101756334305,0.9980672001838684,211,156
63,2100,10,0.21913506090641022,0.28969863057136536,-0.08848109096288681,0.9989466071128845,210,156
63,2100,11,0.21802520751953125,0.3396223783493042,0.06271049380302429,0.9997215867042542,209,183
63,2100,12,0.19524121284484863,0.3416818380355835,-0.1211555153131485,0.9999406337738037,187,184
63,2100,13,0.23231564462184906,0.4344300329685211,0.09801549464464188,0.26490920782089233,223,234
63,2100,14,0.18691213428974152,0.44484132528305054,-0.1669084131717682,0.983969509601593,179,240
63,2100,15,0.2587769627571106,0.49641159176826477,0.04682517796754837,0.3503744602203369,248,268
63,2100,16,0.194390669465065,0.5355939865112305,-0.19566389918327332,0.9563957452774048,186,289
63,2100,17,0.26641833782196045,0.5175788402557373,0.0460522398352623,0.38637903332710266,255,279
63,2100,18,0.1931600570678711,0.5590662360191345,-0.21790434420108795,0.9320271015167236,185,301
63,2100,19,0.26730549335479736,0.5198501348495483,0.01979045383632183,0.4096819758415222,256,280
63,2100,20,0.20003721117973328,0.5621465444564819,-0.22401133179664612,0.9333173036575317,192,303
63,2100,21,0.2637239396572113,0.5125571489334106,0.034923896193504333,0.39674675464630127,253,276
63,2100,22,0.2006121277809143,0.5524097084999084,-0.19899716973304749,0.9032757878303528,192,298
63,2100,23,0.21315695345401764,0.5174177885055542,0.05936570093035698,0.9997853636741638,204,279
63,2100,24,0.21387377381324768,0.5176658630371094,-0.059518568217754364,0.9998524188995361,205,279
63,2100,25,0.20216220617294312,0.6238778233528137,0.11085090786218643,0.6202591061592102,194,336
63,2100,26,0.24754992127418518,0.6288202404975891,-0.062417659908533096,0.9120953679084778,237,339
63,2100,27,0.16257864236831665,0.7455622553825378,0.14806251227855682,0.8188848495483398,156,402
63,2100,28,0.2784463167190552,0.7633846402168274,-0.04877714812755585,0.9392750263214111,267,412
63,2100,29,0.15144196152687073,0.768986165523529,0.14803147315979004,0.8022876977920532,145,415
63,2100,30,0.2767367660999298,0.7929509282112122,-0.050209566950798035,0.8235664367675781,265,428
63,2100,31,0.1855982393026352,0.7732790112495422,0.10673990100622177,0.8626792430877686,178,417
63,2100,32,0.31517574191093445,0.7699255347251892,-0.11140123009681702,0.9253170490264893,302,415
64,2133,0,0.22869175672531128,0.280119925737381,-0.027697114273905754,0.9988896250724792,219,151
64,2133,1,0.22774852812290192,0.26867473125457764,-0.021651962772011757,0.9977959990501404,218,145
64,2133,2,0.2268441617488861,0.26822349429130554,-0.02175941690802574,0.9971899390220642,217,144
64,2133,3,0.22573287785053253,0.26799941062927246,-0.021725814789533615,0.9978981018066406,216,144
64,2133,4,0.22984711825847626,0.26861798763275146,-0.03882526606321335,0.9989504218101501,220,145
64,2133,5,0.23055018484592438,0.26811712980270386,-0.039018288254737854,0.9992356300354004,221,144
64,2133,6,0.2313704788684845,0.26758822798728943,-0.0390852726995945,0.9994552731513977,222,144
64,2133,7,0.2207157015800476,0.2708413004875183,0.011516460217535496,0.9986048340797424,211,146
64,2133,8,0.2271566540002823,0.2717593312263489,-0.06613485515117645,0.9991710782051086,218,146
64,2133,9,0.2264222949743271,0.2899807393550873,-0.011578381061553955,0.9981238842010498,217,156
64,2133,10,0.22778554260730743,0.28952816128730774,-0.03517305105924606,0.9989659190177917,218,156
64,2133,11,0.21020425856113434,0.3390963077545166,0.07428527623414993,0.9997249841690063,201,183
64,2133,12,0.21555785834789276,0.34132540225982666,-0.1005065068602562,0.9999415874481201,206,184
64,2133,13,0.22715529799461365,0.4335927665233612,0.10045307129621506,0.24184198677539825,218,234
64,2133,14,0.2147086262702942,0.4439917504787445,-0.13562506437301636,0.9815492630004883,206,239
64,2133,15,0.25336936116218567,0.5029323101043701,0.05941665545105934,0.31991255283355713,243,271
64,2133,16,0.20813947916030884,0.5322703123092651,-0.14285434782505035,0.9545047283172607,199,287
64,2133,17,0.2596043050289154,0.5182955861091614,0.05890262499451637,0.3550872206687927,249,279
64,2133,18,0.20568880438804626,0.558148205280304,-0.16042432188987732,0.9294248223304749,197,301
64,2133,19,0.2622911036014557,0.5197679996490479,0.03830242156982422,0.37649038434028625,251,280
64,2133,20,0.21243207156658173,0.560174822807312,-0.16261719167232513,0.9299712181091309,203,302
64,2133,21,0.25980624556541443,0.513567328453064,0.04987606033682823,0.3643214702606201,249,277
64,2133,22,0.22327198088169098,0.5513161420822144,-0.1441362202167511,0.897370457649231,214,297
64,2133,23,0.21854819357395172,0.516603410243988,0.05843837931752205,0.9997942447662354,209,278
64,2133,24,0.22199884057044983,0.5172154307365417,-0.058590326458215714,0.9998610019683838,213,279
64,2133,25,0.22904834151268005,0.6387022137641907,0.08749131858348846,0.6153837442398071,219,344
64,2133,26,0.24901102483272552,0.6292347311973572,-0.04678728058934212,0.9120370745658875,239,339
64,2133,27,0.21449217200279236,0.7591124176979065,0.10876191407442093,0.8216409683227539,205,409
64,2133,28,0.24982008337974548,0.7638671398162842,-0.0027854640502482653,0.9402329921722412,239,412
64,2133,29,0.2091459184885025,0.7782458662986755,0.10740960389375687,0.7994114756584167,200,420
64,2133,30,0.24090439081192017,0.7897484302520752,-0.000310685922158882,0.8191309571266174,231,426
64,2133,31,0.22369761765003204,0.7838183641433716,0.0652887150645256,0.8636038899421692,214,423
64,2133,32,0.27824434638023376,0.783168613910675,-0.04638851806521416,0.9239921569824219,267,422
65,2166,0,0.23212894797325134,0.2799220085144043,-0.03361416235566139,0.9989891648292542,222,151
65,2166,1,0.23112322390079498,0.2684202790260315,-0.026458539068698883,0.9980005025863647,221,144
65,2166,2,0.23029862344264984,0.26800423860549927,-0.02660127729177475,0.9974536299705505,221,144
65,2166,3,0.22951893508434296,0.267867773771286,-0.0266171433031559,0.9980968236923218,220,144
65,2166,4,0.23236972093582153,0.2684396207332611,-0.048657987266778946,0.9990453720092773,223,144
65,2166,5,0.23213277757167816,0.26799049973487854,-0.04879637062549591,0.9993041753768921,222,144
65,2166,6,0.23238347470760345,0.2675389051437378,-0.0487692691385746,0.9995030760765076,223,144
65,2166,7,0.2229364812374115,0.2706005871295929,-0.004699245095252991,0.9987378716468811,214,146
65,2166,8,0.22743025422096252,0.27155643701553345,-0.08630719780921936,0.9992413520812988,218,146
65,2166,9,0.22923587262630463,0.28980541229248047,-0.019262729212641716,0.9983007907867432,220,156
65,2166,10,0.22981654107570648,0.2895776629447937,-0.047622665762901306,0.9990593791007996,220,156
65,2166,11,0.21613629162311554,0.3387346565723419,0.061934757977724075,0.9997475743293762,207,182
65,2166,12,0.21142306923866272,0.34109604358673096,-0.11975749582052231,0.9999450445175171,202,184
65,2166,13,0.23303788900375366,0.4337543547153473,0.08597400039434433,0.25415197014808655,223,234
65,2166,14,0.20339980721473694,0.443372905254364,-0.1651223599910736,0.9820913076400757,195,239
65,2166,15,0.2607026696205139,0.5021892189979553,0.038523439317941666,0.338698148727417,250,271
65,2166,16,0.20441658794879913,0.5320892930030823,-0.18896661698818207,0.9571073651313782,196,287
65,2166,17,0.27327263355255127,0.5240657329559326,0.0365552194416523,0.3776959180831909,262,282
65,2166,18,0.20178528130054474,0.5582982301712036,-0.21045909821987152,0.9335351586341858,193,301
65,2166,19,0.2713965177536011,0.5216154456138611,0.01354273036122322,0.399960458278656,260,281
65,2166,20,0.20909571647644043,0.5592620968818665,-0.21553830802440643,0.9340021014213562,200,302
65,2166,21,0.26790401339530945,0.5151647925376892,0.027786213904619217,0.3870936334133148,257,278
65,2166,22,0.21253210306167603,0.5505272150039673,-0.1920410692691803,0.9032421112060547,204,297
65,2166,23,0.2217520922422409,0.5173603892326355,0.05932624638080597,0.9998124837875366,212,279
65,2166,24,0.2248215228319168,0.517078161239624,-0.059486620128154755,0.9998736381530762,215,279
65,2166,25,0.21621140837669373,0.6384648084640503,0.10743556916713715,0.6286501884460449,207,344
65,2166,26,0.2551545798778534,0.62983238697052,-0.04429489001631737,0.9186587333679199,244,340
65,2166,27,0.18336297571659088,0.7525898218154907,0.15280763804912567,0.8294394016265869,176,406
65,2166,28,0.27669844031333923,0.763001561164856,-0.010509837418794632,0.9455562233924866,265,412
65,2166,29,0.16787666082382202,0.767879843711853,0.15414410829544067,0.8106280565261841,161,414
65,2166,30,0.2712779939174652,0.7907028794288635,-0.008075502701103687,0.8349422812461853,260,426
65,2166,31,0.21069759130477905,0.7822350263595581,0.11735127866268158,0.86962890625,202,422
65,2166,32,0.3121243417263031,0.7806761264801025,-0.04693928733468056,0.9301331639289856,299,421
66,2200,0,0.24420136213302612,0.28075212240219116,-0.05620957538485527,0.9990351796150208,234,151
66,2200,1,0.24338673055171967,0.26904693245887756,-0.0489165298640728,0.9981467723846436,233,145
66,2200,2,0.24298380315303802,0.26853054761886597,-0.049063168466091156,0.9976422190666199,233,145
66,2200,3,0.2426452487707138,0.26822933554649353,-0.04902935400605202,0.9982364773750305,232,144
66,2200,4,0.24279555678367615,0.26913970708847046,-0.07107820361852646,0.9991106986999512,233,145
66,2200,5,0.2421799600124359,0.26871809363365173,-0.07129613310098648,0.9993517994880676,232,145
66,2200,6,0.24175457656383514,0.26829224824905396,-0.07136734575033188,0.9995371103286743,232,144
66,2200,7,0.2350979894399643,0.27075067162513733,-0.009498660452663898,0.9988318681716919,225,146
66,2200,8,0.2358831912279129,0.2719392478466034,-0.09569284319877625,0.9992925524711609,226,146
66,2200,9,0.24125713109970093,0.2907847464084625,-0.0348580963909626,0.9983972907066345,231,157
66,2200,10,0.2406732738018036,0.2903711199760437,-0.06472578644752502,0.9991050958633423,231,156
66,2200,11,0.2220029979944229,0.33795487880706787,0.06261605769395828,0.9997344613075256,213,182
66,2200,12,0.2174491584300995,0.3408142328262329,-0.1290220469236374,0.9999467134475708,208,184
66,2200,13,0.233412504196167,0.43332841992378235,0.08529488742351532,0.232177734375,224,233
66,2200,14,0.22225059568881989,0.4430548846721649,-0.16418741643428802,0.9820874333381653,213,239
66,2200,15,0.2576655447483063,0.49626657366752625,0.029327815398573875,0.30651596188545227,247,267
66,2200,16,0.2427801489830017,0.5295282602310181,-0.1681222766637802,0.9559018611907959,233,285
66,2200,17,0.26881927251815796,0.5207600593566895,0.025590011849999428,0.3433602750301361,258,281
66,2200,18,0.24588623642921448,0.5529254674911499,-0.1866893768310547,0.9317101240158081,236,298
66,2200,19,0.2685941755771637,0.5163681507110596,0.008133843541145325,0.36342358589172363,257,278
66,2200,20,0.2502116560935974,0.5497192144393921,-0.18477171659469604,0.9314838647842407,240,296
66,2200,21,0.2652217447757721,0.5098937153816223,0.020704420283436775,0.35172656178474426,254,275
66,2200,22,0.24834631383419037,0.5422106385231018,-0.16637395322322845,0.8986537456512451,238,292
66,2200,23,0.22850236296653748,0.5169113874435425,0.062192466109991074,0.9998297095298767,219,279
66,2200,24,0.22971101105213165,0.5170673727989197,-0.062342941761016846,0.9998857378959656,220,279
66,2200,25,0.2272913157939911,0.6371876001358032,0.11054804921150208,0.6532556414604187,218,344
66,2200,26,0.2631587088108063,0.6308238506317139,-0.05082770437002182,0.9259423613548279,252,340
66,2200,27,0.18167462944984436,0.7353265285491943,0.15733766555786133,0.8392208218574524,174,397
66,2200,28,0.282911092042923,0.7637214660644531,-0.02008039318025112,0.9507172703742981,271,412
66,2200,29,0.1621214896440506,0.7479417324066162,0.1595751792192459,0.8230266571044922,155,403
66,2200,30,0.2752578556537628,0.7931258082389832,-0.01762382872402668,0.8502644300460815,264,428
66,2200,31,0.20606742799282074,0.7812285423278809,0.1306537240743637,0.8749873638153076,197,421
66,2200,32,0.31894397735595703,0.7846320271492004,-0.05479077994823456,0.9362367987632751,306,423
67,2233,0,0.24603435397148132,0.28149744868278503,-0.0729549378156662,0.9991135597229004,236,152
67,2233,1,0.2453157901763916,0.26960432529449463,-0.06484207510948181,0.998316764831543,235,145
67,2233,2,0.24498771131038666,0.26894763112068176,-0.06500331312417984,0.9978581070899963,235,145
67,2233,3,0.24479755759239197,0.2684584856033325,-0.06494177877902985,0.9983969926834106,235,144
67,2233,4,0.24475710093975067,0.2699968218803406,-0.08383722603321075,0.9991905689239502,234,145
67,2233,5,0.24385350942611694,0.2696385085582733,-0.08405487984418869,0.9994096159934998,234,145
67,2233,6,0.2433781623840332,0.2692408561706543,-0.08413807302713394,0.9995784163475037,233,145
67,2233,7,0.23754939436912537,0.27059704065322876,-0.015935251489281654,0.9989346861839294,228,146
67,2233,8,0.2365848422050476,0.2719135582447052,-0.09812062233686447,0.9993528723716736,227,146
67,2233,9,0.24328868091106415,0.2913610339164734,-0.048971060663461685,0.9985100626945496,233,157
67,2233,10,0.2424623668193817,0.29096293449401855,-0.07532069087028503,0.9991633296012878,232,157
67,2233,11,0.22285637259483337,0.33807963132858276,0.05894482880830765,0.9997233748435974,213,182
67,2233,12,0.22081203758716583,0.34189003705978394,-0.12576411664485931,0.9999485015869141,211,184
67,2233,13,0.2291128933429718,0.44036486744880676,0.08242487907409668,0.21039018034934998,219,237
67,2233,14,0.22802609205245972,0.4429432153701782,-0.1520840972661972,0.9819930791854858,218,239
67,2233,15,0.23249146342277527,0.5160209536552429,0.031368616968393326,0.2765332758426666,223,278
67,2233,16,0.24731509387493134,0.5294404625892639,-0.13335610926151276,0.9547160267829895,237,285
67,2233,17,0.23184368014335632,0.5394826531410217,0.028057808056473732,0.31047549843788147,222,291
67,2233,18,0.25042977929115295,0.5517769455909729,-0.14896416664123535,0.9299508929252625,240,297
67,2233,19,0.23385025560855865,0.5346132516860962,0.011955246329307556,0.3284958004951477,224,288
67,2233,20,0.25357407331466675,0.5475296974182129,-0.1477922946214676,0.929060161113739,243,295
67,2233,21,0.23403824865818024,0.5263423323631287,0.021174531430006027,0.3178701400756836,224,284
67,2233,22,0.2513338327407837,0.5402916073799133,-0.13174933195114136,0.894025444984436,241,291
67,2233,23,0.22937926650047302,0.5167255401611328,0.06173510104417801,0.999845027923584,220,279
67,2233,24,0.23231357336044312,0.5176558494567871,-0.061886224895715714,0.9998966455459595,223,279
67,2233,25,0.22648365795612335,0.6367442607879639,0.12644188106060028,0.6739678978919983,217,343
67,2233,26,0.26409295201301575,0.6311606168746948,-0.03767244890332222,0.9324787259101868,253,340
67,2233,27,0.17959976196289062,0.7301007509231567,0.18615882098674774,0.8491578698158264,172,394
67,2233,28,0.283419132232666,0.7647953629493713,-0.0037560886703431606,0.95542311668396,272,412
67,2233,29,0.16070771217346191,0.7425895929336548,0.1901271641254425,0.835428774356842,154,400
67,2233,30,0.2754989564418793,0.7950475811958313,-0.0014791623689234257,0.8642436265945435,264,429
67,2233,31,0.1986037939786911,0.7808438539505005,0.16684821248054504,0.8810797929763794,190,421
67,2233,32,0.3192712068557739,0.7856359481811523,-0.04724966362118721,0.9419260025024414,306,424
68,2266,0,0.24834704399108887,0.2762368321418762,-0.0693030059337616,0.9990288615226746,238,149
68,2266,1,0.24797844886779785,0.26524630188941956,-0.060226213186979294,0.9982492327690125,238,143
68,2266,2,0.24766740202903748,0.2645702362060547,-0.06036829948425293,0.9977757930755615,237,142
68,2266,3,0.2474358230829239,0.26441967487335205,-0.060316428542137146,0.9983457922935486,237,142
68,2266,4,0.248236283659935,0.26542404294013977,-0.07749806344509125,0.9991423487663269,238,143
68,2266,5,0.24824996292591095,0.265245258808136,-0.07772685587406158,0.9993703365325928,238,143
68,2266,6,0.24840578436851501,0.2649573087692261,-0.07784275710582733,0.9995561242103577,238,143
68,2266,7,0.24265548586845398,0.26740995049476624,-0.010180497542023659,0.9988670945167542,232,144
68,2266,8,0.24452880024909973,0.26898127794265747,-0.08566909283399582,0.9993175864219666,234,145
68,2266,9,0.24677327275276184,0.2866332232952118,-0.046102289110422134,0.9983236193656921,236,154
68,2266,10,0.24656455218791962,0.2867022454738617,-0.07005894929170609,0.9990355968475342,236,154
68,2266,11,0.23859497904777527,0.3371785879135132,0.06286319345235825,0.9996424913406372,229,182
68,2266,12,0.2258266806602478,0.3385660648345947,-0.11636850237846375,0.9999406933784485,216,182
68,2266,13,0.24180130660533905,0.4338327944278717,0.08407182991504669,0.19180715084075928,232,234
68,2266,14,0.2300204485654831,0.43963077664375305,-0.13847871124744415,0.9804438948631287,220,237
68,2266,15,0.2545866072177887,0.503113329410553,0.03245050087571144,0.25099554657936096,244,271
68,2266,16,0.25932082533836365,0.5189501047134399,-0.12931960821151733,0.9495248794555664,248,280
68,2266,17,0.2585407793521881,0.5270900130271912,0.029042502865195274,0.28357192873954773,248,284
68,2266,18,0.2651999294757843,0.5405067205429077,-0.14623184502124786,0.9225960373878479,254,291
68,2266,19,0.26180073618888855,0.5229155421257019,0.011999585665762424,0.2999098002910614,251,282
68,2266,20,0.27037689089775085,0.5371137261390686,-0.1446911245584488,0.9208226203918457,259,290
68,2266,21,0.26012906432151794,0.5157889723777771,0.02251177839934826,0.29013875126838684,249,278
68,2266,22,0.26738983392715454,0.5271378755569458,-0.12788580358028412,0.8824352025985718,256,284
68,2266,23,0.24203947186470032,0.5153937339782715,0.059392526745796204,0.9998530149459839,232,278
68,2266,24,0.23991484940052032,0.5164219737052917,-0.05953056737780571,0.9999040365219116,230,278
68,2266,25,0.24219387769699097,0.6455536484718323,0.08483727276325226,0.6786412000656128,232,348
68,2266,26,0.26653897762298584,0.6310666799545288,-0.05604869872331619,0.9350227117538452,255,340
68,2266,27,0.18260779976844788,0.7211744785308838,0.1231251135468483,0.854985237121582,175,389
68,2266,28,0.2799828350543976,0.7644293904304504,-0.006096031982451677,0.9584534168243408,268,412
68,2266,29,0.18568994104862213,0.7464290261268616,0.12456567585468292,0.8393108248710632,178,403
68,2266,30,0.27227434515953064,0.7937294244766235,-0.0022391537204384804,0.8712188601493835,261,428
68,2266,31,0.1972723752260208,0.7802039980888367,0.08713914453983307,0.8843991160392761,189,421
68,2266,32,0.3081897497177124,0.7935400009155273,-0.0482359416782856,0.9446630477905273,295,428
69,2300,0,0.24929293990135193,0.275740385055542,-0.0851990282535553,0.9990720748901367,239,148
69,2300,1,0.24927224218845367,0.2647438049316406,-0.07274635136127472,0.9983540773391724,239,142
69,2300,2,0.24893945455551147,0.26400917768478394,-0.07290029525756836,0.9979131817817688,238,142
69,2300,3,0.24875709414482117,0.2636776566505432,-0.0728575736284256,0.998450756072998,238,142
69,2300,4,0.24933099746704102,0.26522091031074524,-0.08966299891471863,0.9991872906684875,239,143
69,2300,5,0.2491615265607834,0.26508450508117676,-0.08988555520772934,0.9994013905525208,239,143
69,2300,6,0.24809807538986206,0.2648417353630066,-0.09000296145677567,0.9995763897895813,238,143
69,2300,7,0.2445533573627472,0.2666963040828705,-0.010210060514509678,0.9989343285560608,234,144
69,2300,8,0.24296797811985016,0.26851823925971985,-0.08584802597761154,0.9993420839309692,233,144
69,2300,9,0.24759888648986816,0.2858254909515381,-0.05763106420636177,0.9983994364738464,237,154
69,2300,10,0.24713203310966492,0.28600454330444336,-0.08094047755002975,0.9990626573562622,237,154
69,2300,11,0.2447020262479782,0.3352627456188202,0.06492050737142563,0.9996458888053894,234,181
69,2300,12,0.22507010400295258,0.33804142475128174,-0.10954288393259048,0.9999343156814575,216,182
69,2300,13,0.25094613432884216,0.4310920536518097,0.08904793113470078,0.18189340829849243,240,232
69,2300,14,0.21914918720722198,0.4389260709285736,-0.13267359137535095,0.977473795413971,210,237
69,2300,15,0.2618156373500824,0.5028421878814697,0.027839601039886475,0.24075117707252502,251,271
69,2300,16,0.24004901945590973,0.519422173500061,-0.1385246217250824,0.9434605240821838,230,280
69,2300,17,0.26865682005882263,0.5273800492286682,0.021922392770648003,0.27618208527565,257,284
69,2300,18,0.24976792931556702,0.5407050251960754,-0.1565552055835724,0.914377748966217,239,291
69,2300,19,0.2707475423812866,0.5234654545783997,0.0020639104768633842,0.29253530502319336,259,282
69,2300,20,0.2584916949272156,0.5397278666496277,-0.15905851125717163,0.9129917621612549,248,291
69,2300,21,0.2683514356613159,0.516556441783905,0.017661916092038155,0.2820941209793091,257,278
69,2300,22,0.2503642141819,0.530276358127594,-0.13946767151355743,0.8727693557739258,240,286
69,2300,23,0.24799825251102448,0.5139609575271606,0.05854788050055504,0.9998594522476196,238,277
69,2300,24,0.23953741788864136,0.5154038071632385,-0.058682605624198914,0.9999082684516907,229,278
69,2300,25,0.2551349401473999,0.6426975727081299,0.06372704356908798,0.6937075853347778,244,347
69,2300,26,0.2675616145133972,0.6308816075325012,-0.06954468786716461,0.9373309016227722,256,340
69,2300,27,0.20540569722652435,0.7373534440994263,0.09594026952981949,0.8640776872634888,197,398
69,2300,28,0.2601035237312317,0.7639620304107666,-0.009002533741295338,0.9612197279930115,249,412
69,2300,29,0.17818866670131683,0.7362450957298279,0.09555801004171371,0.8447386026382446,171,397
69,2300,30,0.25278183817863464,0.7894859313964844,-0.006871695164591074,0.8760191202163696,242,426
69,2300,31,0.19753025472164154,0.7798342704772949,0.03629825636744499,0.8917108774185181,189,421
69,2300,32,0.27941906452178955,0.7951177954673767,-0.06527348607778549,0.9478880167007446,268,429
70,2333,0,0.2587941586971283,0.27429628372192383,-0.08414867520332336,0.9990278482437134,248,148
70,2333,1,0.2593387961387634,0.26288098096847534,-0.07225453853607178,0.9983443021774292,248,141
70,2333,2,0.25956451892852783,0.26240721344947815,-0.07242202758789062,0.9979139566421509,249,141
70,2333,3,0.2599625289440155,0.26238682866096497,-0.07238912582397461,0.9984521269798279,249,141
70,2333,4,0.2576912045478821,0.26280903816223145,-0.08890637010335922,0.9991751909255981,247,141
70,2333,5,0.25651901960372925,0.26243773102760315,-0.08913405239582062,0.9993962645530701,246,141
70,2333,6,0.25564253330230713,0.26192691922187805,-0.08925412595272064,0.9995724558830261,245,141
70,2333,7,0.2561093270778656,0.26598840951919556,-0.009722588583827019,0.9989492297172546,245,143
70,2333,8,0.24872516095638275,0.2655639350414276,-0.08473992347717285,0.9993431568145752,238,143
70,2333,9,0.25741299986839294,0.2847020924091339,-0.0572391152381897,0.9984152317047119,247,153
70,2333,10,0.25518670678138733,0.2842121422290802,-0.08020199835300446,0.999065101146698,244,153
70,2333,11,0.2551639974117279,0.33384931087493896,0.06478530913591385,0.9996392130851746,244,180
70,2333,12,0.22951839864253998,0.3339962065219879,-0.10766232013702393,0.9999362230300903,220,180
70,2333,13,0.261111319065094,0.42997413873672485,0.08931521326303482,0.17327718436717987,250,232
70,2333,14,0.22744546830654144,0.43716269731521606,-0.13686424493789673,0.9780899882316589,218,236
70,2333,15,0.27174803614616394,0.5024897456169128,0.028757447376847267,0.22735460102558136,260,271
70,2333,16,0.23656606674194336,0.5222519636154175,-0.15504886209964752,0.9471483826637268,227,282
70,2333,17,0.2793695628643036,0.5320196151733398,0.023058483377099037,0.26474329829216003,268,287
70,2333,18,0.23902826011180878,0.5467813611030579,-0.1755973994731903,0.9198823571205139,229,295
70,2333,19,0.28164610266685486,0.5290553569793701,0.0027398495003581047,0.2803557813167572,270,285
70,2333,20,0.24678103625774384,0.5452334880828857,-0.1803223192691803,0.9186274409294128,236,294
70,2333,21,0.27875179052352905,0.5217803120613098,0.01870025135576725,0.27021458745002747,267,281
70,2333,22,0.2448994666337967,0.5354245901107788,-0.1570129245519638,0.8807000517845154,235,289
70,2333,23,0.25486841797828674,0.5146239399909973,0.05712800845503807,0.9998704791069031,244,277
70,2333,24,0.24683178961277008,0.5162224769592285,-0.05726655200123787,0.9999161958694458,236,278
70,2333,25,0.2639617621898651,0.6420605182647705,0.05515684559941292,0.7117449045181274,253,346
70,2333,26,0.27491995692253113,0.6302444934844971,-0.06859913468360901,0.9411576986312866,263,340
70,2333,27,0.1994166076183319,0.7153059840202332,0.10537198185920715,0.867369532585144,191,386
70,2333,28,0.27956363558769226,0.763266384601593,-0.01060965284705162,0.964311957359314,268,412
70,2333,29,0.17940610647201538,0.7129395604133606,0.10761617124080658,0.8474827408790588,172,384
70,2333,30,0.2712022662162781,0.7892935276031494,-0.007494427263736725,0.884637176990509,260,426
70,2333,31,0.19866734743118286,0.7797392010688782,0.06354672461748123,0.8951436281204224,190,421
70,2333,32,0.31005796790122986,0.7927588820457458,-0.06441769003868103,0.9516310691833496,297,428
71,2366,0,0.26108840107917786,0.27434590458869934,-0.09066855907440186,0.9990741014480591,250,148
71,2366,1,0.26120874285697937,0.2629520297050476,-0.07826315611600876,0.9984422922134399,250,141
71,2366,2,0.2613641321659088,0.2624683082103729,-0.07844207435846329,0.9980428814888,250,141
71,2366,3,0.26171907782554626,0.26243266463279724,-0.07840842753648758,0.9985477328300476,251,141
71,2366,4,0.25959521532058716,0.262898325920105,-0.0951094701886177,0.9992213845252991,249,141
71,2366,5,0.2586836516857147,0.2625269591808319,-0.09533338248729706,0.9994310140609741,248,141
71,2366,6,0.25787806510925293,0.2620134949684143,-0.09544602036476135,0.9995955228805542,247,141
71,2366,7,0.25698721408843994,0.2659597396850586,-0.011093342676758766,0.9990141987800598,246,143
71,2366,8,0.25022387504577637,0.26533037424087524,-0.08674749732017517,0.9993770122528076,240,143
71,2366,9,0.2592226564884186,0.2847461402416229,-0.062463488429784775,0.9985020160675049,248,153
71,2366,10,0.2572568655014038,0.28430402278900146,-0.08561433106660843,0.9991126656532288,246,153
71,2366,11,0.25607824325561523,0.3331087529659271,0.06459374725818634,0.999650776386261,245,179
71,2366,12,0.2297932505607605,0.33352625370025635,-0.10855355858802795,0.9999383091926575,220,180
71,2366,13,0.2598263919353485,0.42964091897010803,0.08898221701383591,0.1704474538564682,249,232
71,2366,14,0.2281714230775833,0.4371711313724518,-0.13734351098537445,0.9789859652519226,219,236
71,2366,15,0.27114784717559814,0.5022392272949219,0.022875111550092697,0.22865714132785797,260,271
71,2366,16,0.2356262356042862,0.5239353179931641,-0.1680927574634552,0.9511802792549133,226,282
71,2366,17,0.27369436621665955,0.5313683748245239,0.015364166349172592,0.27067479491233826,262,286
71,2366,18,0.236805260181427,0.5490260124206543,-0.19013969600200653,0.9259222745895386,227,296
71,2366,19,0.2754555940628052,0.528837263584137,-0.005642315838485956,0.28628140687942505,264,285
71,2366,20,0.24413591623306274,0.5472068786621094,-0.19481205940246582,0.9248095750808716,234,295
71,2366,21,0.2768388092517853,0.5237112045288086,0.012524514459073544,0.2747853994369507,265,282
71,2366,22,0.24339662492275238,0.538235604763031,-0.17012090981006622,0.8893767595291138,233,290
71,2366,23,0.25620466470718384,0.5153658986091614,0.05609505996108055,0.9998803734779358,245,278
71,2366,24,0.24482406675815582,0.5182995796203613,-0.05623249337077141,0.9999229907989502,235,279
71,2366,25,0.2678062319755554,0.6407083868980408,0.041010286659002304,0.7294996380805969,257,345
71,2366,26,0.2747558355331421,0.6285820007324219,-0.07521811127662659,0.9440611004829407,263,339
71,2366,27,0.19912967085838318,0.7115936279296875,0.0936112180352211,0.8728644847869873,191,384
71,2366,28,0.2807363271713257,0.762758195400238,-0.011701266281306744,0.9669039845466614,269,411
71,2366,29,0.1804073601961136,0.710706889629364,0.09623066335916519,0.8523411750793457,173,383
71,2366,30,0.27013418078422546,0.7888299226760864,-0.008680970408022404,0.891693651676178,259,425
71,2366,31,0.20026825368404388,0.7793479561805725,0.05137805640697479,0.9001523852348328,192,420
71,2366,32,0.2982625961303711,0.7959563136100769,-0.06471677124500275,0.9548829793930054,286,429
72,2400,0,0.27062666416168213,0.2682923376560211,-0.07846320420503616,0.9986349940299988,259,144
72,2400,1,0.26985985040664673,0.2582434117794037,-0.07165638357400894,0.9978330731391907,259,139
72,2400,2,0.269616037607193,0.2580702006816864,-0.07186517119407654,0.9973828196525574,258,139
72,2400,3,0.26941585540771484,0.2581031620502472,-0.07186591625213623,0.9981316924095154,258,139
72,2400,4,0.2689458131790161,0.2577016055583954,-0.0911569893360138,0.998866856098175,258,139
72,2400,5,0.26809340715408325,0.25719425082206726,-0.09138182550668716,0.9991858601570129,257,138
72,2400,6,0.2672522962093353,0.2565980553627014,-0.0915195569396019,0.999437153339386,256,138
72,2400,7,0.26332470774650574,0.26058149337768555,-0.01656966656446457,0.9988351464271545,252,140
72,2400,8,0.25834566354751587,0.25889846682548523,-0.09945671260356903,0.9991767406463623,248,139
72,2400,9,0.26719462871551514,0.28018319606781006,-0.05779923126101494,0.9983388781547546,256,151
72,2400,10,0.2660095989704132,0.2791757583618164,-0.08419237285852432,0.9989981651306152,255,150
72,2400,11,0.25832685828208923,0.32562851905822754,0.054107148200273514,0.9996642470359802,247,175
72,2400,12,0.23717652261257172,0.32896220684051514,-0.13253137469291687,0.9999403357505798,227,177
72,2400,13,0.26298919320106506,0.42723020911216736,0.08838415145874023,0.1579410880804062,252,230
72,2400,14,0.23390434682369232,0.43574926257133484,-0.16451703011989594,0.9793071150779724,224,235
72,2400,15,0.2789975106716156,0.5020561218261719,0.04063187912106514,0.21045203506946564,267,271
72,2400,16,0.24545666575431824,0.5246410369873047,-0.17381395399570465,0.9523932337760925,235,283
72,2400,17,0.28036683797836304,0.5311841368675232,0.03812781721353531,0.2509608268737793,269,286
72,2400,18,0.2455013245344162,0.5511795282363892,-0.19369067251682281,0.9273214936256409,235,297
72,2400,19,0.28325140476226807,0.5283159613609314,0.01713174395263195,0.2653297185897827,271,285
72,2400,20,0.2542782425880432,0.5495166778564453,-0.19697509706020355,0.9261901378631592,244,296
72,2400,21,0.28285178542137146,0.5229484438896179,0.030885282903909683,0.2546117603778839,271,282
72,2400,22,0.25461986660957336,0.5411908626556396,-0.1750311702489853,0.8906513452529907,244,292
72,2400,23,0.265910267829895,0.5153458714485168,0.05745379254221916,0.9998893141746521,255,278
72,2400,24,0.257390558719635,0.5182673335075378,-0.0575999952852726,0.9999294281005859,247,279
72,2400,25,0.2762102782726288,0.6299152374267578,0.09131451696157455,0.7152739763259888,265,340
72,2400,26,0.2812458574771881,0.6298414468765259,-0.022292735055088997,0.9385530352592468,269,340
72,2400,27,0.21699146926403046,0.702698290348053,0.14374417066574097,0.8617061972618103,208,379
72,2400,28,0.2839304208755493,0.7624120116233826,0.03552018105983734,0.9677972793579102,272,411
72,2400,29,0.20029887557029724,0.7069101929664612,0.14627708494663239,0.8416668176651001,192,381
72,2400,30,0.2754075825214386,0.788843035697937,0.039133261889219284,0.8931099772453308,264,425
72,2400,31,0.21742506325244904,0.7664805054664612,0.10534132272005081,0.8919332027435303,208,413
72,2400,32,0.31470683217048645,0.7947536110877991,-0.017265113070607185,0.954623818397522,302,429
73,2433,0,0.2714860737323761,0.2654605805873871,-0.07972890883684158,0.9979274272918701,260,143
73,2433,1,0.27150821685791016,0.2547750174999237,-0.07228653877973557,0.9969249367713928,260,137
73,2433,2,0.27146002650260925,0.254862517118454,-0.07248501479625702,0.9963039755821228,260,137
73,2433,3,0.2715015411376953,0.2550792098045349,-0.0724693313241005,0.9973820447921753,260,137
73,2433,4,0.26974812150001526,0.25368472933769226,-0.09032420068979263,0.9983554482460022,258,136
73,2433,5,0.2685976028442383,0.25301456451416016,-0.09055288136005402,0.99884033203125,257,136
73,2433,6,0.2672711908817291,0.2514318823814392,-0.0906907469034195,0.9992325305938721,256,135
73,2433,7,0.2656278610229492,0.25786617398262024,-0.020600685849785805,0.998327374458313,255,139
73,2433,8,0.2586781084537506,0.25362733006477356,-0.09949114173650742,0.9988598227500916,248,136
73,2433,9,0.2686968743801117,0.2780104875564575,-0.05809284746646881,0.9976909756660461,257,150
73,2433,10,0.2667260468006134,0.2765662670135498,-0.08282265812158585,0.998617947101593,256,149
73,2433,11,0.261464923620224,0.32360702753067017,0.04854365438222885,0.9996330142021179,251,174
73,2433,12,0.2384985387325287,0.32567787170410156,-0.12847930192947388,0.9999405145645142,228,175
73,2433,13,0.2627899944782257,0.4249908924102783,0.08195992559194565,0.14346617460250854,252,229
73,2433,14,0.23480966687202454,0.4321892261505127,-0.16093772649765015,0.9780449867248535,225,233
73,2433,15,0.2737424671649933,0.5019938349723816,0.039540231227874756,0.1902480572462082,262,271
73,2433,16,0.24641422927379608,0.5243734121322632,-0.17165493965148926,0.9480761289596558,236,283
73,2433,17,0.2760317027568817,0.5304810404777527,0.0365414135158062,0.22744199633598328,264,286
73,2433,18,0.2454787641763687,0.5519129633903503,-0.1911618858575821,0.9206171631813049,235,298
73,2433,19,0.2779655158519745,0.5285610556602478,0.01643254980444908,0.24042652547359467,266,285
73,2433,20,0.25437480211257935,0.5496348738670349,-0.19392620027065277,0.919409453868866,244,296
73,2433,21,0.2770405113697052,0.5223663449287415,0.030095795169472694,0.23073481023311615,265,282
73,2433,22,0.254314124584198,0.5409334301948547,-0.1726561188697815,0.880799412727356,244,292
73,2433,23,0.2708243429660797,0.5148287415504456,0.05654076486825943,0.9998965859413147,259,278
73,2433,24,0.2575586438179016,0.5181796550750732,-0.05669069662690163,0.9999351501464844,247,279
73,2433,25,0.2776840031147003,0.6272784471511841,0.08977305144071579,0.6849158406257629,266,338
73,2433,26,0.2815149426460266,0.6311831474304199,-0.020468173548579216,0.9264853596687317,270,340
73,2433,27,0.22049252688884735,0.6973395347595215,0.14315994083881378,0.8358291983604431,211,376
73,2433,28,0.2824975550174713,0.7622083425521851,0.03633653372526169,0.9668272137641907,271,411
73,2433,29,0.2031429558992386,0.7013348340988159,0.1461460292339325,0.8196462392807007,195,378
73,2433,30,0.27427586913108826,0.7887131571769714,0.04022593051195145,0.8892513513565063,263,425
73,2433,31,0.21903467178344727,0.7605661749839783,0.10476334393024445,0.8752747178077698,210,410
73,2433,32,0.3168533146381378,0.7944554090499878,-0.018763799220323563,0.952279806137085,304,429
74,2466,0,0.2813774645328522,0.26640018820762634,-0.07850930839776993,0.9978078603744507,270,143
74,2466,1,0.27990561723709106,0.25476863980293274,-0.07137642800807953,0.9968322515487671,268,137
74,2466,2,0.2792747914791107,0.25455376505851746,-0.07156553119421005,0.9962199926376343,268,137
74,2466,3,0.2787643373012543,0.2544662356376648,-0.07154595106840134,0.9973104000091553,267,137
74,2466,4,0.2795277237892151,0.2541406452655792,-0.0891231968998909,0.9982671141624451,268,137
74,2466,5,0.27869489789009094,0.25348782539367676,-0.08934784680604935,0.9987759590148926,267,136
74,2466,6,0.27743321657180786,0.25230672955513,-0.08947663754224777,0.9991893172264099,266,136
74,2466,7,0.2715308368206024,0.256757527589798,-0.027591291815042496,0.9983025193214417,260,138
74,2466,8,0.26960650086402893,0.25435277819633484,-0.10935401916503906,0.9987950921058655,258,137
74,2466,9,0.27732139825820923,0.27854642271995544,-0.05732662230730057,0.9975998401641846,266,150
74,2466,10,0.2765319049358368,0.2772601544857025,-0.081946961581707,0.9985533356666565,265,149
74,2466,11,0.2622627019882202,0.3236099183559418,0.03445019945502281,0.9996496438980103,251,174
74,2466,12,0.25009891390800476,0.32400932908058167,-0.13937237858772278,0.9999426603317261,240,174
74,2466,13,0.26204913854599,0.4233379065990448,0.068166583776474,0.1319245994091034,251,228
74,2466,14,0.2464972585439682,0.42902037501335144,-0.1757013201713562,0.9771738052368164,236,231
74,2466,15,0.2725994884967804,0.5010722279548645,0.03892790526151657,0.1729246973991394,261,270
74,2466,16,0.26466917991638184,0.519381582736969,-0.17980709671974182,0.9399780631065369,254,280
74,2466,17,0.2742719054222107,0.5280465483665466,0.03699652850627899,0.20756219327449799,263,285
74,2466,18,0.2641793191432953,0.5477624535560608,-0.19946685433387756,0.907501220703125,253,295
74,2466,19,0.2783408463001251,0.5274026393890381,0.018395714461803436,0.21927231550216675,267,284
74,2466,20,0.2738807499408722,0.5447561740875244,-0.19874143600463867,0.9055437445640564,262,294
74,2466,21,0.27866220474243164,0.5191922187805176,0.03005305863916874,0.21040986478328705,267,280
74,2466,22,0.2742219865322113,0.5352256298065186,-0.17959219217300415,0.8613941669464111,263,289
74,2466,23,0.27424710988998413,0.5142519474029541,0.05717305466532707,0.9999030232429504,263,277
74,2466,24,0.26602497696876526,0.5185938477516174,-0.05730879306793213,0.9999401569366455,255,280
74,2466,25,0.283852756023407,0.6235759258270264,0.14074794948101044,0.6487241983413696,272,336
74,2466,26,0.2840338349342346,0.6326082944869995,-0.019557880237698555,0.9231797456741333,272,341
74,2466,27,0.24548430740833282,0.6932957768440247,0.21967686712741852,0.8017347455024719,235,374
74,2466,28,0.28320857882499695,0.762081503868103,0.023315872997045517,0.9659861922264099,271,411
74,2466,29,0.232895165681839,0.6978110671043396,0.22485409677028656,0.7911627888679504,223,376
74,2466,30,0.27569058537483215,0.7896478176116943,0.025755401700735092,0.8841398358345032,264,426
74,2466,31,0.23840507864952087,0.7467395067214966,0.19287452101707458,0.8476480841636658,228,403
74,2466,32,0.31764093041419983,0.7930446267127991,-0.032020632177591324,0.9491564035415649,304,428
75,2500,0,0.2826522886753082,0.26684996485710144,-0.07514698058366776,0.9974952340126038,271,144
75,2500,1,0.28147318959236145,0.25533777475357056,-0.06910431385040283,0.9964887499809265,270,137
75,2500,2,0.2810884118080139,0.25508469343185425,-0.0692981630563736,0.9958269596099854,269,137
75,2500,3,0.28077396750450134,0.2549680471420288,-0.06928218901157379,0.9970535039901733,269,137
75,2500,4,0.2803787589073181,0.25475749373435974,-0.08686193078756332,0.998018741607666,269,137
75,2500,5,0.27924901247024536,0.2540687918663025,-0.0870833694934845,0.9985916614532471,268,137
75,2500,6,0.2778301537036896,0.25298625230789185,-0.08721962571144104,0.9990717768669128,266,136
75,2500,7,0.27370092272758484,0.2571897506713867,-0.0247404295951128,0.9981400966644287,262,138
75,2500,8,0.26915308833122253,0.2543812394142151,-0.10503409057855606,0.9985896944999695,258,137
75,2500,9,0.27895399928092957,0.27892768383026123,-0.055612288415431976,0.99726402759552,267,150
75,2500,10,0.27746832370758057,0.2774423658847809,-0.08042111992835999,0.9983217716217041,266,149
75,2500,11,0.2647755444049835,0.3237245976924896,0.03844064101576805,0.999651312828064,254,174
75,2500,12,0.25078126788139343,0.3219607472419739,-0.1340317726135254,0.9999424815177917,240,173
75,2500,13,0.26282384991645813,0.4232306182384491,0.07037577778100967,0.12034239619970322,252,228
75,2500,14,0.24955129623413086,0.4273494482040405,-0.17149828374385834,0.9738751649856567,239,230
75,2500,15,0.2720162570476532,0.5006915926933289,0.0402645617723465,0.15648698806762695,261,270
75,2500,16,0.26922711730003357,0.5168787240982056,-0.1788780391216278,0.9219335317611694,258,279
75,2500,17,0.27318403124809265,0.5278859734535217,0.038665175437927246,0.1882966309785843,262,285
75,2500,18,0.26878687739372253,0.5459883213043213,-0.19834057986736298,0.8828712105751038,258,294
75,2500,19,0.276757150888443,0.5272340178489685,0.021592825651168823,0.19885382056236267,265,284
75,2500,20,0.277131587266922,0.5413023233413696,-0.19765311479568481,0.8802144527435303,266,292
75,2500,21,0.2774689495563507,0.5186805129051208,0.03243858367204666,0.1907929629087448,266,280
75,2500,22,0.27807357907295227,0.5332563519477844,-0.17869020998477936,0.8292754292488098,266,287
75,2500,23,0.2757123112678528,0.5130574107170105,0.05716931074857712,0.9999077320098877,264,277
75,2500,24,0.2667471766471863,0.5183685421943665,-0.0573047511279583,0.999944269657135,256,279
75,2500,25,0.28848299384117126,0.6230113506317139,0.11641404032707214,0.603182852268219,276,336
75,2500,26,0.2853665053844452,0.6334362626075745,-0.028777848929166794,0.906184732913971,273,342
75,2500,27,0.24594250321388245,0.6905824542045593,0.1780376136302948,0.7483373284339905,236,372
75,2500,28,0.2842731177806854,0.7619919776916504,0.007601191755384207,0.9593378305435181,272,411
75,2500,29,0.23445574939250946,0.6918399930000305,0.18163324892520905,0.7479826211929321,225,373
75,2500,30,0.27554744482040405,0.7905821800231934,0.008252904750406742,0.8680911660194397,264,426
75,2500,31,0.23687632381916046,0.7405126690864563,0.14657093584537506,0.8033035397529602,227,399
75,2500,32,0.3195739984512329,0.7927559018135071,-0.05107573792338371,0.938240647315979,306,428
76,2533,0,0.2884473502635956,0.2664183974266052,-0.09524580836296082,0.9974223971366882,276,143
76,2533,1,0.2881273925304413,0.2535727024078369,-0.08829131722450256,0.9963669180870056,276,136
76,2533,2,0.28789854049682617,0.25313088297843933,-0.08848775178194046,0.9956941604614258,276,136
76,2533,3,0.28777015209198,0.2528317868709564,-0.0884513109922409,0.9969320297241211,276,136
76,2533,4,0.28730958700180054,0.2531309127807617,-0.1059294119477272,0.9979262351989746,275,136
76,2533,5,0.28662389516830444,0.2523420751094818,-0.10614360868930817,0.998518168926239,275,136
76,2533,6,0.28530222177505493,0.251424640417099,-0.10628008097410202,0.9990243315696716,273,135
76,2533,7,0.2811543643474579,0.25518152117729187,-0.04192270711064339,0.9980075359344482,269,137
76,2533,8,0.27801233530044556,0.25283241271972656,-0.12277480959892273,0.998479962348938,266,136
76,2533,9,0.28547948598861694,0.2780746817588806,-0.07401932775974274,0.9971283078193665,274,150
76,2533,10,0.28400737047195435,0.27649685740470886,-0.09869978576898575,0.9982668161392212,272,149
76,2533,11,0.27023938298225403,0.3223094940185547,0.024944139644503593,0.9996653199195862,259,174
76,2533,12,0.25837498903274536,0.3218012750148773,-0.1461404711008072,0.9999439716339111,248,173
76,2533,13,0.2705453932285309,0.42333030700683594,0.062477946281433105,0.11136911064386368,259,228
76,2533,14,0.25698015093803406,0.42756447196006775,-0.17602968215942383,0.9723061323165894,246,230
76,2533,15,0.2781233787536621,0.5054107308387756,0.03224553167819977,0.14430123567581177,266,272
76,2533,16,0.2703426778316498,0.5191870331764221,-0.17997974157333374,0.9169161319732666,259,280
76,2533,17,0.278236448764801,0.5315089225769043,0.030756046995520592,0.17476798593997955,267,287
76,2533,18,0.2696530520915985,0.547866702079773,-0.2003922164440155,0.8733069896697998,258,295
76,2533,19,0.2818971276283264,0.5308527946472168,0.012562335468828678,0.18451793491840363,270,286
76,2533,20,0.27850398421287537,0.5421481728553772,-0.20112472772598267,0.8710371255874634,267,292
76,2533,21,0.2833261787891388,0.521514892578125,0.024333903566002846,0.17667630314826965,271,281
76,2533,22,0.27995869517326355,0.5338735580444336,-0.18052935600280762,0.8149856925010681,268,288
76,2533,23,0.28187495470046997,0.5118882060050964,0.05820588767528534,0.9999076724052429,270,276
76,2533,24,0.27419278025627136,0.518302321434021,-0.0583321712911129,0.9999462366104126,263,279
76,2533,25,0.3066205680370331,0.6206694841384888,0.1583387702703476,0.5542696118354797,294,335
76,2533,26,0.29244062304496765,0.6337067484855652,-0.015057159587740898,0.89403235912323,280,342
76,2533,27,0.29030534625053406,0.6958158612251282,0.27618318796157837,0.6892234683036804,278,375
76,2533,28,0.28671035170555115,0.7612946629524231,0.044722720980644226,0.949564516544342,275,411
76,2533,29,0.28527507185935974,0.7000665664672852,0.2852720022201538,0.6923125982284546,273,378
76,2533,30,0.27755069732666016,0.7904849052429199,0.04855731502175331,0.8346894383430481,266,426
76,2533,31,0.29460829496383667,0.7393669486045837,0.2565966546535492,0.7474142909049988,282,399
76,2533,32,0.31987103819847107,0.791622519493103,-0.010122839361429214,0.9219074845314026,307,427
77,2566,0,0.29128238558769226,0.2668220102787018,-0.0907231792807579,0.9971790313720703,279,144
77,2566,1,0.2905091345310211,0.253976434469223,-0.08345361053943634,0.9959456324577332,278,137
77,2566,2,0.2900608479976654,0.25353893637657166,-0.08364225178956985,0.995150089263916,278,136
77,2566,3,0.28973275423049927,0.2532457411289215,-0.08360759168863297,0.9965272545814514,278,136
77,2566,4,0.29005587100982666,0.253555029630661,-0.10125406831502914,0.9977136254310608,278,136
77,2566,5,0.28907090425491333,0.2528018653392792,-0.1014634221792221,0.9983569979667664,277,136
77,2566,6,0.288352370262146,0.2519281506538391,-0.10159005224704742,0.9989370107650757,276,136
77,2566,7,0.2810422480106354,0.2553575038909912,-0.03789074346423149,0.9976276755332947,269,137
77,2566,8,0.27959659695625305,0.2534205913543701,-0.11995197087526321,0.9982905983924866,268,136
77,2566,9,0.2873994708061218,0.2783989906311035,-0.06964967399835587,0.9967771172523499,275,150
77,2566,10,0.2863973379135132,0.276862233877182,-0.09449126571416855,0.9981492757797241,274,149
77,2566,11,0.2729262709617615,0.3210800588130951,0.026051077991724014,0.9996679425239563,262,173
77,2566,12,0.2579565644264221,0.3213118016719818,-0.14555241167545319,0.9999462962150574,247,173
77,2566,13,0.27206936478614807,0.4234524071216583,0.06191224977374077,0.10176791250705719,261,228
77,2566,14,0.25748759508132935,0.42794591188430786,-0.1784047931432724,0.9723559021949768,247,231
77,2566,15,0.2781679928302765,0.5058232545852661,0.03192417323589325,0.1311446875333786,267,273
77,2566,16,0.2689156234264374,0.5192956328392029,-0.18480606377124786,0.9176061153411865,258,280
77,2566,17,0.2769737243652344,0.5326257348060608,0.03038816712796688,0.15935823321342468,265,287
77,2566,18,0.2699708044528961,0.5479280352592468,-0.20623630285263062,0.871842086315155,259,295
77,2566,19,0.28162431716918945,0.5304701328277588,0.012291011400520802,0.16820821166038513,270,286
77,2566,20,0.2784395217895508,0.5424805283546448,-0.20648734271526337,0.8699968457221985,267,292
77,2566,21,0.2826140224933624,0.5219197273254395,0.024044400081038475,0.16094845533370972,271,281
77,2566,22,0.278832346200943,0.5338984727859497,-0.1853216588497162,0.8107094168663025,267,288
77,2566,23,0.2824598550796509,0.5106869339942932,0.05830260366201401,0.999904990196228,271,275
77,2566,24,0.273771196603775,0.518098771572113,-0.058427032083272934,0.9999479055404663,262,279
77,2566,25,0.31394433975219727,0.619019091129303,0.14348255097866058,0.5035752654075623,301,334
77,2566,26,0.29331472516059875,0.6339138746261597,-0.02268107794225216,0.8645878434181213,281,342
77,2566,27,0.29600095748901367,0.6956184506416321,0.25337961316108704,0.6263049840927124,284,375
77,2566,28,0.2871643304824829,0.7608528137207031,0.029073169454932213,0.9282939434051514,275,410
77,2566,29,0.29112908244132996,0.7016421556472778,0.26184311509132385,0.6326990723609924,279,378
77,2566,30,0.2776596248149872,0.7905558347702026,0.03222447261214256,0.7906906008720398,266,426
77,2566,31,0.29822149872779846,0.734933614730835,0.23363839089870453,0.6840634346008301,286,396
77,2566,32,0.32033583521842957,0.7914888262748718,-0.025255242362618446,0.8933937549591064,307,427
78,2600,0,0.2957357168197632,0.2665199339389801,-0.09001646190881729,0.9974119663238525,283,143
78,2600,1,0.295045405626297,0.25337520241737366,-0.08110484480857849,0.9962714910507202,283,136
78,2600,2,0.29414787888526917,0.2527731955051422,-0.08129485696554184,0.9955527186393738,282,136
78,2600,3,0.29329222440719604,0.25230085849761963,-0.08127342909574509,0.996799111366272,281,136
78,2600,4,0.29606062173843384,0.2531531751155853,-0.09816685318946838,0.9979038834571838,284,136
78,2600,5,0.29593750834465027,0.25239381194114685,-0.0983780100941658,0.9984986782073975,284,136
78,2600,6,0.29504719376564026,0.2516705095767975,-0.09850058704614639,0.9990272521972656,283,135
78,2600,7,0.2853156626224518,0.2535236179828644,-0.035258784890174866,0.9978183507919312,273,136
78,2600,8,0.2888565957546234,0.25324633717536926,-0.12273282557725906,0.9984431266784668,277,136
78,2600,9,0.29151228070259094,0.2775347828865051,-0.06740447878837585,0.9970489144325256,279,149
78,2600,10,0.2917107045650482,0.2763408422470093,-0.09129957109689713,0.9983136653900146,280,149
78,2600,11,0.2731259763240814,0.32126179337501526,0.03070715256035328,0.9996922016143799,262,173
78,2600,12,0.26771339774131775,0.3209294080734253,-0.15259774029254913,0.9999511241912842,257,173
78,2600,13,0.27382805943489075,0.42352989315986633,0.06278223544359207,0.09442706406116486,262,228
78,2600,14,0.2690265476703644,0.4283423125743866,-0.18160150945186615,0.9739119410514832,258,231
78,2600,15,0.28457388281822205,0.5056090354919434,0.03763853758573532,0.12266246229410172,273,273
78,2600,16,0.28262990713119507,0.5195938348770142,-0.18160778284072876,0.9246920943260193,271,280
78,2600,17,0.28461962938308716,0.5328682065010071,0.03740030154585838,0.15299730002880096,273,287
78,2600,18,0.2805878221988678,0.5483142137527466,-0.20217105746269226,0.8828093409538269,269,296
78,2600,19,0.28855785727500916,0.5314044952392578,0.017524700611829758,0.1613815724849701,277,286
78,2600,20,0.2891197204589844,0.5427278280258179,-0.2035232037305832,0.8809912204742432,277,293
78,2600,21,0.2898058295249939,0.5217803120613098,0.029039466753602028,0.15416786074638367,278,281
78,2600,22,0.29055628180503845,0.5342692136764526,-0.18177548050880432,0.8262049555778503,278,288
78,2600,23,0.29054635763168335,0.508762538433075,0.05871455371379852,0.9999113082885742,278,274
78,2600,24,0.2782367169857025,0.5144518613815308,-0.05884135514497757,0.9999523758888245,267,277
78,2600,25,0.3330109715461731,0.6134990453720093,0.10544157773256302,0.4974404275417328,319,331
78,2600,26,0.2895212769508362,0.634270966053009,-0.0129379378631711,0.8699243664741516,277,342
78,2600,27,0.2866808772087097,0.6436691284179688,0.22245924174785614,0.5866484642028809,275,347
78,2600,28,0.28690335154533386,0.7599701285362244,0.059046272188425064,0.9312718510627747,275,410
78,2600,29,0.27832475304603577,0.637982964515686,0.2328607589006424,0.6051715612411499,267,344
78,2600,30,0.2771347165107727,0.7905018329620361,0.065238818526268,0.7937543392181396,266,426
78,2600,31,0.27803337574005127,0.6875094175338745,0.21634136140346527,0.6541564464569092,266,371
78,2600,32,0.3204288184642792,0.7910634279251099,0.0161533672362566,0.8948080539703369,307,427
79,2633,0,0.2964472472667694,0.26620301604270935,-0.07699202746152878,0.9975533485412598,284,143
79,2633,1,0.29577621817588806,0.2530105710029602,-0.06979703158140182,0.9964566230773926,283,136
79,2633,2,0.29448774456977844,0.2524709105491638,-0.06996975094079971,0.9958016872406006,282,136
79,2633,3,0.2935276925563812,0.25199219584465027,-0.06993594765663147,0.9969623684883118,281,136
79,2633,4,0.29630568623542786,0.2529129683971405,-0.09037868678569794,0.9980126619338989,284,136
79,2633,5,0.2962017059326172,0.25223806500434875,-0.09057935327291489,0.9985855221748352,284,136
79,2633,6,0.29601410031318665,0.2515735924243927,-0.09067616611719131,0.9990794062614441,284,135
79,2633,7,0.2857571840286255,0.25350889563560486,-0.027844659984111786,0.997938334941864,274,136
79,2633,8,0.2897496223449707,0.2535710334777832,-0.11817242950201035,0.9985390305519104,278,136
79,2633,9,0.2918330729007721,0.27682849764823914,-0.056358445435762405,0.9972270727157593,280,149
79,2633,10,0.29233279824256897,0.27582159638404846,-0.08463011682033539,0.9984248280525208,280,148
79,2633,11,0.2750164866447449,0.32126909494400024,0.0369713194668293,0.9997122287750244,264,173
79,2633,12,0.26891660690307617,0.3211917579174042,-0.14846894145011902,0.999954879283905,258,173
79,2633,13,0.2744222581386566,0.42533519864082336,0.0685301348567009,0.08662509173154831,263,229
79,2633,14,0.269377201795578,0.4294808506965637,-0.18253149092197418,0.9734256863594055,258,231
79,2633,15,0.28817445039749146,0.5088310837745667,0.03702232614159584,0.11250121146440506,276,274
79,2633,16,0.28421100974082947,0.519670307636261,-0.1882164031267166,0.9279042482376099,272,280
79,2633,17,0.2907036542892456,0.5349096655845642,0.03630199655890465,0.14224979281425476,279,288
79,2633,18,0.2829602360725403,0.5484142303466797,-0.2094648778438568,0.8885202407836914,271,296
79,2633,19,0.2934531569480896,0.5316611528396606,0.016194459050893784,0.1500002145767212,281,287
79,2633,20,0.29081836342811584,0.5430122017860413,-0.20774464309215546,0.886419415473938,279,293
79,2633,21,0.29447951912879944,0.5218492150306702,0.02814204804599285,0.14313502609729767,282,281
79,2633,22,0.2925480306148529,0.534419059753418,-0.18741081655025482,0.8325633406639099,280,288
79,2633,23,0.2902878224849701,0.5076598525047302,0.05941648781299591,0.9999162554740906,278,274
79,2633,24,0.2783316671848297,0.5113138556480408,-0.05953911319375038,0.9999560117721558,267,276
79,2633,25,0.3329612612724304,0.6137813329696655,0.0789870098233223,0.4770495593547821,319,331
79,2633,26,0.28879261016845703,0.6343138813972473,-0.026978082954883575,0.8666099905967712,277,342
79,2633,27,0.28335949778556824,0.6546434760093689,0.18451522290706635,0.5437474846839905,272,353
79,2633,28,0.28647947311401367,0.7596911787986755,0.05318593978881836,0.9296116232872009,275,410
79,2633,29,0.2719287574291229,0.6545599102973938,0.19545449316501617,0.5732718110084534,261,353
79,2633,30,0.2768154442310333,0.789099395275116,0.06264588981866837,0.7870752811431885,265,426
79,2633,31,0.2736597955226898,0.7063091397285461,0.199973925948143,0.6166422367095947,262,381
79,2633,32,0.31978312134742737,0.7904406785964966,-0.004420153331011534,0.8882455825805664,306,426
80,2666,0,0.30406758189201355,0.2638770341873169,-0.06847252696752548,0.9976580739021301,291,142
80,2666,1,0.3030773401260376,0.250291109085083,-0.06152695417404175,0.9965507388114929,290,135
80,2666,2,0.30229508876800537,0.24969375133514404,-0.06169245019555092,0.9959088563919067,290,134
80,2666,3,0.30165308713912964,0.2491871863603592,-0.0616663321852684,0.9970444440841675,289,134
80,2666,4,0.3032933175563812,0.25028741359710693,-0.08116050809621811,0.9980736970901489,291,135
80,2666,5,0.30290716886520386,0.24966922402381897,-0.08134873956441879,0.9986194372177124,290,134
80,2666,6,0.30267199873924255,0.24905726313591003,-0.0814531147480011,0.9990927577018738,290,134
80,2666,7,0.29355281591415405,0.2509380578994751,-0.023714955896139145,0.9979971647262573,281,135
80,2666,8,0.2961161434650421,0.25154945254325867,-0.11485806107521057,0.9985601305961609,284,135
80,2666,9,0.3002626299858093,0.2751086354255676,-0.050255730748176575,0.997258722782135,288,148
80,2666,10,0.2999729812145233,0.2740173637866974,-0.07744341343641281,0.9984321594238281,287,147
80,2666,11,0.2781373858451843,0.31943732500076294,0.04202808067202568,0.9997220635414124,267,172
80,2666,12,0.2798558175563812,0.3213980495929718,-0.14572428166866302,0.999954104423523,268,173
80,2666,13,0.28744906187057495,0.4300246834754944,0.06952286511659622,0.08153057098388672,275,232
80,2666,14,0.28210338950157166,0.42930811643600464,-0.1794460266828537,0.9747705459594727,270,231
80,2666,15,0.2939204275608063,0.5075209140777588,0.03567449375987053,0.10500314831733704,282,274
80,2666,16,0.2969375550746918,0.5134724378585815,-0.1605595052242279,0.9298774003982544,285,277
80,2666,17,0.2940053641796112,0.5337983965873718,0.03472429886460304,0.13391976058483124,282,288
80,2666,18,0.2959149181842804,0.5398697257041931,-0.1787455976009369,0.8896870613098145,284,291
80,2666,19,0.2992454469203949,0.5315059423446655,0.01601848378777504,0.14098092913627625,287,287
80,2666,20,0.3009752929210663,0.5382350087165833,-0.1786552369594574,0.8878228068351746,288,290
80,2666,21,0.29936620593070984,0.5237598419189453,0.027559226378798485,0.13427169620990753,287,282
80,2666,22,0.301879346370697,0.5292123556137085,-0.1602167934179306,0.8334722518920898,289,285
80,2666,23,0.28955474495887756,0.4997798204421997,0.06152208894491196,0.9999145865440369,277,269
80,2666,24,0.2890928387641907,0.5057104229927063,-0.06163590028882027,0.9999549984931946,277,273
80,2666,25,0.31467097997665405,0.614405632019043,0.12597332894802094,0.449970543384552,302,331
80,2666,26,0.325540155172348,0.6131174564361572,-0.06533659994602203,0.8720210194587708,312,331
80,2666,27,0.2923874258995056,0.7187086343765259,0.19360589981079102,0.5417757034301758,280,388
80,2666,28,0.2901970446109772,0.7377978563308716,0.016413124278187752,0.9267914891242981,278,398
80,2666,29,0.2871182858943939,0.7295805811882019,0.19897706806659698,0.5701225399971008,275,393
80,2666,30,0.27770671248435974,0.7510413527488708,0.026319410651922226,0.7712427973747253,266,405
80,2666,31,0.3112073540687561,0.7449575662612915,0.18526281416416168,0.614848256111145,298,402
80,2666,32,0.318582147359848,0.7849626541137695,-0.011507276445627213,0.885137677192688,305,423
81,2700,0,0.3062242865562439,0.2640281021595001,-0.062272582203149796,0.99772709608078,293,142
81,2700,1,0.30424460768699646,0.25033918023109436,-0.05577545240521431,0.9966061115264893,292,135
81,2700,2,0.30290138721466064,0.24965800344944,-0.055932242423295975,0.9959803223609924,290,134
81,2700,3,0.30169913172721863,0.24903719127178192,-0.05590759962797165,0.9970934391021729,289,134
81,2700,4,0.30608510971069336,0.25056031346321106,-0.07592188566923141,0.998100757598877,293,135
81,2700,5,0.3060148060321808,0.2500206530094147,-0.07611121982336044,0.9986269474029541,293,135
81,2700,6,0.3063387870788574,0.24943873286247253,-0.07620208710432053,0.999087929725647,294,134
81,2700,7,0.29417216777801514,0.25130483508110046,-0.020439250394701958,0.9980336427688599,282,135
81,2700,8,0.30140385031700134,0.2518085837364197,-0.11424531042575836,0.9985494017601013,289,135
81,2700,9,0.3022996187210083,0.27493715286254883,-0.04504929482936859,0.9972409009933472,290,148
81,2700,10,0.3031051456928253,0.27413856983184814,-0.07274564355611801,0.9984114170074463,290,148
81,2700,11,0.27780643105506897,0.31606459617614746,0.046220116317272186,0.9997299909591675,266,170
81,2700,12,0.2833654582500458,0.3215598165988922,-0.14629636704921722,0.9999536275863647,272,173
81,2700,13,0.2890612781047821,0.4258109927177429,0.07101072371006012,0.07580595463514328,277,229
81,2700,14,0.2810261845588684,0.42902010679244995,-0.17702315747737885,0.9754683971405029,269,231
81,2700,15,0.29747432470321655,0.49648329615592957,0.03586999326944351,0.09747324883937836,285,268
81,2700,16,0.29581397771835327,0.5136839747428894,-0.15748709440231323,0.9320788979530334,283,277
81,2700,17,0.30431967973709106,0.5119662880897522,0.03524559363722801,0.1257123202085495,292,276
81,2700,18,0.2950563430786133,0.5402676463127136,-0.17470575869083405,0.8921993970870972,283,291
81,2700,19,0.3077169358730316,0.507743775844574,0.01776915416121483,0.13217225670814514,295,274
81,2700,20,0.3005305826663971,0.5371825098991394,-0.17413893342018127,0.8903522491455078,288,290
81,2700,21,0.3069530725479126,0.5023388862609863,0.027961136773228645,0.1257019340991974,294,271
81,2700,22,0.3014090359210968,0.5293660759925842,-0.1568906307220459,0.8354761004447937,289,285
81,2700,23,0.2889026701450348,0.4985332489013672,0.06294602900743484,0.9999092817306519,277,269
81,2700,24,0.2898591458797455,0.5058000087738037,-0.0630863606929779,0.9999524354934692,278,273
81,2700,25,0.309253990650177,0.613041877746582,0.12871615588665009,0.43560031056404114,296,331
81,2700,26,0.3175199627876282,0.6155326962471008,-0.053570620715618134,0.8755995631217957,304,332
81,2700,27,0.2964450716972351,0.7256137728691101,0.17766477167606354,0.5536227226257324,284,391
81,2700,28,0.29095083475112915,0.7408071160316467,0.010373166762292385,0.9273606538772583,279,400
81,2700,29,0.290684312582016,0.7427870035171509,0.17901059985160828,0.579871654510498,279,401
81,2700,30,0.27871468663215637,0.7612879276275635,0.016589675098657608,0.7657808661460876,267,411
81,2700,31,0.31398093700408936,0.7562258243560791,0.15793892741203308,0.6240621209144592,301,408
81,2700,32,0.31803810596466064,0.7839674949645996,-0.016542959958314896,0.8846877813339233,305,423
82,2733,0,0.3129482567310333,0.2636650502681732,-0.06381186097860336,0.9977601170539856,300,142
82,2733,1,0.3119376599788666,0.24983051419258118,-0.056744467467069626,0.9965466856956482,299,134
82,2733,2,0.3112463653087616,0.24925048649311066,-0.05688798427581787,0.9959014654159546,298,134
82,2733,3,0.31066596508026123,0.24880698323249817,-0.05684882774949074,0.997032642364502,298,134
82,2733,4,0.31195223331451416,0.2494957000017166,-0.0773395299911499,0.9981045126914978,299,134
82,2733,5,0.3112660050392151,0.24834249913692474,-0.07754702866077423,0.9986259341239929,298,134
82,2733,6,0.3107815086841583,0.2475290298461914,-0.07763216644525528,0.9990726709365845,298,133
82,2733,7,0.30365070700645447,0.2510177195072174,-0.020778825506567955,0.9980114102363586,291,135
82,2733,8,0.3032519519329071,0.24997222423553467,-0.11082302778959274,0.9985473155975342,291,134
82,2733,9,0.30861517786979675,0.27442795038223267,-0.046799853444099426,0.9970735907554626,296,148
82,2733,10,0.3082228899002075,0.27353301644325256,-0.0734381303191185,0.9983401894569397,295,147
82,2733,11,0.28606924414634705,0.3161331117153168,0.04651337489485741,0.9997117519378662,274,170
82,2733,12,0.28626367449760437,0.32061681151390076,-0.14502330124378204,0.9999475479125977,274,173
82,2733,13,0.29500478506088257,0.42084553837776184,0.07075228542089462,0.07209894061088562,283,227
82,2733,14,0.2901163399219513,0.42834463715553284,-0.1740681678056717,0.9773868322372437,278,231
82,2733,15,0.3061951994895935,0.49648725986480713,0.029643692076206207,0.09266535192728043,293,268
82,2733,16,0.30720075964927673,0.5131863951683044,-0.15299147367477417,0.9366912245750427,294,277
82,2733,17,0.3093189001083374,0.514437198638916,0.027175579220056534,0.12153758853673935,296,277
82,2733,18,0.3061519265174866,0.5389673709869385,-0.17150554060935974,0.8983535766601562,293,291
82,2733,19,0.31231677532196045,0.5082366466522217,0.009404444135725498,0.12763448059558868,299,274
82,2733,20,0.312614381313324,0.5361424684524536,-0.17228175699710846,0.8968873620033264,300,289
82,2733,21,0.3121434152126312,0.5049197673797607,0.021412650123238564,0.12125654518604279,299,272
82,2733,22,0.3130928874015808,0.5271807909011841,-0.15292711555957794,0.8446811437606812,300,284
82,2733,23,0.2964041829109192,0.49787309765815735,0.06286490708589554,0.999909520149231,284,268
82,2733,24,0.29784685373306274,0.5031297206878662,-0.06300831586122513,0.9999507665634155,285,271
82,2733,25,0.3078260123729706,0.6179426312446594,0.12690815329551697,0.4349832832813263,295,333
82,2733,26,0.3394775986671448,0.6081613898277283,-0.07488375157117844,0.8825980424880981,325,328
82,2733,27,0.2990879416465759,0.7368784546852112,0.17909856140613556,0.5811808705329895,287,397
82,2733,28,0.2966897785663605,0.6801407933235168,0.024154173210263252,0.9236146211624146,284,367
82,2733,29,0.28991618752479553,0.7632394433021545,0.18299944698810577,0.601047158241272,278,412
82,2733,30,0.28318122029304504,0.6844841241836548,0.03564193472266197,0.7583551406860352,271,369
82,2733,31,0.31602779030799866,0.7623748779296875,0.15910601615905762,0.6457608938217163,303,411
82,2733,32,0.31114399433135986,0.7259513735771179,0.02811625599861145,0.8836826682090759,298,392
83,2766,0,0.3150307536125183,0.2541932761669159,-0.06404663622379303,0.997829258441925,302,137
83,2766,1,0.3125031292438507,0.24295738339424133,-0.05756368115544319,0.9965507984161377,300,131
83,2766,2,0.31140682101249695,0.2429722547531128,-0.05771569162607193,0.9959301352500916,298,131
83,2766,3,0.31038233637809753,0.24305324256420135,-0.05768352746963501,0.9970247149467468,297,131
83,2766,4,0.3131513297557831,0.24286015331745148,-0.07618412375450134,0.9981141686439514,300,131
83,2766,5,0.3126116991043091,0.24267184734344482,-0.0763784721493721,0.998637318611145,300,131
83,2766,6,0.31217581033706665,0.24252384901046753,-0.07646476477384567,0.9990630745887756,299,130
83,2766,7,0.30145201086997986,0.24725714325904846,-0.021004220470786095,0.9980252981185913,289,133
83,2766,8,0.3037780821323395,0.24691981077194214,-0.10561135411262512,0.9985612034797668,291,133
83,2766,9,0.3103637397289276,0.26795294880867004,-0.04683002457022667,0.9969886541366577,297,144
83,2766,10,0.3104236423969269,0.26677507162094116,-0.0719013586640358,0.998292088508606,298,144
83,2766,11,0.28500816226005554,0.3155219852924347,0.04481145367026329,0.9997047781944275,273,170
83,2766,12,0.2891682982444763,0.3208143413066864,-0.1374475359916687,0.9999468326568604,277,173
83,2766,13,0.29434436559677124,0.4200311005115509,0.06633619219064713,0.06835875660181046,282,226
83,2766,14,0.2901735305786133,0.4283851385116577,-0.16238683462142944,0.9793487787246704,278,231
83,2766,15,0.30645009875297546,0.4961937665939331,0.03053504042327404,0.08547358214855194,294,267
83,2766,16,0.3097119927406311,0.5132456421852112,-0.1454770267009735,0.9418668150901794,297,277
83,2766,17,0.3100382685661316,0.5215851664543152,0.029371805489063263,0.11281834542751312,297,281
83,2766,18,0.30804768204689026,0.539627730846405,-0.1633618026971817,0.906096875667572,295,291
83,2766,19,0.3113378882408142,0.5105960965156555,0.012664783746004105,0.11824931204319,298,275
83,2766,20,0.31499069929122925,0.5363127589225769,-0.1630571186542511,0.9047520160675049,302,289
83,2766,21,0.3116647005081177,0.5082393288612366,0.02315896935760975,0.1123034805059433,299,274
83,2766,22,0.3157447278499603,0.5274053812026978,-0.1451217234134674,0.8558300733566284,303,284
83,2766,23,0.29573705792427063,0.4970409870147705,0.06115357205271721,0.999908983707428,283,268
83,2766,24,0.3007209599018097,0.5011940002441406,-0.061319489032030106,0.9999514222145081,288,270
83,2766,25,0.30240121483802795,0.6230561137199402,0.13058830797672272,0.4492587149143219,290,336
83,2766,26,0.3392268717288971,0.6075311303138733,-0.04900098964571953,0.8916873931884766,325,328
83,2766,27,0.2912595868110657,0.7507354617118835,0.1778336465358734,0.6155885457992554,279,405
83,2766,28,0.3075518310070038,0.7002506852149963,0.02893349900841713,0.9298099279403687,295,378
83,2766,29,0.2844257950782776,0.7754258513450623,0.17957527935504913,0.6329814195632935,273,418
83,2766,30,0.2966367304325104,0.7153433561325073,0.036328501999378204,0.7759348154067993,284,386
83,2766,31,0.3053223490715027,0.7614883780479431,0.1538247913122177,0.6737357378005981,293,411
83,2766,32,0.330528199672699,0.7383471727371216,0.013552962802350521,0.8923900723457336,317,398
84,2800,0,0.3181649148464203,0.255538672208786,-0.049480266869068146,0.9970948696136475,305,137
84,2800,1,0.31708040833473206,0.2440847009420395,-0.0416254885494709,0.9951398372650146,304,131
84,2800,2,0.3161777853965759,0.24403008818626404,-0.04176734387874603,0.994060218334198,303,131
84,2800,3,0.3149047791957855,0.2440423220396042,-0.0417320653796196,0.9957447052001953,302,131
84,2800,4,0.318063884973526,0.2439693808555603,-0.06116790696978569,0.997478723526001,305,131
84,2800,5,0.3174862861633301,0.2436942160129547,-0.061371516436338425,0.9981973767280579,304,131
84,2800,6,0.3174282908439636,0.24349316954612732,-0.0614798329770565,0.9988187551498413,304,131
84,2800,7,0.3081260621547699,0.24788300693035126,-0.0010089861461892724,0.9969130754470825,295,133
84,2800,8,0.311495840549469,0.24758188426494598,-0.08954637497663498,0.9981822967529297,299,133
84,2800,9,0.31400415301322937,0.26892510056495667,-0.03068050928413868,0.9960576295852661,301,145
84,2800,10,0.31410732865333557,0.26776811480522156,-0.057345304638147354,0.9978781342506409,301,144
84,2800,11,0.29466718435287476,0.3160923421382904,0.06458590179681778,0.9996606707572937,282,170
84,2800,12,0.29232749342918396,0.3209611177444458,-0.13181059062480927,0.9999477863311768,280,173
84,2800,13,0.30116766691207886,0.4201180636882782,0.09573481976985931,0.06394683569669724,289,226
84,2800,14,0.2944517731666565,0.42819949984550476,-0.16108565032482147,0.9807764291763306,282,231
84,2800,15,0.3114548325538635,0.4986478388309479,0.053954996168613434,0.07911547273397446,298,269
84,2800,16,0.31713438034057617,0.5124301910400391,-0.1516401320695877,0.9458622336387634,304,276
84,2800,17,0.3159250319004059,0.5300500392913818,0.050856076180934906,0.10508066415786743,303,286
84,2800,18,0.31739071011543274,0.5390626192092896,-0.17038334906101227,0.9117796421051025,304,291
84,2800,19,0.316150039434433,0.5182188153266907,0.03086804412305355,0.1101493313908577,303,279
84,2800,20,0.325224906206131,0.5361291170120239,-0.1703052520751953,0.9104489684104919,312,289
84,2800,21,0.31715017557144165,0.5112020373344421,0.04464666172862053,0.10455616563558578,304,276
84,2800,22,0.3255474865436554,0.5269009470939636,-0.1513257622718811,0.8628858327865601,312,284
84,2800,23,0.30760255455970764,0.4975793957710266,0.0611761137843132,0.9999057650566101,295,268
84,2800,24,0.30282846093177795,0.5016331076622009,-0.06133197247982025,0.9999516010284424,290,270
84,2800,25,0.32468175888061523,0.6245980858802795,0.08290407806634903,0.42383646965026855,311,337
84,2800,26,0.32669511437416077,0.6178473830223083,-0.049116335809230804,0.8826341032981873,313,333
84,2800,27,0.3068094551563263,0.7499779462814331,0.12661482393741608,0.5974550843238831,294,404
84,2800,28,0.31150659918785095,0.749198317527771,-0.008263794705271721,0.9264370799064636,299,404
84,2800,29,0.29486972093582153,0.7769020795822144,0.12746520340442657,0.6142246723175049,283,419
84,2800,30,0.30241620540618896,0.7725656032562256,-0.006747550796717405,0.7639419436454773,290,417
84,2800,31,0.31687209010124207,0.7767235040664673,0.08371590822935104,0.6603376865386963,304,419
84,2800,32,0.3282265365123749,0.7637384533882141,-0.06243245676159859,0.8870253562927246,315,412
85,2833,0,0.32061508297920227,0.25613459944725037,-0.053776465356349945,0.9962484836578369,307,138
85,2833,1,0.31910091638565063,0.24440903961658478,-0.04729664698243141,0.9935382008552551,306,131
85,2833,2,0.3180103898048401,0.24427591264247894,-0.04745380952954292,0.991933286190033,305,131
85,2833,3,0.3168652355670929,0.24423539638519287,-0.04742074012756348,0.994251549243927,304,131
85,2833,4,0.32022348046302795,0.2445683479309082,-0.06576348096132278,0.9965581893920898,307,132
85,2833,5,0.3195053040981293,0.24451597034931183,-0.06596434861421585,0.9974979162216187,306,132
85,2833,6,0.319387823343277,0.2444169819355011,-0.06606786698102951,0.9984102249145508,306,131
85,2833,7,0.30882877111434937,0.24793823063373566,-0.006860711611807346,0.9955549240112305,296,133
85,2833,8,0.312948614358902,0.24885013699531555,-0.09323029220104218,0.9974232912063599,300,134
85,2833,9,0.3157065808773041,0.26922520995140076,-0.03576724976301193,0.9944237470626831,303,145
85,2833,10,0.31614652276039124,0.2684991955757141,-0.0611085444688797,0.9970820546150208,303,144
85,2833,11,0.29697221517562866,0.31634005904197693,0.05591094493865967,0.9996386170387268,285,170
85,2833,12,0.2937261462211609,0.3210426867008209,-0.1312543749809265,0.999948263168335,281,173
85,2833,13,0.3026624917984009,0.42230233550071716,0.09054183214902878,0.05864715203642845,290,228
85,2833,14,0.2939857542514801,0.4279879033565521,-0.15695948898792267,0.9819249510765076,282,231
85,2833,15,0.31280460953712463,0.49870210886001587,0.0499965138733387,0.07194279134273529,300,269
85,2833,16,0.3169132471084595,0.5112425684928894,-0.1437472701072693,0.9482138752937317,304,276
85,2833,17,0.3145664632320404,0.5298345685005188,0.04809199273586273,0.09582403302192688,301,286
85,2833,18,0.3171849250793457,0.5382179617881775,-0.161056786775589,0.9142640233039856,304,290
85,2833,19,0.3181666135787964,0.5212176442146301,0.029353171586990356,0.10040012747049332,305,281
85,2833,20,0.3245502710342407,0.5358886122703552,-0.1603972315788269,0.9128865003585815,311,289
85,2833,21,0.31882163882255554,0.5114291906356812,0.041483063250780106,0.09526900202035904,306,276
85,2833,22,0.32473787665367126,0.5267152786254883,-0.14311209321022034,0.8645533323287964,311,284
85,2833,23,0.3127727508544922,0.5022194385528564,0.05731642246246338,0.9999068379402161,300,271
85,2833,24,0.3023243546485901,0.5037459135055542,-0.05747022107243538,0.9999527931213379,290,272
85,2833,25,0.3445684015750885,0.6114418506622314,0.06893476098775864,0.40245723724365234,330,330
85,2833,26,0.3030948042869568,0.629472017288208,-0.02023644559085369,0.8691417574882507,290,339
85,2833,27,0.33692851662635803,0.7410416603088379,0.11004377156496048,0.5908618569374084,323,400
85,2833,28,0.2972831726074219,0.759024441242218,0.0015472258673980832,0.9237077832221985,285,409
85,2833,29,0.32844170928001404,0.7646825909614563,0.11075016856193542,0.6056967973709106,315,412
85,2833,30,0.2908981144428253,0.7833226919174194,-0.003220365848392248,0.7493219375610352,279,422
85,2833,31,0.35381683707237244,0.773960292339325,0.06804782897233963,0.6553893685340881,339,417
85,2833,32,0.3273172378540039,0.7818291187286377,-0.042457643896341324,0.8823806047439575,314,422
86,2866,0,0.32523205876350403,0.2597642242908478,-0.05724788084626198,0.9953917264938354,312,140
86,2866,1,0.32427486777305603,0.2470371127128601,-0.05055573210120201,0.991673469543457,311,133
86,2866,2,0.3228927552700043,0.2464587390422821,-0.05071641132235527,0.9897857904434204,309,133
86,2866,3,0.32171759009361267,0.24598993360996246,-0.0506843701004982,0.9926372766494751,308,132
86,2866,4,0.32624536752700806,0.24768385291099548,-0.06875953078269958,0.9955391883850098,313,133
86,2866,5,0.32609981298446655,0.24763889610767365,-0.06896040588617325,0.9967767596244812,313,133
86,2866,6,0.3264940679073334,0.24744316935539246,-0.06906117498874664,0.9979261159896851,313,133
86,2866,7,0.3152105510234833,0.24936600029468536,-0.007111759390681982,0.9945785403251648,302,134
86,2866,8,0.3219352662563324,0.2522013187408447,-0.10201708227396011,0.9967508316040039,309,136
86,2866,9,0.3214693069458008,0.2719660997390747,-0.03878509998321533,0.9933732748031616,308,146
86,2866,10,0.32222697138786316,0.271572470664978,-0.06340757757425308,0.9965064525604248,309,146
86,2866,11,0.30297547578811646,0.3170711398124695,0.0539056695997715,0.9996208548545837,290,171
86,2866,12,0.30239951610565186,0.32317301630973816,-0.14733931422233582,0.9999462962150574,290,174
86,2866,13,0.30832818150520325,0.42253923416137695,0.08657743036746979,0.05462969094514847,295,228
86,2866,14,0.3049335777759552,0.42814189195632935,-0.17696444690227509,0.9826233983039856,292,231
86,2866,15,0.3179035186767578,0.49951601028442383,0.04950190335512161,0.06563211232423782,305,269
86,2866,16,0.32677337527275085,0.5114975571632385,-0.16066662967205048,0.9459035992622375,313,276
86,2866,17,0.32007473707199097,0.5297020673751831,0.048413220793008804,0.08774624764919281,307,286
86,2866,18,0.32825949788093567,0.5382248759269714,-0.1814899444580078,0.9082015156745911,315,290
86,2866,19,0.32333651185035706,0.5235347747802734,0.02970924787223339,0.09191817790269852,310,282
86,2866,20,0.3347971737384796,0.535887598991394,-0.17920435965061188,0.9067744612693787,321,289
86,2866,21,0.3231586813926697,0.5130783915519714,0.04114145413041115,0.08721402287483215,310,277
86,2866,22,0.3345504105091095,0.5269505977630615,-0.15951791405677795,0.8531213402748108,321,284
86,2866,23,0.31215474009513855,0.5039275884628296,0.06323651224374771,0.9998951554298401,299,272
86,2866,24,0.3101324737071991,0.508053719997406,-0.06336171925067902,0.9999483227729797,297,274
86,2866,25,0.3453079164028168,0.6114941835403442,0.13326424360275269,0.3889922499656677,331,330
86,2866,26,0.32726970314979553,0.6305838227272034,-0.02538478560745716,0.8735309839248657,314,340
86,2866,27,0.3525172472000122,0.7398731112480164,0.19572600722312927,0.602020263671875,338,399
86,2866,28,0.29556453227996826,0.7592805027961731,0.023268304765224457,0.9268867373466492,283,410
86,2866,29,0.3403002619743347,0.7659972310066223,0.1976170390844345,0.6094987392425537,326,413
86,2866,30,0.2858119308948517,0.7859902381896973,0.024176064878702164,0.7466320991516113,274,424
86,2866,31,0.359610915184021,0.7699626684188843,0.147080659866333,0.6637155413627625,345,415
86,2866,32,0.3255713880062103,0.7866749167442322,-0.039932023733854294,0.8854663372039795,312,424
87,2900,0,0.3258126974105835,0.26102566719055176,-0.05796751752495766,0.9945456981658936,312,140
87,2900,1,0.32440102100372314,0.24886426329612732,-0.05138430371880531,0.9895788431167603,311,134
87,2900,2,0.32292473316192627,0.2480027675628662,-0.0515376515686512,0.9873416423797607,310,133
87,2900,3,0.3215193748474121,0.2472328394651413,-0.051503490656614304,0.9907484650611877,308,133
87,2900,4,0.32726573944091797,0.2506299912929535,-0.07049120962619781,0.994541585445404,314,135
87,2900,5,0.3278396427631378,0.2507537603378296,-0.07068965584039688,0.9960700869560242,314,135
87,2900,6,0.3285444974899292,0.250276118516922,-0.07079259306192398,0.9974880218505859,315,135
87,2900,7,0.3147335946559906,0.24989983439445496,-0.009419873356819153,0.9934176802635193,302,134
87,2900,8,0.3221971094608307,0.2552756071090698,-0.10567652434110641,0.996252715587616,309,137
87,2900,9,0.32212117314338684,0.272353857755661,-0.039948757737874985,0.9923083782196045,309,147
87,2900,10,0.32363393902778625,0.2725609540939331,-0.06543544679880142,0.9960589408874512,310,147
87,2900,11,0.3017909824848175,0.31720083951950073,0.052781060338020325,0.9996007680892944,289,171
87,2900,12,0.3049260079860687,0.32367533445358276,-0.15161533653736115,0.9999468326568604,292,174
87,2900,13,0.3064800798892975,0.4298346936702728,0.08487825840711594,0.05058349668979645,294,232
87,2900,14,0.3038114309310913,0.4281744360923767,-0.1794217973947525,0.9838401079177856,291,231
87,2900,15,0.3182127773761749,0.5015116333961487,0.04808669164776802,0.05981789529323578,305,270
87,2900,16,0.3294317126274109,0.5115767121315002,-0.1612730473279953,0.9495009779930115,316,276
87,2900,17,0.3195701241493225,0.5301920771598816,0.047322336584329605,0.08031798154115677,306,286
87,2900,18,0.3311004042625427,0.538375735282898,-0.1824137568473816,0.91329026222229,317,290
87,2900,19,0.3248629570007324,0.5263476967811584,0.02831985242664814,0.08410424739122391,311,284
87,2900,20,0.3380027413368225,0.5361707806587219,-0.17933548986911774,0.9118442535400391,324,289
87,2900,21,0.3251532018184662,0.5206559896469116,0.03963081166148186,0.07983622699975967,312,281
87,2900,22,0.33739206194877625,0.5271467566490173,-0.15976296365261078,0.859317421913147,323,284
87,2900,23,0.31077003479003906,0.5040073394775391,0.06474201381206512,0.9998818039894104,298,272
87,2900,24,0.31257638335227966,0.5091760158538818,-0.06485811620950699,0.9999455809593201,300,274
87,2900,25,0.3422662019729614,0.6103312373161316,0.14510032534599304,0.3738354444503784,328,329
87,2900,26,0.3418888747692108,0.6215744018554688,-0.026453537866473198,0.878061056137085,328,335
87,2900,27,0.33966144919395447,0.740185022354126,0.21432743966579437,0.6091705560684204,326,399
87,2900,28,0.2947833836078644,0.7598679661750793,0.035391852259635925,0.9296993017196655,282,410
87,2900,29,0.3350982666015625,0.7622143030166626,0.21738769114017487,0.6112431287765503,321,411
87,2900,30,0.29417017102241516,0.7859038710594177,0.03933746740221977,0.7459086775779724,282,424
87,2900,31,0.3508390188217163,0.7679300308227539,0.17835929989814758,0.667275607585907,336,414
87,2900,32,0.3247099220752716,0.7882003784179688,-0.013077565468847752,0.8877466320991516,311,425
88,2933,0,0.3337559700012207,0.26534339785575867,-0.05845612287521362,0.993721067905426,320,143
88,2933,1,0.3325382471084595,0.2520039677619934,-0.05126814916729927,0.9881124496459961,319,136
88,2933,2,0.331356406211853,0.25109586119651794,-0.05143082141876221,0.9853570461273193,318,135
88,2933,3,0.3301635980606079,0.2502957880496979,-0.051391132175922394,0.9890707731246948,316,135
88,2933,4,0.3341933786869049,0.2530996799468994,-0.0702681615948677,0.9938520193099976,320,136
88,2933,5,0.33428719639778137,0.2530500292778015,-0.0704687312245369,0.9956262707710266,320,136
88,2933,6,0.334470272064209,0.25268006324768066,-0.07058478891849518,0.9972285032272339,321,136
88,2933,7,0.32263410091400146,0.25314605236053467,-0.010031762532889843,0.9920599460601807,309,136
88,2933,8,0.32775312662124634,0.25777167081832886,-0.10023380815982819,0.9958364367485046,314,139
88,2933,9,0.32937926054000854,0.2763108015060425,-0.0401836596429348,0.9912373423576355,316,149
88,2933,10,0.33020493388175964,0.2764129936695099,-0.06598462164402008,0.9956231713294983,316,149
88,2933,11,0.31173691153526306,0.32039785385131836,0.052165523171424866,0.9995501041412354,299,173
88,2933,12,0.3114515542984009,0.32644525170326233,-0.14767394959926605,0.9999459385871887,298,176
88,2933,13,0.31471094489097595,0.4294133484363556,0.08512644469738007,0.0476972796022892,302,231
88,2933,14,0.31927353143692017,0.42874646186828613,-0.17538850009441376,0.9847859144210815,306,231
88,2933,15,0.3247707486152649,0.501594603061676,0.05111144483089447,0.05510755255818367,311,270
88,2933,16,0.33852437138557434,0.5113270878791809,-0.15857942402362823,0.9522926211357117,324,276
88,2933,17,0.32512691617012024,0.528988778591156,0.05071572959423065,0.07438226044178009,312,285
88,2933,18,0.3408157527446747,0.535885214805603,-0.17983213067054749,0.9168169498443604,327,289
88,2933,19,0.3273748457431793,0.5263522863388062,0.031215190887451172,0.07790005952119827,314,284
88,2933,20,0.3468462824821472,0.535467267036438,-0.17691762745380402,0.9154534339904785,332,289
88,2933,21,0.3288339376449585,0.5210533738136292,0.04253895953297615,0.07395107299089432,315,281
88,2933,22,0.3459394574165344,0.5257408022880554,-0.15727731585502625,0.8635674118995667,332,283
88,2933,23,0.329500287771225,0.5132954120635986,0.06280534714460373,0.9998776912689209,316,277
88,2933,24,0.315237432718277,0.5145620107650757,-0.06291577219963074,0.9999451637268066,302,277
88,2933,25,0.3587699234485626,0.6110877990722656,0.13583411276340485,0.3605791926383972,344,329
88,2933,26,0.3103239834308624,0.6287517547607422,-0.01785994879901409,0.8786033391952515,297,339
88,2933,27,0.37333306670188904,0.7334891557693481,0.20238205790519714,0.6020423173904419,358,396
88,2933,28,0.29223060607910156,0.7606369853019714,0.032021306455135345,0.9316810965538025,280,410
88,2933,29,0.36568012833595276,0.7474461197853088,0.20637674629688263,0.5964793562889099,351,403
88,2933,30,0.28632351756095886,0.7875917553901672,0.035213664174079895,0.7384677529335022,274,425
88,2933,31,0.3854822814464569,0.7543261051177979,0.16393470764160156,0.6611559987068176,370,407
88,2933,32,0.31953996419906616,0.7905731201171875,-0.025774365290999413,0.8894996047019958,306,426
89,2966,0,0.3373236060142517,0.26648110151290894,-0.05421720817685127,0.9936182498931885,323,143
89,2966,1,0.33564454317092896,0.2546039819717407,-0.04782691225409508,0.987939715385437,322,137
89,2966,2,0.3344184458255768,0.2537355422973633,-0.04799257963895798,0.9851007461547852,321,137
89,2966,3,0.33277997374534607,0.2528940737247467,-0.04795434698462486,0.988889217376709,319,136
89,2966,4,0.3372611701488495,0.2554386556148529,-0.06674165278673172,0.9936668872833252,323,137
89,2966,5,0.3370184898376465,0.2552558183670044,-0.06693065911531448,0.9954591989517212,323,137
89,2966,6,0.3370809257030487,0.25485530495643616,-0.0670296847820282,0.9971150755882263,323,137
89,2966,7,0.3245355188846588,0.2545749843120575,-0.010946852155029774,0.9919378161430359,311,137
89,2966,8,0.3306852877140045,0.25860583782196045,-0.09910978376865387,0.9956424832344055,317,139
89,2966,9,0.332694411277771,0.27734115719795227,-0.037339095026254654,0.9910069108009338,319,149
89,2966,10,0.3338174521923065,0.2773580253124237,-0.0633007138967514,0.9954625368118286,320,149
89,2966,11,0.3105612099170685,0.3214920461177826,0.05070554465055466,0.9995483756065369,298,173
89,2966,12,0.31313908100128174,0.3275001645088196,-0.14407820999622345,0.9999445676803589,300,176
89,2966,13,0.3157361149787903,0.4266135096549988,0.08410783857107162,0.04436982050538063,303,230
89,2966,14,0.3165648877620697,0.42876136302948,-0.16714085638523102,0.9850188493728638,303,231
89,2966,15,0.3273869752883911,0.49978283047676086,0.05414818972349167,0.050782568752765656,314,269
89,2966,16,0.3389056622982025,0.5101678371429443,-0.13981691002845764,0.9510028958320618,325,275
89,2966,17,0.3310856223106384,0.5290641188621521,0.054885122925043106,0.06895686686038971,317,285
89,2966,18,0.3408137857913971,0.5351296663284302,-0.15648411214351654,0.9132464528083801,327,288
89,2966,19,0.33306294679641724,0.5263802409172058,0.036958929151296616,0.07217258214950562,319,284
89,2966,20,0.3475014567375183,0.5351405739784241,-0.1541159301996231,0.9118602275848389,333,288
89,2966,21,0.3327498137950897,0.5209802985191345,0.046367112547159195,0.06844577938318253,319,281
89,2966,22,0.34679681062698364,0.524721622467041,-0.13832791149616241,0.8569332957267761,332,283
89,2966,23,0.328514963388443,0.5135133266448975,0.06167237088084221,0.9998688697814941,315,277
89,2966,24,0.3172281086444855,0.5155278444290161,-0.06180639564990997,0.9999410510063171,304,278
89,2966,25,0.3609696328639984,0.6115129590034485,0.1286308765411377,0.3416861295700073,346,330
89,2966,26,0.30572548508644104,0.6319576501846313,-0.008266263641417027,0.871360719203949,293,341
89,2966,27,0.37456974387168884,0.7258039116859436,0.19614212214946747,0.5905213356018066,359,391
89,2966,28,0.2901803255081177,0.7606697082519531,0.036009714007377625,0.9306932091712952,278,410
89,2966,29,0.37196484208106995,0.7382832765579224,0.19968420267105103,0.5838239789009094,357,398
89,2966,30,0.2832332253456116,0.7873731255531311,0.03819049149751663,0.7242304682731628,271,425
89,2966,31,0.3907459080219269,0.7455303072929382,0.15968403220176697,0.6532252430915833,375,402
89,2966,32,0.3196101188659668,0.7912992835044861,-0.020650556311011314,0.8874141573905945,306,427
90,3000,0,0.3446464240550995,0.26789405941963196,-0.05651314556598663,0.9940907955169678,330,144
90,3000,1,0.3432742655277252,0.2555868327617645,-0.05075226351618767,0.9888266921043396,329,138
90,3000,2,0.3424678444862366,0.25484031438827515,-0.05091746523976326,0.9861842393875122,328,137
90,3000,3,0.3416209816932678,0.254159539937973,-0.05086814612150192,0.9897016286849976,327,137
90,3000,4,0.34399929642677307,0.25618672370910645,-0.06866621226072311,0.9941210746765137,330,138
90,3000,5,0.343820720911026,0.2559182047843933,-0.06885816901922226,0.9957758784294128,330,138
90,3000,6,0.3438015282154083,0.255495548248291,-0.06895777583122253,0.9973097443580627,330,137
90,3000,7,0.3336746394634247,0.25622764229774475,-0.016725467517971992,0.992499828338623,320,138
90,3000,8,0.3375638425350189,0.2592355012893677,-0.10083353519439697,0.9959084391593933,324,139
90,3000,9,0.3410538136959076,0.27943405508995056,-0.040816329419612885,0.9916096925735474,327,150
90,3000,10,0.34139031171798706,0.2790296971797943,-0.06582587957382202,0.9957457780838013,327,150
90,3000,11,0.32257258892059326,0.3251989781856537,0.044876303523778915,0.9995688199996948,309,175
90,3000,12,0.3207308351993561,0.330209344625473,-0.14449460804462433,0.9999463558197021,307,178
90,3000,13,0.3243316411972046,0.43184542655944824,0.08031288534402847,0.042137183248996735,311,233
90,3000,14,0.3272925913333893,0.4313561022281647,-0.16961029171943665,0.9856558442115784,314,232
90,3000,15,0.33711913228034973,0.5026121139526367,0.053115952759981155,0.04733844846487045,323,271
90,3000,16,0.3485364615917206,0.5105106234550476,-0.14552639424800873,0.9475958943367004,334,275
90,3000,17,0.3380790650844574,0.5296598076820374,0.05383704602718353,0.06455375999212265,324,286
90,3000,18,0.3513093590736389,0.5362154841423035,-0.1621711254119873,0.9048483371734619,337,289
90,3000,19,0.3425081968307495,0.526572585105896,0.03589532524347305,0.06758131086826324,328,284
90,3000,20,0.35751745104789734,0.5366948246955872,-0.16027183830738068,0.9035832285881042,343,289
90,3000,21,0.34273242950439453,0.5209345817565918,0.04542778432369232,0.06391604989767075,329,281
90,3000,22,0.3565419316291809,0.5256670713424683,-0.1448693871498108,0.8427085280418396,342,283
90,3000,23,0.3346385657787323,0.5151047110557556,0.06162252277135849,0.9998691082000732,321,278
90,3000,24,0.32449787855148315,0.5160245299339294,-0.0617559440433979,0.9999408721923828,311,278
90,3000,25,0.36536651849746704,0.6168429851531982,0.12569628655910492,0.3349655270576477,350,333
90,3000,26,0.3074818551540375,0.6318480968475342,-0.019930075854063034,0.8783232569694519,295,341
90,3000,27,0.39497169852256775,0.7289349436759949,0.18858981132507324,0.6042912602424622,379,393
90,3000,28,0.28898805379867554,0.7620710134506226,0.008919085375964642,0.934262216091156,277,411
90,3000,29,0.3945903182029724,0.7477896809577942,0.1893000453710556,0.5922671556472778,378,403
90,3000,30,0.2812880873680115,0.7880592346191406,0.009400982409715652,0.7224347591400146,270,425
90,3000,31,0.4151543974876404,0.743864893913269,0.13499531149864197,0.6694856882095337,398,401
90,3000,32,0.31865057349205017,0.7924920916557312,-0.05702584609389305,0.8934354186058044,305,427
91,3033,0,0.3433127999305725,0.26965251564979553,-0.056861139833927155,0.9945248365402222,329,145
91,3033,1,0.34228986501693726,0.25763797760009766,-0.05061580613255501,0.9896585941314697,328,139
91,3033,2,0.34140852093696594,0.2569851279258728,-0.05077698454260826,0.9872051477432251,327,138
91,3033,3,0.34060144424438477,0.2563961148262024,-0.0507294200360775,0.9904631972312927,326,138
91,3033,4,0.34355971217155457,0.2578217387199402,-0.06853172928094864,0.994540274143219,329,139
91,3033,5,0.34295445680618286,0.25774550437927246,-0.06872496008872986,0.996068000793457,329,139
91,3033,6,0.34310829639434814,0.2574930787086487,-0.06882525235414505,0.9974870681762695,329,139
91,3033,7,0.332873672246933,0.2588420510292053,-0.014971336349844933,0.9930455088615417,319,139
91,3033,8,0.3372327983379364,0.262104332447052,-0.09719574451446533,0.9961639046669006,323,141
91,3033,9,0.33967825770378113,0.2809915244579315,-0.040333133190870285,0.9921403527259827,326,151
91,3033,10,0.34036093950271606,0.28098613023757935,-0.0652390643954277,0.9959787726402283,326,151
91,3033,11,0.32397955656051636,0.327457994222641,0.0475422665476799,0.9995822310447693,311,176
91,3033,12,0.3201408386230469,0.3314642310142517,-0.1410679966211319,0.9999468922615051,307,178
91,3033,13,0.3260872960090637,0.4322102665901184,0.08241324126720428,0.0395432710647583,313,233
91,3033,14,0.32537391781806946,0.4340209364891052,-0.16627384722232819,0.9859699606895447,312,234
91,3033,15,0.33744314312934875,0.5055954456329346,0.05579870939254761,0.043567076325416565,323,273
91,3033,16,0.34931883215904236,0.5109262466430664,-0.1434081643819809,0.9391431212425232,335,275
91,3033,17,0.3386983871459961,0.5310486555099487,0.056520894169807434,0.059696782380342484,325,286
91,3033,18,0.3517693877220154,0.5363133549690247,-0.16091196238994598,0.8898420333862305,337,289
91,3033,19,0.34119686484336853,0.5274144411087036,0.038903407752513885,0.0624864287674427,327,284
91,3033,20,0.3583809733390808,0.5371955633163452,-0.15855374932289124,0.8883362412452698,344,290
91,3033,21,0.3422184884548187,0.524700939655304,0.048280950635671616,0.05903619900345802,328,283
91,3033,22,0.3568029999732971,0.5259960293769836,-0.14230626821517944,0.8202155232429504,342,284
91,3033,23,0.33630844950675964,0.5144432187080383,0.06173510104417801,0.9998713731765747,322,277
91,3033,24,0.3243657648563385,0.5158865451812744,-0.06186056137084961,0.9999415874481201,311,278
91,3033,25,0.36547473073005676,0.617557942867279,0.11867202073335648,0.33410975337028503,350,333
91,3033,26,0.3083989918231964,0.6314656734466553,-0.03282579407095909,0.8866147398948669,296,340
91,3033,27,0.3967166841030121,0.7300228476524353,0.16702976822853088,0.6220411658287048,380,394
91,3033,28,0.28853556513786316,0.7626112699508667,-0.013833659701049328,0.9386954307556152,276,411
91,3033,29,0.3950672447681427,0.751523494720459,0.1672811061143875,0.6053793430328369,379,405
91,3033,30,0.2802114188671112,0.7877794504165649,-0.014383024536073208,0.728316605091095,269,425
91,3033,31,0.4167197644710541,0.7446821331977844,0.11331816762685776,0.6884598731994629,400,402
91,3033,32,0.318629652261734,0.794215738773346,-0.08142462372779846,0.9006627202033997,305,428
92,3066,0,0.3546833097934723,0.27249211072921753,-0.05317667871713638,0.9949069023132324,340,147
92,3066,1,0.35308969020843506,0.260562002658844,-0.04633135348558426,0.9903500080108643,338,140
92,3066,2,0.352138876914978,0.25985366106033325,-0.046483807265758514,0.9880288243293762,338,140
92,3066,3,0.3510725200176239,0.25923094153404236,-0.046424031257629395,0.9910714626312256,337,139
92,3066,4,0.35344332456588745,0.26101717352867126,-0.06592675298452377,0.99491947889328,339,140
92,3066,5,0.35281723737716675,0.2607938051223755,-0.06611617654561996,0.9963408708572388,338,140
92,3066,6,0.35233333706855774,0.2604633867740631,-0.06620819866657257,0.9976585507392883,338,140
92,3066,7,0.3422016501426697,0.2624874413013458,-0.009126156568527222,0.9934377074241638,328,141
92,3066,8,0.345532089471817,0.26464542746543884,-0.09768915921449661,0.996414065361023,331,142
92,3066,9,0.3494636118412018,0.28483569622039795,-0.03570206090807915,0.9926009178161621,335,153
92,3066,10,0.3498682379722595,0.2845837473869324,-0.0628444105386734,0.9962232112884521,335,153
92,3066,11,0.3295983076095581,0.331000417470932,0.05642043799161911,0.9995791912078857,316,178
92,3066,12,0.3288809359073639,0.3355991542339325,-0.14176775515079498,0.9999483823776245,315,181
92,3066,13,0.3333444595336914,0.43662601709365845,0.08800458163022995,0.036580950021743774,320,235
92,3066,14,0.3383128046989441,0.43766656517982483,-0.16518566012382507,0.9868713021278381,324,236
92,3066,15,0.3461184799671173,0.5116187930107117,0.054941486567258835,0.039819639176130295,332,276
92,3066,16,0.3606167137622833,0.5147741436958313,-0.13735660910606384,0.9399281144142151,346,277
92,3066,17,0.3452676832675934,0.5337557792663574,0.05496981367468834,0.054785557091236115,331,288
92,3066,18,0.36378854513168335,0.5399106740951538,-0.15525172650814056,0.8892480134963989,349,291
92,3066,19,0.35079678893089294,0.5316979289054871,0.037198711186647415,0.05733707174658775,336,287
92,3066,20,0.3694407641887665,0.5394171476364136,-0.15321657061576843,0.8876933455467224,354,291
92,3066,21,0.3499196469783783,0.5299551486968994,0.04716109484434128,0.05411561205983162,335,286
92,3066,22,0.36807680130004883,0.5293075442314148,-0.13607802987098694,0.8160083889961243,353,285
92,3066,23,0.3444763422012329,0.5200095772743225,0.06293018162250519,0.9998714923858643,330,280
92,3066,24,0.3334766626358032,0.5187857747077942,-0.06305499374866486,0.9999422430992126,320,280
92,3066,25,0.37654754519462585,0.6251588463783264,0.11665970832109451,0.33567142486572266,361,337
92,3066,26,0.3085363507270813,0.6373986601829529,-0.02556803822517395,0.8931822776794434,296,344
92,3066,27,0.4090448021888733,0.7393929958343506,0.17028947174549103,0.6429914236068726,392,399
92,3066,28,0.28856465220451355,0.7636224627494812,0.023874269798398018,0.9426493048667908,277,412
92,3066,29,0.4103892147541046,0.7668787240982056,0.1716328263282776,0.6256194710731506,393,414
92,3066,30,0.28001976013183594,0.7878661155700684,0.02600029669702053,0.733066976070404,268,425
92,3066,31,0.4360164701938629,0.742136538028717,0.12170000374317169,0.7083472013473511,418,400
92,3066,32,0.31835153698921204,0.7952446937561035,-0.04973022639751434,0.9066722393035889,305,429
93,3100,0,0.3522689640522003,0.27446913719177246,-0.05079629644751549,0.995324432849884,338,148
93,3100,1,0.35080280900001526,0.2631820738315582,-0.044382285326719284,0.9911149740219116,336,142
93,3100,2,0.3494529128074646,0.2623831033706665,-0.044532738626003265,0.9889650940895081,335,141
93,3100,3,0.3481278419494629,0.262106716632843,-0.0444730743765831,0.9917686581611633,334,141
93,3100,4,0.3528766930103302,0.26355254650115967,-0.06399224698543549,0.9953209161758423,338,142
93,3100,5,0.35317230224609375,0.2635333836078644,-0.06418369710445404,0.9966269731521606,339,142
93,3100,6,0.3536362946033478,0.2634454369544983,-0.0642726868391037,0.9978366494178772,339,142
93,3100,7,0.34000328183174133,0.265186071395874,-0.00895038340240717,0.9939324855804443,326,143
93,3100,8,0.3471578359603882,0.2689303457736969,-0.09783891588449478,0.9966820478439331,333,145
93,3100,9,0.34802010655403137,0.2862345278263092,-0.03393872082233429,0.9931559562683105,334,154
93,3100,10,0.3496931493282318,0.28638342022895813,-0.06108785793185234,0.996496856212616,335,154
93,3100,11,0.3311256170272827,0.3333401679992676,0.056579332798719406,0.9996011853218079,317,180
93,3100,12,0.33044952154159546,0.33854246139526367,-0.14371520280838013,0.9999512434005737,317,182
93,3100,13,0.3358849287033081,0.4373314678668976,0.08935286104679108,0.03461109474301338,322,236
93,3100,14,0.3368733823299408,0.44124719500541687,-0.16944755613803864,0.9877344965934753,323,238
93,3100,15,0.3481309115886688,0.5117493867874146,0.05845438316464424,0.037153780460357666,334,276
93,3100,16,0.3612089157104492,0.5168166160583496,-0.1410987377166748,0.9409475326538086,346,279
93,3100,17,0.3508484959602356,0.533689558506012,0.05899761617183685,0.051476795226335526,336,288
93,3100,18,0.3645433187484741,0.5435194969177246,-0.15956386923789978,0.889377772808075,349,293
93,3100,19,0.3539794683456421,0.5322061777114868,0.04092319309711456,0.053841471672058105,339,287
93,3100,20,0.37077242136001587,0.542754054069519,-0.15799549221992493,0.8875942826271057,355,293
93,3100,21,0.35403528809547424,0.5296949148178101,0.05054398253560066,0.050702158361673355,339,286
93,3100,22,0.36981433629989624,0.5315661430358887,-0.14029020071029663,0.8135765790939331,355,287
93,3100,23,0.34610310196876526,0.5214247107505798,0.0637640506029129,0.9998779296875,332,281
93,3100,24,0.335204541683197,0.5207327008247375,-0.063884437084198,0.9999448657035828,321,281
93,3100,25,0.3760584592819214,0.6273995041847229,0.11454406380653381,0.3570467233657837,361,338
93,3100,26,0.311447411775589,0.6369187235832214,-0.025972826406359673,0.9013067483901978,298,343
93,3100,27,0.4104614853858948,0.7420451045036316,0.16681890189647675,0.6705507040023804,394,400
93,3100,28,0.288669615983963,0.7630923986434937,0.01488533616065979,0.9470822215080261,277,412
93,3100,29,0.4097289741039276,0.7683719396591187,0.16769081354141235,0.651600182056427,393,414
93,3100,30,0.2795605957508087,0.7875690460205078,0.01585524156689644,0.7437725067138672,268,425
93,3100,31,0.43451976776123047,0.7417966723442078,0.11467541754245758,0.7316892743110657,417,400
93,3100,32,0.3183223605155945,0.7969157695770264,-0.05322256311774254,0.9137808084487915,305,430
94,3133,0,0.36077773571014404,0.27609777450561523,-0.04320530593395233,0.9956955313682556,346,149
94,3133,1,0.3594980537891388,0.2642684280872345,-0.036958809942007065,0.9918172955513,345,142
94,3133,2,0.3580091893672943,0.2634969651699066,-0.0371081680059433,0.9898180961608887,343,142
94,3133,3,0.3569405972957611,0.2630659341812134,-0.037042081356048584,0.992408812046051,342,142
94,3133,4,0.36087560653686523,0.2647598385810852,-0.05613253265619278,0.9956826567649841,346,142
94,3133,5,0.36097049713134766,0.26457032561302185,-0.05632225424051285,0.9968811869621277,346,142
94,3133,6,0.3606985807418823,0.2643948197364807,-0.05640939623117447,0.9979923367500305,346,142
94,3133,7,0.34990087151527405,0.26603320240974426,-0.0036176901776343584,0.9943831562995911,335,143
94,3133,8,0.3561931252479553,0.26936325430870056,-0.0910644605755806,0.9969085454940796,341,145
94,3133,9,0.35711345076560974,0.2871881127357483,-0.02711496129631996,0.9936175346374512,342,155
94,3133,10,0.35804107785224915,0.2870720326900482,-0.05366518720984459,0.9967079758644104,343,155
94,3133,11,0.33816155791282654,0.3347177505493164,0.05957462266087532,0.9996208548545837,324,180
94,3133,12,0.3403981924057007,0.33834418654441833,-0.13884130120277405,0.9999527931213379,326,182
94,3133,13,0.34264057874679565,0.4384428560733795,0.09146098792552948,0.033498555421829224,328,236
94,3133,14,0.35271793603897095,0.442141592502594,-0.1661474108695984,0.9883552193641663,338,238
94,3133,15,0.35549405217170715,0.5132192373275757,0.061647094786167145,0.03583826869726181,341,277
94,3133,16,0.37025749683380127,0.5204256772994995,-0.13770923018455505,0.9397611021995544,355,281
94,3133,17,0.3560602068901062,0.535746157169342,0.06234421953558922,0.05001600831747055,341,289
94,3133,18,0.372770756483078,0.5454471111297607,-0.15420761704444885,0.8859303593635559,357,294
94,3133,19,0.35836273431777954,0.5338817238807678,0.04541546106338501,0.05215013399720192,344,288
94,3133,20,0.3780280351638794,0.5454949140548706,-0.15310946106910706,0.8837003707885742,362,294
94,3133,21,0.35909193754196167,0.5295358300209045,0.05426176264882088,0.04875316843390465,344,285
94,3133,22,0.3774949908256531,0.5359506607055664,-0.1368609368801117,0.8069145679473877,362,289
94,3133,23,0.3531437814235687,0.5242474675178528,0.06374421715736389,0.9998874068260193,339,283
94,3133,24,0.342631995677948,0.5219939351081848,-0.06386648118495941,0.9999486804008484,328,281
94,3133,25,0.3865932524204254,0.6283476948738098,0.1112184077501297,0.3979722261428833,371,339
94,3133,26,0.31931084394454956,0.6364427804946899,-0.04169708490371704,0.9101458787918091,306,343
94,3133,27,0.4162479043006897,0.7480048537254333,0.15774159133434296,0.7011464834213257,399,403
94,3133,28,0.2907218039035797,0.7613311409950256,-0.005507499910891056,0.9518714547157288,279,411
94,3133,29,0.4159858524799347,0.777560830116272,0.1578907072544098,0.6821774244308472,399,419
94,3133,30,0.2802029550075531,0.7829977869987488,-0.0043082223273813725,0.7621927857398987,268,422
94,3133,31,0.44781631231307983,0.7421145439147949,0.10500633716583252,0.7565190196037292,429,400
94,3133,32,0.3187825381755829,0.7972375750541687,-0.06634880602359772,0.9215267300605774,306,430
95,3166,0,0.36057722568511963,0.27901187539100647,-0.03704381361603737,0.9960547089576721,346,150
95,3166,1,0.3589685559272766,0.2668127119541168,-0.03148699179291725,0.9924697875976562,344,144
95,3166,2,0.3571537137031555,0.2659260928630829,-0.0316297672688961,0.9906209707260132,342,143
95,3166,3,0.3555007874965668,0.26524585485458374,-0.03156914934515953,0.9929920434951782,341,143
95,3166,4,0.36130350828170776,0.2678259015083313,-0.05132085457444191,0.9960296154022217,346,144
95,3166,5,0.36160337924957275,0.2671181857585907,-0.051512427628040314,0.997134804725647,347,144
95,3166,6,0.36142465472221375,0.2669968903064728,-0.05160005763173103,0.998149037361145,346,144
95,3166,7,0.3482978045940399,0.2674570083618164,-5.416701969807036e-05,0.9948059320449829,334,144
95,3166,8,0.3567381799221039,0.27206873893737793,-0.09012199938297272,0.9971603155136108,342,146
95,3166,9,0.3565335273742676,0.2888665795326233,-0.021390380337834358,0.994062066078186,342,155
95,3166,10,0.3583286702632904,0.2896655797958374,-0.04878925532102585,0.9969379901885986,343,156
95,3166,11,0.337860107421875,0.3348924517631531,0.06396645307540894,0.9996371269226074,324,180
95,3166,12,0.3413361608982086,0.33828553557395935,-0.1396026611328125,0.9999563097953796,327,182
95,3166,13,0.3409433662891388,0.4378429651260376,0.09621896594762802,0.03150016814470291,327,236
95,3166,14,0.3523160219192505,0.44152793288230896,-0.16870208084583282,0.9893587231636047,338,238
95,3166,15,0.35340043902397156,0.5128815770149231,0.0664190798997879,0.033533766865730286,339,276
95,3166,16,0.3710877597332001,0.5211279392242432,-0.14029279351234436,0.9444555640220642,356,281
95,3166,17,0.3547143340110779,0.5356132388114929,0.06732889264822006,0.04723244532942772,340,289
95,3166,18,0.37271758913993835,0.5470010638237,-0.1572987586259842,0.8941740393638611,357,295
95,3166,19,0.35737648606300354,0.5343945622444153,0.04970375448465347,0.04914762079715729,343,288
95,3166,20,0.37925997376441956,0.5470563769340515,-0.15539464354515076,0.8920285701751709,364,295
95,3166,21,0.3590174913406372,0.5328324437141418,0.058546699583530426,0.04590851068496704,344,287
95,3166,22,0.37886133790016174,0.5364564657211304,-0.13913899660110474,0.8195905685424805,363,289
95,3166,23,0.35462936758995056,0.5229923129081726,0.06409010291099548,0.9998956322669983,340,282
95,3166,24,0.34358760714530945,0.5219122767448425,-0.06422749906778336,0.9999523162841797,329,281
95,3166,25,0.38701188564300537,0.627784252166748,0.09647823125123978,0.44740065932273865,371,339
95,3166,26,0.3221515119075775,0.634162425994873,-0.04158470407128334,0.9183807969093323,309,342
95,3166,27,0.41588953137397766,0.7484831213951111,0.13018782436847687,0.7300521731376648,399,404
95,3166,28,0.291879802942276,0.7596710324287415,-0.016161976382136345,0.9563260674476624,280,410
95,3166,29,0.41651734709739685,0.7789305448532104,0.1290883719921112,0.7124899625778198,399,420
95,3166,30,0.28028643131256104,0.7804573178291321,-0.016193894669413567,0.7812619805335999,269,421
95,3166,31,0.44685178995132446,0.7426449656486511,0.07721032947301865,0.7799016833305359,428,401
95,3166,32,0.31878823041915894,0.7971437573432922,-0.07890510559082031,0.928719699382782,306,430
96,3200,0,0.3700789213180542,0.2794622480869293,-0.062485624104738235,0.9963779449462891,355,150
96,3200,1,0.36890465021133423,0.2670591473579407,-0.05560900643467903,0.9930833578109741,354,144
96,3200,2,0.36816710233688354,0.26630377769470215,-0.055772289633750916,0.991365373134613,353,143
96,3200,3,0.3675036132335663,0.2657108008861542,-0.055705174803733826,0.9935522079467773,352,143
96,3200,4,0.36938372254371643,0.26776841282844543,-0.07448571175336838,0.996354877948761,354,144
96,3200,5,0.3691980242729187,0.26719191670417786,-0.07468508183956146,0.9973679780960083,354,144
96,3200,6,0.3686070442199707,0.2669767439365387,-0.07478372007608414,0.9982972741127014,353,144
96,3200,7,0.35981833934783936,0.26819461584091187,-0.016068248078227043,0.9951958656311035,345,144
96,3200,8,0.3634568750858307,0.2714749872684479,-0.10298851877450943,0.9973747134208679,348,146
96,3200,9,0.36699163913726807,0.29020440578460693,-0.04406988248229027,0.9945142269134521,352,156
96,3200,10,0.36720922589302063,0.29027092456817627,-0.07033992558717728,0.9971622228622437,352,156
96,3200,11,0.3491613566875458,0.33641383051872253,0.052170317620038986,0.9996568560600281,335,181
96,3200,12,0.3471989333629608,0.33927983045578003,-0.1457701474428177,0.9999583959579468,333,183
96,3200,13,0.3542477786540985,0.4406322240829468,0.09282027930021286,0.03146039694547653,340,237
96,3200,14,0.359794944524765,0.4434071183204651,-0.17090438306331635,0.9900081753730774,345,239
96,3200,15,0.36464303731918335,0.5139285922050476,0.06437253206968307,0.03344626724720001,350,277
96,3200,16,0.37805089354515076,0.5220246911048889,-0.15106841921806335,0.9466710686683655,362,281
96,3200,17,0.3647022247314453,0.5370379686355591,0.06625400483608246,0.04737193509936333,350,290
96,3200,18,0.3811335265636444,0.5484604835510254,-0.17004840075969696,0.897127091884613,365,296
96,3200,19,0.3695165812969208,0.5357781052589417,0.048591140657663345,0.04929949715733528,354,289
96,3200,20,0.3871716856956482,0.5476964116096497,-0.17040063440799713,0.8951432704925537,371,295
96,3200,21,0.3706658184528351,0.5319860577583313,0.05639086663722992,0.04555176943540573,355,287
96,3200,22,0.3863152265548706,0.5372048020362854,-0.15099026262760162,0.8225533366203308,370,290
96,3200,23,0.3643236756324768,0.5243803262710571,0.06401721388101578,0.9999030232429504,349,283
96,3200,24,0.3514542877674103,0.5231938362121582,-0.064152792096138,0.999955415725708,337,282
96,3200,25,0.3944208323955536,0.6286146640777588,0.10912825167179108,0.46267127990722656,378,339
96,3200,26,0.3280181288719177,0.6355892419815063,-0.040377188473939896,0.9245418906211853,314,343
96,3200,27,0.41748136281967163,0.7509732842445374,0.16539648175239563,0.7515239119529724,400,405
96,3200,28,0.29345476627349854,0.7574119567871094,0.015170855447649956,0.9595901966094971,281,409
96,3200,29,0.4162733852863312,0.7808724045753479,0.16631804406642914,0.732469379901886,399,421
96,3200,30,0.2804519534111023,0.7766733765602112,0.01800522953271866,0.7883734703063965,269,419
96,3200,31,0.45017337799072266,0.7512978315353394,0.08084342628717422,0.7982565760612488,432,405
96,3200,32,0.31880030035972595,0.7973529100418091,-0.05571325495839119,0.9341703653335571,306,430
97,3233,0,0.37212178111076355,0.2814614474773407,-0.05323445051908493,0.9965928792953491,357,151
97,3233,1,0.37021780014038086,0.26969629526138306,-0.048412006348371506,0.9934363961219788,355,145
97,3233,2,0.36900046467781067,0.2689090073108673,-0.04855859652161598,0.9917903542518616,354,145
97,3233,3,0.3677162528038025,0.2682109773159027,-0.048492833971977234,0.9938378930091858,353,144
97,3233,4,0.37159326672554016,0.2703375816345215,-0.06814468652009964,0.9965462684631348,356,145
97,3233,5,0.3715687692165375,0.26945018768310547,-0.06834188848733902,0.9975165724754333,356,145
97,3233,6,0.3716166317462921,0.26911506056785583,-0.06843055784702301,0.9983833432197571,356,145
97,3233,7,0.3583392798900604,0.269512802362442,-0.014553945511579514,0.9953927993774414,344,145
97,3233,8,0.3659311532974243,0.2723403871059418,-0.10229647904634476,0.9975258708000183,351,147
97,3233,9,0.3683773875236511,0.29177141189575195,-0.03652183338999748,0.9946097731590271,353,157
97,3233,10,0.3692770004272461,0.2918985188007355,-0.06385762989521027,0.9972242116928101,354,157
97,3233,11,0.3462095856666565,0.3364153206348419,0.053627658635377884,0.9996514320373535,332,181
97,3233,12,0.34919682145118713,0.3392901122570038,-0.1464051604270935,0.9999599456787109,335,183
97,3233,13,0.34894999861717224,0.44002389907836914,0.09251777082681656,0.028924675658345222,334,237
97,3233,14,0.3589096963405609,0.4429834485054016,-0.17092372477054596,0.990650475025177,344,239
97,3233,15,0.3649657666683197,0.5135443806648254,0.06252627074718475,0.030483869835734367,350,277
97,3233,16,0.3783279061317444,0.5220111012458801,-0.14467927813529968,0.948100745677948,363,281
97,3233,17,0.3651014268398285,0.5368314981460571,0.06367911398410797,0.04339002072811127,350,289
97,3233,18,0.38168269395828247,0.549100399017334,-0.161115363240242,0.8992444276809692,366,296
97,3233,19,0.3688008189201355,0.5356349945068359,0.0460749976336956,0.04513401538133621,354,289
97,3233,20,0.3883732855319977,0.5478407144546509,-0.15911439061164856,0.8973681330680847,372,295
97,3233,21,0.36912718415260315,0.5297488570213318,0.0546068511903286,0.04171672463417053,354,286
97,3233,22,0.38752466440200806,0.5373569130897522,-0.143276646733284,0.8247675895690918,372,290
97,3233,23,0.3632562458515167,0.5235497355461121,0.06402970850467682,0.9999071359634399,348,282
97,3233,24,0.35272854566574097,0.5227290987968445,-0.06416691839694977,0.9999573230743408,338,282
97,3233,25,0.3961047828197479,0.6282541155815125,0.09977905452251434,0.4898993670940399,380,339
97,3233,26,0.3300829231739044,0.6353306770324707,-0.03962082788348198,0.9304754734039307,316,343
97,3233,27,0.41761988401412964,0.7495743632316589,0.13889139890670776,0.7740932703018188,400,404
97,3233,28,0.2941085398197174,0.7562655210494995,0.0037875857669860125,0.9629507660865784,282,408
97,3233,29,0.41544973850250244,0.7797340154647827,0.13852843642234802,0.7564513087272644,398,421
97,3233,30,0.2818346917629242,0.7740635871887207,0.005567433312535286,0.8020968437194824,270,417
97,3233,31,0.44949015974998474,0.7541661858558655,0.08115608245134354,0.8165299296379089,431,407
97,3233,32,0.3188018500804901,0.7971188426017761,-0.060244955122470856,0.939556360244751,306,430
98,3266,0,0.3802204728126526,0.2832203805446625,-0.053331151604652405,0.9967260956764221,365,152
98,3266,1,0.3796374201774597,0.2706431448459625,-0.047895029187202454,0.9936261773109436,364,146
98,3266,2,0.3792061507701874,0.2698827385902405,-0.04804180935025215,0.9919169545173645,364,145
98,3266,3,0.3788164258003235,0.26922300457954407,-0.047976069152355194,0.9939220547676086,363,145
98,3266,4,0.37953293323516846,0.2708825469017029,-0.06727441400289536,0.9966772794723511,364,146
98,3266,5,0.37921038269996643,0.27004274725914,-0.06747884303331375,0.9976158738136292,364,145
98,3266,6,0.3790383040904999,0.2694903016090393,-0.06758080422878265,0.9984428286552429,363,145
98,3266,7,0.37203672528266907,0.2706969380378723,-0.006341591943055391,0.9953824281692505,357,146
98,3266,8,0.372576504945755,0.27219927310943604,-0.09301002323627472,0.9976029396057129,357,146
98,3266,9,0.3781280815601349,0.29373207688331604,-0.03594685345888138,0.9946035146713257,363,158
98,3266,10,0.3768451511859894,0.2932486832141876,-0.06280763447284698,0.9972258806228638,361,158
98,3266,11,0.35795578360557556,0.3360249400138855,0.06316108256578445,0.9996356964111328,343,181
98,3266,12,0.35721081495285034,0.33891722559928894,-0.14148694276809692,0.9999601244926453,342,183
98,3266,13,0.3621753454208374,0.43997350335121155,0.10162656754255295,0.028352318331599236,347,237
98,3266,14,0.3686182200908661,0.4413521885871887,-0.17266269028186798,0.9912077784538269,353,238
98,3266,15,0.372543066740036,0.5117589831352234,0.07454558461904526,0.029148370027542114,357,276
98,3266,16,0.3873741030693054,0.5209938287734985,-0.16246972978115082,0.9505123496055603,371,281
98,3266,17,0.3747596740722656,0.5340023040771484,0.07470773160457611,0.04188062623143196,359,288
98,3266,18,0.3904802203178406,0.5477888584136963,-0.18220238387584686,0.9031151533126831,374,295
98,3266,19,0.37753644585609436,0.5331605076789856,0.05714678019285202,0.04360492527484894,362,287
98,3266,20,0.3959893584251404,0.5460272431373596,-0.18148215115070343,0.9014856815338135,380,294
98,3266,21,0.3769819140434265,0.5293859243392944,0.06671541184186935,0.040250688791275024,361,285
98,3266,22,0.39515697956085205,0.5358130931854248,-0.1619357317686081,0.8303741216659546,379,289
98,3266,23,0.3763068914413452,0.5230477452278137,0.06423931568861008,0.9999114274978638,361,282
98,3266,24,0.36195728182792664,0.5224668383598328,-0.0643698200583458,0.9999591708183289,347,282
98,3266,25,0.4040393829345703,0.62847501039505,0.09544320404529572,0.5004270076751709,387,339
98,3266,26,0.34018462896347046,0.6356338858604431,-0.055597271770238876,0.935224711894989,326,343
98,3266,27,0.4227970540523529,0.7508437037467957,0.1407008320093155,0.7898372411727905,405,405
98,3266,28,0.29704347252845764,0.7519336342811584,-0.013568772003054619,0.9652884602546692,285,406
98,3266,29,0.41822487115859985,0.7796313166618347,0.1410747468471527,0.7712170481681824,401,421
98,3266,30,0.28378334641456604,0.765842616558075,-0.011728253215551376,0.8057951927185059,272,413
98,3266,31,0.45502570271492004,0.7640344500541687,0.08331193029880524,0.8299493193626404,436,412
98,3266,32,0.31892046332359314,0.7970660328865051,-0.07874926179647446,0.9434905648231506,306,430
99,3300,0,0.3831705152988434,0.28358224034309387,-0.04187830537557602,0.9967251420021057,367,153
99,3300,1,0.38135823607444763,0.2710963189601898,-0.03579585254192352,0.9934206008911133,366,146
99,3300,2,0.38041454553604126,0.2703602910041809,-0.035940058529376984,0.991593599319458,365,145
99,3300,3,0.37944409251213074,0.26968541741371155,-0.03588849678635597,0.9936560988426208,364,145
99,3300,4,0.38205957412719727,0.27127617597579956,-0.05614077299833298,0.9965987205505371,366,146
99,3300,5,0.38179880380630493,0.27058205008506775,-0.056344207376241684,0.9975793957710266,366,146
99,3300,6,0.38168302178382874,0.2700332999229431,-0.056446779519319534,0.998400866985321,366,145
99,3300,7,0.37052488327026367,0.27072933316230774,0.0017246524803340435,0.9951334595680237,355,146
99,3300,8,0.37509891390800476,0.27260467410087585,-0.09018845111131668,0.9975727200508118,360,147
99,3300,9,0.3797434866428375,0.29416170716285706,-0.024524729698896408,0.9942384362220764,364,158
99,3300,10,0.3796740770339966,0.29383277893066406,-0.05256180465221405,0.9970566034317017,364,158
99,3300,11,0.35817858576774597,0.3357735872268677,0.0687684491276741,0.9996293187141418,343,181
99,3300,12,0.35821759700775146,0.3386436402797699,-0.14101852476596832,0.9999614953994751,343,182
99,3300,13,0.3603454530239105,0.4358479678630829,0.10469675809144974,0.02627965621650219,345,235
99,3300,14,0.3660370111465454,0.44066134095191956,-0.1725897490978241,0.9917960166931152,351,237
99,3300,15,0.37451449036598206,0.5066440105438232,0.07918717712163925,0.026773815974593163,359,273
99,3300,16,0.3880343735218048,0.5186852216720581,-0.15468494594097137,0.9529222249984741,372,280
99,3300,17,0.3755539059638977,0.5301938056945801,0.08015827089548111,0.038717783987522125,360,286
99,3300,18,0.3913935124874115,0.5451508164405823,-0.17124782502651215,0.9072239995002747,375,294
99,3300,19,0.37872663140296936,0.5296814441680908,0.06326891481876373,0.0402926504611969,363,286
99,3300,20,0.39748281240463257,0.5430635213851929,-0.16860362887382507,0.9057190418243408,381,293
99,3300,21,0.37913331389427185,0.5202400088310242,0.07154206931591034,0.03724171966314316,363,280
99,3300,22,0.3965182900428772,0.533405065536499,-0.152740940451622,0.8363074660301208,380,288
99,3300,23,0.37567439675331116,0.5193958878517151,0.06434047967195511,0.9999169707298279,360,280
99,3300,24,0.3623133897781372,0.5193853378295898,-0.06447925418615341,0.9999617338180542,347,280
99,3300,25,0.40486225485801697,0.627984344959259,0.08514677733182907,0.520971417427063,388,339
99,3300,26,0.34288322925567627,0.6354869604110718,-0.056003570556640625,0.9400416612625122,329,343
99,3300,27,0.4243132770061493,0.7505700588226318,0.11576423794031143,0.808117151260376,407,405
99,3300,28,0.29865577816963196,0.7509111166000366,-0.026799915358424187,0.9680204391479492,286,405
99,3300,29,0.41838014125823975,0.7795953154563904,0.1149170771241188,0.7908650040626526,401,420
99,3300,30,0.28422218561172485,0.7650077939033508,-0.025846123695373535,0.8164797425270081,272,413
99,3300,31,0.45631030201911926,0.7653926014900208,0.06304378062486649,0.8447332978248596,438,413
99,3300,32,0.31975677609443665,0.7992274165153503,-0.08651725202798843,0.9479237198829651,306,431
100,3333,0,0.3912067115306854,0.2832089066505432,-0.09248023480176926,0.9969125390052795,375,152
100,3333,1,0.3895142376422882,0.2709214389324188,-0.08363599330186844,0.993800699710846,373,146
100,3333,2,0.38882097601890564,0.2702561914920807,-0.08380842208862305,0.992029070854187,373,145
100,3333,3,0.38814693689346313,0.2694760262966156,-0.08375987410545349,0.9940086603164673,372,145
100,3333,4,0.38975322246551514,0.2709178626537323,-0.10205376893281937,0.9967978596687317,374,146
100,3333,5,0.3894135653972626,0.27034303545951843,-0.10225535184144974,0.9977105259895325,373,145
100,3333,6,0.3892285227775574,0.26978299021720886,-0.10237209498882294,0.9984830021858215,373,145
100,3333,7,0.3811885714530945,0.2705255448818207,-0.034723520278930664,0.9953712821006775,365,146
100,3333,8,0.38252657651901245,0.2723138630390167,-0.11941318213939667,0.9976658821105957,367,147
100,3333,9,0.3883143961429596,0.29365724325180054,-0.07116946578025818,0.9945298433303833,372,158
100,3333,10,0.38783591985702515,0.29345107078552246,-0.09672293812036514,0.997173011302948,372,158
100,3333,11,0.36933383345603943,0.3363817036151886,0.03793217986822128,0.9996464848518372,354,181
100,3333,12,0.36692389845848083,0.3386554718017578,-0.15547634661197662,0.999960720539093,352,182
100,3333,13,0.3773297667503357,0.4374101758003235,0.07564853131771088,0.028155891224741936,362,236
100,3333,14,0.3786231279373169,0.4438418447971344,-0.17970262467861176,0.9921078085899353,363,239
100,3333,15,0.3864538371562958,0.5106896758079529,0.04896945878863335,0.02791387401521206,370,275
100,3333,16,0.39613664150238037,0.5255598425865173,-0.16571372747421265,0.9531701803207397,380,283
100,3333,17,0.38735660910606384,0.5315657258033752,0.047485075891017914,0.04030756652355194,371,287
100,3333,18,0.3984633684158325,0.5533140301704407,-0.18438556790351868,0.9060989618301392,382,298
100,3333,19,0.38948094844818115,0.5318092107772827,0.030603770166635513,0.04186682775616646,373,287
100,3333,20,0.40509361028671265,0.5534310340881348,-0.1858878880739212,0.9047025442123413,388,298
100,3333,21,0.39048513770103455,0.5240645408630371,0.0415809229016304,0.03831431269645691,374,282
100,3333,22,0.40416285395622253,0.5428670644760132,-0.16595035791397095,0.8340333700180054,387,293
100,3333,23,0.38554826378822327,0.5204364061355591,0.06409385800361633,0.9999234676361084,370,281
100,3333,24,0.3724463880062103,0.5198740363121033,-0.06422300636768341,0.9999644160270691,357,280
100,3333,25,0.41163480281829834,0.6279592514038086,0.10975869745016098,0.537235677242279,395,339
100,3333,26,0.35463476181030273,0.6375935077667236,-0.053346216678619385,0.9448716044425964,340,344
100,3333,27,0.4250090718269348,0.752670407295227,0.16824841499328613,0.8243429660797119,408,406
100,3333,28,0.3045872449874878,0.745361864566803,0.001011140993796289,0.9705689549446106,292,402
100,3333,29,0.41957154870033264,0.7817450165748596,0.16959713399410248,0.8065524697303772,402,422
100,3333,30,0.2893204092979431,0.7555811405181885,0.005346941761672497,0.8252072930335999,277,408
100,3333,31,0.45748406648635864,0.7693328857421875,0.1083027794957161,0.8578241467475891,439,415
100,3333,32,0.3203936219215393,0.7995411157608032,-0.06127948313951492,0.9520261287689209,307,431
101,3366,0,0.3894811272621155,0.2827584743499756,-0.07885845005512238,0.9968985319137573,373,152
101,3366,1,0.38793250918388367,0.2704417109489441,-0.07303324341773987,0.9938046336174011,372,146
101,3366,2,0.3870747983455658,0.2697914242744446,-0.07318025082349777,0.9919632077217102,371,145
101,3366,3,0.38627439737319946,0.2690846621990204,-0.07311170548200607,0.9939870238304138,370,145
101,3366,4,0.38878920674324036,0.27053138613700867,-0.09284042567014694,0.9967735409736633,373,146
101,3366,5,0.38797006011009216,0.2699212431907654,-0.09305082261562347,0.9976829290390015,372,145
101,3366,6,0.38788577914237976,0.26937565207481384,-0.09314467757940292,0.9984403848648071,372,145
101,3366,7,0.3789258897304535,0.27040475606918335,-0.024555733427405357,0.9954232573509216,363,146
101,3366,8,0.3815741240978241,0.27210837602615356,-0.10695722699165344,0.997627317905426,366,146
101,3366,9,0.38625451922416687,0.2933269441127777,-0.06236141175031662,0.994307279586792,370,158
101,3366,10,0.38665109872817993,0.29306668043136597,-0.08987683802843094,0.9969518184661865,371,158
101,3366,11,0.3707275688648224,0.3361716866493225,0.05244869366288185,0.9996217489242554,355,181
101,3366,12,0.36717936396598816,0.33849409222602844,-0.15150609612464905,0.9999549984931946,352,182
101,3366,13,0.37513625621795654,0.43593332171440125,0.08859764784574509,0.026357339695096016,360,235
101,3366,14,0.37853893637657166,0.44329848885536194,-0.17842933535575867,0.9920827746391296,363,239
101,3366,15,0.3840092122554779,0.5103294253349304,0.061349526047706604,0.025725560262799263,368,275
101,3366,16,0.39615437388420105,0.5249917507171631,-0.161744624376297,0.9460095763206482,380,283
101,3366,17,0.3862954080104828,0.5315303802490234,0.06039367988705635,0.037403807044029236,370,287
101,3366,18,0.40116578340530396,0.5534156560897827,-0.18009331822395325,0.8935359120368958,385,298
101,3366,19,0.3885572552680969,0.5318840146064758,0.04475929215550423,0.03882457688450813,373,287
101,3366,20,0.40418440103530884,0.5526049733161926,-0.18024618923664093,0.8923550248146057,388,298
101,3366,21,0.3886685371398926,0.5235615372657776,0.054183028638362885,0.035561904311180115,373,282
101,3366,22,0.40330031514167786,0.542093813419342,-0.16141396760940552,0.8172277212142944,387,292
101,3366,23,0.3870967626571655,0.5202600359916687,0.06430818140506744,0.9999277591705322,371,280
101,3366,24,0.3720652461051941,0.5199056267738342,-0.06444945931434631,0.9999656081199646,357,280
101,3366,25,0.41147518157958984,0.628071665763855,0.10506895184516907,0.5639631748199463,395,339
101,3366,26,0.35703665018081665,0.6374396681785583,-0.04422639682888985,0.9487983584403992,342,344
101,3366,27,0.4253859221935272,0.7545453906059265,0.15085841715335846,0.8405983448028564,408,407
101,3366,28,0.30619165301322937,0.7432571053504944,0.01005753967911005,0.9729365706443787,293,401
101,3366,29,0.4188711941242218,0.7831164598464966,0.15072870254516602,0.8237342834472656,402,422
101,3366,30,0.2897837460041046,0.753433883190155,0.013301953673362732,0.8353272080421448,278,406
101,3366,31,0.45937633514404297,0.7733583450317383,0.08762884885072708,0.8707807064056396,441,417
101,3366,32,0.32062482833862305,0.7995176315307617,-0.05323154106736183,0.9558495283126831,307,431
102,3400,0,0.40319257974624634,0.27342721819877625,-0.07116509228944778,0.9965755343437195,387,147
102,3400,1,0.4003315567970276,0.2627471685409546,-0.06463725119829178,0.99294513463974,384,141
102,3400,2,0.3991793394088745,0.26233699917793274,-0.06478722393512726,0.990868330001831,383,141
102,3400,3,0.3981086015701294,0.2618943154811859,-0.0647258311510086,0.99326092004776,382,141
102,3400,4,0.4013378322124481,0.2631176710128784,-0.08403025567531586,0.9963847994804382,385,142
102,3400,5,0.40099984407424927,0.2629675269126892,-0.08423313498497009,0.9974080920219421,384,142
102,3400,6,0.4009062349796295,0.2626158893108368,-0.08433409780263901,0.9982433319091797,384,141
102,3400,7,0.38953539729118347,0.2646946609020233,-0.020697975531220436,0.9951110482215881,373,142
102,3400,8,0.3942659795284271,0.2658110558986664,-0.108551524579525,0.9974119067192078,378,143
102,3400,9,0.39868175983428955,0.28674596548080444,-0.05352374166250229,0.9941264986991882,382,154
102,3400,10,0.3993295133113861,0.28653982281684875,-0.08055222779512405,0.9968132376670837,383,154
102,3400,11,0.3791397213935852,0.3345356285572052,0.0511469729244709,0.999636709690094,363,180
102,3400,12,0.375160276889801,0.3368397653102875,-0.1519562155008316,0.9999549984931946,360,181
102,3400,13,0.38373062014579773,0.43483272194862366,0.08745625615119934,0.02641477808356285,368,234
102,3400,14,0.3792206346988678,0.44314414262771606,-0.17852739989757538,0.9925918579101562,364,239
102,3400,15,0.39422985911369324,0.5100736618041992,0.061357222497463226,0.025432921946048737,378,275
102,3400,16,0.3997492790222168,0.5245037078857422,-0.16153544187545776,0.9492104649543762,383,283
102,3400,17,0.3947840631008148,0.5314286351203918,0.06042294576764107,0.03734712302684784,378,286
102,3400,18,0.4022637903690338,0.5527653694152832,-0.17985603213310242,0.899105966091156,386,298
102,3400,19,0.40011367201805115,0.531801164150238,0.04475531354546547,0.03867509588599205,384,287
102,3400,20,0.4084983170032501,0.5520549416542053,-0.1791691780090332,0.897947371006012,392,298
102,3400,21,0.4006485044956207,0.5225072503089905,0.05418067052960396,0.03537420555949211,384,282
102,3400,22,0.40802624821662903,0.5418099761009216,-0.16082602739334106,0.8254603147506714,391,292
102,3400,23,0.39547720551490784,0.5196195244789124,0.06430798023939133,0.9999330639839172,379,280
102,3400,24,0.3817237317562103,0.519758403301239,-0.06444461643695831,0.9999679327011108,366,280
102,3400,25,0.41818127036094666,0.6279274821281433,0.12218127399682999,0.5754197835922241,401,339
102,3400,26,0.3710644543170929,0.6390230059623718,-0.053903043270111084,0.9531739354133606,356,345
102,3400,27,0.4251217842102051,0.7538299560546875,0.1820591390132904,0.8541747331619263,408,407
102,3400,28,0.31406348943710327,0.7352151274681091,0.010788696818053722,0.975229024887085,301,397
102,3400,29,0.417412668466568,0.782142698764801,0.18359650671482086,0.8373390436172485,400,422
102,3400,30,0.2980402410030365,0.7370575070381165,0.015454664826393127,0.8462101817131042,286,398
102,3400,31,0.45778968930244446,0.7741405963897705,0.13212916254997253,0.8817096948623657,439,418
102,3400,32,0.32141754031181335,0.799476683139801,-0.03963880613446236,0.9595672488212585,308,431
103,3433,0,0.39884430170059204,0.27343887090682983,-0.06539563834667206,0.9965526461601257,382,147
103,3433,1,0.39642030000686646,0.26219531893730164,-0.05850086361169815,0.9928381443023682,380,141
103,3433,2,0.3949379026889801,0.2616797685623169,-0.0586710199713707,0.9908198714256287,379,141
103,3433,3,0.39341166615486145,0.26114973425865173,-0.05864490941166878,0.9931997060775757,377,141
103,3433,4,0.398724764585495,0.26285284757614136,-0.0788179412484169,0.9962984919548035,382,141
103,3433,5,0.3989940285682678,0.2627846896648407,-0.07902181893587112,0.997355580329895,383,141
103,3433,6,0.39938050508499146,0.2625083923339844,-0.079152412712574,0.9981604218482971,383,141
103,3433,7,0.38534995913505554,0.2641103267669678,-0.01672443561255932,0.9952467083930969,369,142
103,3433,8,0.3920768201351166,0.26592880487442017,-0.10844697058200836,0.9974140524864197,376,143
103,3433,9,0.39525261521339417,0.2860683798789978,-0.04798472300171852,0.9941704273223877,379,154
103,3433,10,0.3966376483440399,0.28612127900123596,-0.07622245699167252,0.9967554211616516,380,154
103,3433,11,0.37791377305984497,0.33228904008865356,0.053830064833164215,0.9996552467346191,362,179
103,3433,12,0.3762879967689514,0.3363986015319824,-0.15114806592464447,0.9999558925628662,361,181
103,3433,13,0.38455289602279663,0.42947638034820557,0.08832396566867828,0.02697991579771042,369,231
103,3433,14,0.3803764879703522,0.44235265254974365,-0.18097653985023499,0.9931457042694092,365,238
103,3433,15,0.39590930938720703,0.507611870765686,0.06155552715063095,0.025695348158478737,380,274
103,3433,16,0.40117770433425903,0.5232709050178528,-0.16290928423404694,0.952236533164978,385,282
103,3433,17,0.3965522050857544,0.5299550890922546,0.06115954369306564,0.03843505308032036,380,286
103,3433,18,0.40370607376098633,0.550421416759491,-0.18071095645427704,0.9045324921607971,387,297
103,3433,19,0.40028467774391174,0.5306574702262878,0.04535301402211189,0.03954266384243965,384,286
103,3433,20,0.41004687547683716,0.5505322217941284,-0.17898344993591309,0.9033797979354858,393,297
103,3433,21,0.4006788432598114,0.5200309753417969,0.0543765164911747,0.036332398653030396,384,280
103,3433,22,0.40925654768943787,0.5399706363677979,-0.16158916056156158,0.8347030878067017,392,291
103,3433,23,0.39582595229148865,0.5179085731506348,0.06520158797502518,0.9999387264251709,379,279
103,3433,24,0.3837215304374695,0.5189778208732605,-0.06533877551555634,0.9999703168869019,368,280
103,3433,25,0.41855284571647644,0.6251785159111023,0.1201963797211647,0.6136414408683777,401,337
103,3433,26,0.37598150968551636,0.6387690305709839,-0.08198785781860352,0.9577423334121704,360,344
103,3433,27,0.4258231222629547,0.75322026014328,0.17349457740783691,0.8685817122459412,408,406
103,3433,28,0.31654462218284607,0.7323572635650635,-0.026601972058415413,0.9776116013526917,303,395
103,3433,29,0.4182850122451782,0.7813801169395447,0.1759328544139862,0.8532359600067139,401,421
103,3433,30,0.29965293407440186,0.7335454225540161,-0.022230148315429688,0.8602662682533264,287,396
103,3433,31,0.45869624614715576,0.7729886770248413,0.12088091671466827,0.8932846784591675,440,417
103,3433,32,0.3219389021396637,0.8001874685287476,-0.07095180451869965,0.9634343385696411,309,432
104,3466,0,0.41133302450180054,0.27259984612464905,-0.06513027101755142,0.9953663349151611,394,147
104,3466,1,0.4085668623447418,0.26026222109794617,-0.05752459540963173,0.9916428923606873,392,140
104,3466,2,0.40724244713783264,0.2595432698726654,-0.057694606482982635,0.9895433187484741,390,140
104,3466,3,0.40597712993621826,0.2588379681110382,-0.057659950107336044,0.9923511743545532,389,139
104,3466,4,0.4096563458442688,0.26103129982948303,-0.07721204310655594,0.9955973625183105,393,140
104,3466,5,0.40934497117996216,0.26090991497039795,-0.07741377502679825,0.9968624711036682,392,140
104,3466,6,0.4092150032520294,0.2605910301208496,-0.07753678411245346,0.9978491067886353,392,140
104,3466,7,0.3971596956253052,0.26183590292930603,-0.016246652230620384,0.9948015213012695,381,141
104,3466,8,0.4020460247993469,0.2642393410205841,-0.11018380522727966,0.9970802664756775,385,142
104,3466,9,0.40697622299194336,0.2853819727897644,-0.047890786081552505,0.9934155344963074,390,154
104,3466,10,0.4073510468006134,0.28515511751174927,-0.07442843168973923,0.9961941242218018,391,153
104,3466,11,0.3818323016166687,0.33099469542503357,0.05328887701034546,0.9995704293251038,366,178
104,3466,12,0.38708147406578064,0.3359922766685486,-0.15039539337158203,0.9999370574951172,371,181
104,3466,13,0.38985398411750793,0.42951512336730957,0.08058007806539536,0.025434011593461037,374,231
104,3466,14,0.38886386156082153,0.44212406873703003,-0.17997394502162933,0.9904835224151611,373,238
104,3466,15,0.4011540412902832,0.5078302621841431,0.036726247519254684,0.02358211949467659,385,274
104,3466,16,0.40565818548202515,0.523261547088623,-0.16166497766971588,0.9448038339614868,389,282
104,3466,17,0.40150853991508484,0.5318636894226074,0.03551792725920677,0.035479601472616196,385,287
104,3466,18,0.4056946635246277,0.5504041910171509,-0.18058936297893524,0.8943018317222595,389,297
104,3466,19,0.4063270390033722,0.5333340764045715,0.019145194441080093,0.03645075485110283,390,288
104,3466,20,0.4123630225658417,0.5502674579620361,-0.1784178465604782,0.8914223313331604,395,297
104,3466,21,0.40668898820877075,0.5223308801651001,0.028922580182552338,0.03355305641889572,390,282
104,3466,22,0.4121399223804474,0.5397630333900452,-0.16069455444812775,0.8181442022323608,395,291
104,3466,23,0.39755210280418396,0.5179266333580017,0.06473683565855026,0.9999383091926575,381,279
104,3466,24,0.39994296431541443,0.5189711451530457,-0.06489143520593643,0.9999706149101257,383,280
104,3466,25,0.40484368801116943,0.6357078552246094,0.11759243160486221,0.6277115345001221,388,343
104,3466,26,0.41455399990081787,0.6384909749031067,-0.021379191428422928,0.9533802270889282,397,344
104,3466,27,0.3371484577655792,0.7300000786781311,0.17044523358345032,0.8732136487960815,323,394
104,3466,28,0.4209265410900116,0.7439425587654114,0.05925343185663223,0.9778167009353638,404,401
104,3466,29,0.32251960039138794,0.7249085307121277,0.17329640686511993,0.8602157831192017,309,391
104,3466,30,0.4115643799304962,0.7674995064735413,0.06577882915735245,0.8676259517669678,395,414
104,3466,31,0.3307735025882721,0.779883861541748,0.13776370882987976,0.8924851417541504,317,421
104,3466,32,0.4547500014305115,0.7815312147140503,0.022222215309739113,0.9599286913871765,436,422
105,3500,0,0.40999165177345276,0.2727244198322296,-0.054186802357435226,0.9949612021446228,393,147
105,3500,1,0.4079442024230957,0.2603065073490143,-0.04796779900789261,0.9905337691307068,391,140
105,3500,2,0.40646275877952576,0.2596246302127838,-0.04811592027544975,0.9880537390708923,390,140
105,3500,3,0.4050975739955902,0.2589663863182068,-0.04807921126484871,0.9913843274116516,388,139
105,3500,4,0.40965041518211365,0.2610878646373749,-0.06850571185350418,0.9950999021530151,393,140
105,3500,5,0.4097360074520111,0.26094576716423035,-0.06869123131036758,0.996475875377655,393,140
105,3500,6,0.4096810221672058,0.260625958442688,-0.06879568099975586,0.9976068139076233,393,140
105,3500,7,0.3961391746997833,0.261976957321167,-0.012131545692682266,0.9942540526390076,380,141
105,3500,8,0.4036489427089691,0.2643231749534607,-0.10808703303337097,0.9968023896217346,387,142
105,3500,9,0.4060341417789459,0.28547295928001404,-0.03739451617002487,0.9928533434867859,389,154
105,3500,10,0.4068523645401001,0.28523921966552734,-0.06530517339706421,0.99588942527771,390,154
105,3500,11,0.38227251172065735,0.3294523358345032,0.05436716228723526,0.9995726943016052,366,177
105,3500,12,0.3871897757053375,0.33440572023391724,-0.1477048099040985,0.9999344944953918,371,180
105,3500,13,0.38861554861068726,0.42768973112106323,0.08209937065839767,0.024610524997115135,373,230
105,3500,14,0.38909515738487244,0.43890848755836487,-0.17259374260902405,0.9907777309417725,373,237
105,3500,15,0.4003468453884125,0.5084301829338074,0.043713171035051346,0.022439012303948402,384,274
105,3500,16,0.4067516326904297,0.5232143998146057,-0.1456896811723709,0.9462360143661499,390,282
105,3500,17,0.4011955261230469,0.5336195230484009,0.04340057820081711,0.03394460678100586,385,288
105,3500,18,0.40614548325538635,0.5502603650093079,-0.16190476715564728,0.8956363201141357,389,297
105,3500,19,0.4057958424091339,0.5349181294441223,0.026762939989566803,0.034813541918992996,389,288
105,3500,20,0.41201040148735046,0.5500710606575012,-0.15965716540813446,0.892689049243927,395,297
105,3500,21,0.4065614938735962,0.5233091115951538,0.03609577566385269,0.03205985203385353,390,282
105,3500,22,0.4125085771083832,0.5394970774650574,-0.1440064162015915,0.8196907043457031,396,291
105,3500,23,0.40059134364128113,0.5176951289176941,0.06439609825611115,0.9999397397041321,384,279
105,3500,24,0.39801934361457825,0.5181775093078613,-0.06454732269048691,0.9999706149101257,382,279
105,3500,25,0.4153110086917877,0.6343216300010681,0.09854433685541153,0.624174952507019,398,342
105,3500,26,0.40690597891807556,0.6389250159263611,-0.041988298296928406,0.9550961256027222,390,345
105,3500,27,0.3900832533836365,0.751248300075531,0.14673224091529846,0.8795918822288513,374,405
105,3500,28,0.36056938767433167,0.742929995059967,0.040260180830955505,0.978488028049469,346,401
105,3500,29,0.4004065692424774,0.7608655095100403,0.14802631735801697,0.8648496270179749,384,410
105,3500,30,0.35643941164016724,0.7303581833839417,0.04070943221449852,0.8692111372947693,342,394
105,3500,31,0.35103121399879456,0.790484607219696,0.10603534430265427,0.8975257277488708,336,426
105,3500,32,0.38157325983047485,0.7825813889503479,-0.016819126904010773,0.9614124298095703,366,422
106,3533,0,0.4163597524166107,0.27083179354667664,-0.07645248621702194,0.9951648712158203,399,146
106,3533,1,0.4152667224407196,0.2582715153694153,-0.06941289454698563,0.9908999800682068,398,139
106,3533,2,0.4145278334617615,0.25773197412490845,-0.06958957016468048,0.988486647605896,397,139
106,3533,3,0.4138507544994354,0.2572662830352783,-0.06956235319375992,0.9917303919792175,397,138
106,3533,4,0.4158661961555481,0.25870954990386963,-0.08874203264713287,0.9952574968338013,399,139
106,3533,5,0.4156958758831024,0.25847089290618896,-0.08893457800149918,0.9965600371360779,399,139
106,3533,6,0.41561949253082275,0.2581116557121277,-0.08904800564050674,0.9976380467414856,398,139
106,3533,7,0.4059273302555084,0.260024756193161,-0.028050797060132027,0.9945234656333923,389,140
106,3533,8,0.4090251326560974,0.2617357075214386,-0.11740569025278091,0.996820330619812,392,141
106,3533,9,0.4129627048969269,0.2830733060836792,-0.0574532113969326,0.9930769801139832,396,152
106,3533,10,0.412876158952713,0.28243228793144226,-0.08407675474882126,0.9959250092506409,396,152
106,3533,11,0.39235544204711914,0.3279733657836914,0.04393572360277176,0.9995948672294617,376,177
106,3533,12,0.39509299397468567,0.3329735994338989,-0.1569303423166275,0.9999312162399292,379,179
106,3533,13,0.39798030257225037,0.42472413182258606,0.07576020807027817,0.025644047185778618,382,229
106,3533,14,0.3961334228515625,0.4365352392196655,-0.18707755208015442,0.9909265637397766,380,235
106,3533,15,0.40792226791381836,0.5076645016670227,0.04438954219222069,0.02310674637556076,391,274
106,3533,16,0.4122004508972168,0.5231851935386658,-0.17046169936656952,0.9433475732803345,395,282
106,3533,17,0.40776151418685913,0.5336422324180603,0.043825529515743256,0.035250451415777206,391,288
106,3533,18,0.4113207161426544,0.5510727763175964,-0.18835587799549103,0.8889356255531311,394,297
106,3533,19,0.41358694434165955,0.5348011255264282,0.026960289105772972,0.03603898361325264,397,288
106,3533,20,0.4170902669429779,0.5498466491699219,-0.18849538266658783,0.8861857652664185,400,296
106,3533,21,0.4136010408401489,0.5233158469200134,0.036867108196020126,0.03304816409945488,397,282
106,3533,22,0.4175459146499634,0.5394250154495239,-0.17008844017982483,0.8113041520118713,400,291
106,3533,23,0.4080233573913574,0.5150755643844604,0.06470135599374771,0.9999434947967529,391,278
106,3533,24,0.40336307883262634,0.5177329778671265,-0.06484190374612808,0.9999716281890869,387,279
106,3533,25,0.42186132073402405,0.6336286067962646,0.11369603127241135,0.6251368522644043,404,342
106,3533,26,0.407111257314682,0.640125036239624,-0.06654224544763565,0.9583538174629211,390,345
106,3533,27,0.41838711500167847,0.7529807090759277,0.16887322068214417,0.8880112171173096,401,406
106,3533,28,0.3498203158378601,0.7258688807487488,0.026528747752308846,0.9792614579200745,335,391
106,3533,29,0.41103264689445496,0.774566113948822,0.17015352845191956,0.8732023239135742,394,418
106,3533,30,0.33697205781936646,0.7177871465682983,0.03202633187174797,0.8722401261329651,323,387
106,3533,31,0.44530537724494934,0.786186158657074,0.13044233620166779,0.9040412306785583,427,424
106,3533,32,0.3793514370918274,0.7840446829795837,-0.00632477318868041,0.9630675315856934,364,423
107,3566,0,0.41595202684402466,0.26856836676597595,-0.07412981986999512,0.9952854514122009,399,145
107,3566,1,0.4139394760131836,0.2564646899700165,-0.06860797852277756,0.9909907579421997,397,138
107,3566,2,0.41261163353919983,0.2559724450111389,-0.06879203021526337,0.9885238409042358,396,138
107,3566,3,0.4112984836101532,0.255561500787735,-0.06880803406238556,0.9917876124382019,394,138
107,3566,4,0.4159596562385559,0.2573225498199463,-0.08336511254310608,0.9953091144561768,399,138
107,3566,5,0.4162242114543915,0.2573789358139038,-0.0835484191775322,0.9965693354606628,399,138
107,3566,6,0.4165803790092468,0.2573210597038269,-0.08365185558795929,0.9976254105567932,399,138
107,3566,7,0.40370795130729675,0.25835180282592773,-0.024500403553247452,0.9946367740631104,387,139
107,3566,8,0.4086429476737976,0.26086416840553284,-0.1067051813006401,0.9967910647392273,392,140
107,3566,9,0.4121191203594208,0.28039321303367615,-0.05609072744846344,0.9931278228759766,395,151
107,3566,10,0.41302260756492615,0.2802260220050812,-0.07898703962564468,0.9958873391151428,396,151
107,3566,11,0.392764687538147,0.32521286606788635,0.04591061547398567,0.9996053576469421,377,175
107,3566,12,0.39595842361450195,0.33110055327415466,-0.1484980434179306,0.9999308586120605,380,178
107,3566,13,0.4000489413738251,0.420856773853302,0.07817573845386505,0.02571396343410015,384,227
107,3566,14,0.39703014492988586,0.43191370368003845,-0.17531272768974304,0.9915057420730591,381,233
107,3566,15,0.41089245676994324,0.5010878443717957,0.053993646055459976,0.022678866982460022,394,270
107,3566,16,0.4135781526565552,0.5207772254943848,-0.15640877187252045,0.9462122321128845,397,281
107,3566,17,0.41232720017433167,0.5264982581138611,0.05528679117560387,0.03483933210372925,395,284
107,3566,18,0.41285058856010437,0.5486704111099243,-0.17271111905574799,0.893419623374939,396,296
107,3566,19,0.4155834913253784,0.5279808640480042,0.039909083396196365,0.03548753634095192,398,285
107,3566,20,0.41855525970458984,0.5466846823692322,-0.17249801754951477,0.8908181190490723,401,295
107,3566,21,0.4153495132923126,0.5162386894226074,0.047507841140031815,0.032555270940065384,398,278
107,3566,22,0.4189870059490204,0.5376645922660828,-0.15594111382961273,0.8187700510025024,402,290
107,3566,23,0.4071044325828552,0.5123538374900818,0.06447295844554901,0.9999464154243469,390,276
107,3566,24,0.40369299054145813,0.5155688524246216,-0.06461044400930405,0.9999726414680481,387,278
107,3566,25,0.4209950864315033,0.6308575868606567,0.12017075717449188,0.6222094297409058,404,340
107,3566,26,0.40812012553215027,0.6401265263557434,-0.06163305044174194,0.9617519378662109,391,345
107,3566,27,0.42416608333587646,0.7543526887893677,0.16900014877319336,0.895894467830658,407,407
107,3566,28,0.3476845324039459,0.7237027883529663,0.021226370707154274,0.9806299805641174,333,390
107,3566,29,0.4153696894645691,0.7803080081939697,0.16966597735881805,0.8813867568969727,398,421
107,3566,30,0.33387142419815063,0.7179450988769531,0.02602403424680233,0.8789489269256592,320,387
107,3566,31,0.45799046754837036,0.784787118434906,0.13068297505378723,0.9102451205253601,439,423
107,3566,32,0.37367692589759827,0.7851324677467346,-0.011802654713392258,0.965543806552887,358,423
108,3600,0,0.4246950149536133,0.2675553560256958,-0.07018890231847763,0.9955915212631226,407,144
108,3600,1,0.4236909747123718,0.2555185854434967,-0.06409361958503723,0.9916356205940247,406,137
108,3600,2,0.4226290285587311,0.254932701587677,-0.06427789479494095,0.989361047744751,405,137
108,3600,3,0.4218149185180664,0.2544182240962982,-0.064271941781044,0.9923955202102661,404,137
108,3600,4,0.42476698756217957,0.25626593828201294,-0.0808541476726532,0.995647668838501,407,138
108,3600,5,0.42447710037231445,0.2561877965927124,-0.08104442059993744,0.9968196749687195,407,138
108,3600,6,0.4246053695678711,0.2559838891029358,-0.0811471939086914,0.9977972507476807,407,138
108,3600,7,0.41471976041793823,0.25681519508361816,-0.022327672690153122,0.9950390458106995,398,138
108,3600,8,0.41921308636665344,0.25936073064804077,-0.10889492183923721,0.9970231652259827,402,140
108,3600,9,0.4210470914840698,0.27902624011039734,-0.052545931190252304,0.9936224222183228,404,150
108,3600,10,0.4213816523551941,0.2786061763763428,-0.076540008187294,0.9961827993392944,404,150
108,3600,11,0.40307700634002686,0.3224034011363983,0.04862091690301895,0.9996194243431091,386,174
108,3600,12,0.402520090341568,0.328106552362442,-0.14991147816181183,0.999933660030365,386,177
108,3600,13,0.40692195296287537,0.41841477155685425,0.07852280884981155,0.028714245185256004,390,225
108,3600,14,0.3978118896484375,0.4288769066333771,-0.18351109325885773,0.9914655089378357,381,231
108,3600,15,0.41668805480003357,0.5009123086929321,0.04523523524403572,0.02534070424735546,400,270
108,3600,16,0.41435378789901733,0.5185428857803345,-0.17470420897006989,0.9493246674537659,397,280
108,3600,17,0.4169546067714691,0.5268318057060242,0.043804384768009186,0.03871343284845352,400,284
108,3600,18,0.4138057827949524,0.5464949011802673,-0.19256451725959778,0.8996756076812744,397,295
108,3600,19,0.4216190278530121,0.5279114842414856,0.02544083073735237,0.03933117911219597,404,285
108,3600,20,0.4223548173904419,0.5440192222595215,-0.19180640578269958,0.8970279693603516,405,293
108,3600,21,0.4215935170650482,0.5165027976036072,0.03679564222693443,0.036319948732852936,404,278
108,3600,22,0.4225255250930786,0.5352612137794495,-0.17360295355319977,0.8286195993423462,405,289
108,3600,23,0.4109325408935547,0.5010178089141846,0.06468851864337921,0.999947726726532,394,270
108,3600,24,0.4108029305934906,0.5045517086982727,-0.06482760608196259,0.9999735355377197,394,272
108,3600,25,0.4265560507774353,0.6244003176689148,0.061898887157440186,0.6314886212348938,409,337
108,3600,26,0.43033093214035034,0.6241115927696228,-0.06673725694417953,0.9595485925674438,413,337
108,3600,27,0.3724198341369629,0.7179749608039856,0.08343874663114548,0.8933084011077881,357,387
108,3600,28,0.4199428856372833,0.7416762709617615,-0.017016226425766945,0.9805096983909607,403,400
108,3600,29,0.35510510206222534,0.7211892008781433,0.08295246958732605,0.8807474374771118,340,389
108,3600,30,0.4082150459289551,0.7731972336769104,-0.013815430924296379,0.8827384114265442,391,417
108,3600,31,0.36958885192871094,0.7826558947563171,0.046187084168195724,0.9083710312843323,354,422
108,3600,32,0.43290460109710693,0.7890521287918091,-0.05752193555235863,0.9648743867874146,415,426
109,3633,0,0.42624208331108093,0.26760751008987427,-0.06968309730291367,0.9956596493721008,409,144
109,3633,1,0.4244955778121948,0.25489941239356995,-0.06250182539224625,0.9919337034225464,407,137
109,3633,2,0.42342284321784973,0.25423625111579895,-0.06268712133169174,0.9897786974906921,406,137
109,3633,3,0.42241495847702026,0.25367075204849243,-0.06265921890735626,0.99273681640625,405,136
109,3633,4,0.42571988701820374,0.25566521286964417,-0.08017635345458984,0.995775043964386,408,138
109,3633,5,0.42562511563301086,0.2555462121963501,-0.08036725223064423,0.9969114065170288,408,137
109,3633,6,0.4256734848022461,0.25506800413131714,-0.08048395067453384,0.9978653788566589,408,137
109,3633,7,0.4145844280719757,0.2562250792980194,-0.02151784859597683,0.9952827095985413,398,138
109,3633,8,0.41974973678588867,0.2586444318294525,-0.10840189456939697,0.9971075654029846,402,139
109,3633,9,0.42195069789886475,0.2787092328071594,-0.05076424777507782,0.9939149618148804,405,150
109,3633,10,0.42251989245414734,0.27831941843032837,-0.07610105723142624,0.9963392019271851,405,150
109,3633,11,0.4020478427410126,0.3217571973800659,0.0467100590467453,0.9996294975280762,385,173
109,3633,12,0.4034608006477356,0.32763671875,-0.14718423783779144,0.9999356269836426,387,176
109,3633,13,0.4039822816848755,0.41933298110961914,0.07506563514471054,0.03144427016377449,387,226
109,3633,14,0.39850038290023804,0.42881080508232117,-0.17407537996768951,0.9917166233062744,382,231
109,3633,15,0.4166828691959381,0.5016274452209473,0.03601817414164543,0.02865125797688961,400,270
109,3633,16,0.4159319996833801,0.5183801651000977,-0.16451066732406616,0.9532039165496826,399,279
109,3633,17,0.4177166521549225,0.5309523344039917,0.03359510004520416,0.043649859726428986,401,286
109,3633,18,0.41343095898628235,0.547141969203949,-0.18010523915290833,0.907341718673706,396,295
109,3633,19,0.4233669638633728,0.5283945798873901,0.015624523162841797,0.04439742490649223,406,285
109,3633,20,0.4241476356983185,0.5442788600921631,-0.18146036565303802,0.9048501253128052,407,293
109,3633,21,0.42404109239578247,0.5188671946525574,0.02761593461036682,0.0410333015024662,407,280
109,3633,22,0.4247712790966034,0.5353921055793762,-0.164051815867424,0.841338038444519,407,289
109,3633,23,0.4121779501438141,0.4990810751914978,0.0630163922905922,0.9999460577964783,395,269
109,3633,24,0.41036558151245117,0.5014650821685791,-0.06317092478275299,0.9999730587005615,393,270
109,3633,25,0.4272971749305725,0.6218035817146301,0.06446905434131622,0.6193380355834961,410,335
109,3633,26,0.4304172396659851,0.6236035227775574,-0.052921537309885025,0.9531368613243103,413,336
109,3633,27,0.36520957946777344,0.7113149166107178,0.08449503034353256,0.8775429725646973,350,384
109,3633,28,0.42077764868736267,0.7498098611831665,-0.014273193664848804,0.9788855314254761,403,404
109,3633,29,0.34733816981315613,0.7159159183502197,0.08395276218652725,0.871315598487854,333,386
109,3633,30,0.41032370924949646,0.7780510783195496,-0.012137084268033504,0.8821852207183838,393,420
109,3633,31,0.3658289313316345,0.7828080654144287,0.04842986911535263,0.8970064520835876,351,422
109,3633,32,0.4330173134803772,0.7891520261764526,-0.0575764924287796,0.9616827964782715,415,426
110,3666,0,0.43047088384628296,0.2607789635658264,-0.06873629987239838,0.9954228401184082,413,140
110,3666,1,0.4288216233253479,0.2493949681520462,-0.061633072793483734,0.9919542670249939,411,134
110,3666,2,0.4277097284793854,0.24895615875720978,-0.061810534447431564,0.9898556470870972,410,134
110,3666,3,0.42657002806663513,0.2486032247543335,-0.061774011701345444,0.9928649663925171,409,134
110,3666,4,0.43044692277908325,0.2501327097415924,-0.07977299392223358,0.9956759214401245,413,135
110,3666,5,0.43058550357818604,0.25018438696861267,-0.07996293157339096,0.9968180656433105,413,135
110,3666,6,0.43084850907325745,0.2500491142272949,-0.08008600026369095,0.997824490070343,413,135
110,3666,7,0.4196958839893341,0.25290167331695557,-0.020753294229507446,0.9953986406326294,402,136
110,3666,8,0.424845814704895,0.25535351037979126,-0.10755474120378494,0.9970349073410034,407,137
110,3666,9,0.42597609758377075,0.2729463577270508,-0.04983719438314438,0.9940577149391174,408,147
110,3666,10,0.42718738317489624,0.2724737226963043,-0.07591840624809265,0.9963739514350891,410,147
110,3666,11,0.4084295332431793,0.3207302987575531,0.04662875458598137,0.9996290802955627,392,173
110,3666,12,0.4091055989265442,0.32538074254989624,-0.1430075764656067,0.9999350309371948,392,175
110,3666,13,0.4106966257095337,0.41982296109199524,0.07277272641658783,0.030729275196790695,394,226
110,3666,14,0.40787389874458313,0.42834681272506714,-0.16922909021377563,0.9909960031509399,391,231
110,3666,15,0.4203553795814514,0.5047719478607178,0.03031170926988125,0.02800789661705494,403,272
110,3666,16,0.41933807730674744,0.5189131498336792,-0.16255846619606018,0.9541418552398682,402,280
110,3666,17,0.41978585720062256,0.5341836214065552,0.027887869626283646,0.043063629418611526,402,288
110,3666,18,0.4161947965621948,0.5494813919067383,-0.17846737802028656,0.909957766532898,399,296
110,3666,19,0.4248051047325134,0.5327063798904419,0.010061327368021011,0.04374907165765762,407,287
110,3666,20,0.4254235327243805,0.54730224609375,-0.18117888271808624,0.9071786403656006,408,295
110,3666,21,0.42568495869636536,0.5234626531600952,0.02200862392783165,0.040354326367378235,408,282
110,3666,22,0.4263438284397125,0.53859943151474,-0.16289320588111877,0.8451594710350037,409,290
110,3666,23,0.4177570343017578,0.5010548233985901,0.061620935797691345,0.9999467730522156,401,270
110,3666,24,0.41539666056632996,0.5029760003089905,-0.06177274510264397,0.9999737739562988,398,271
110,3666,25,0.43579182028770447,0.6230330467224121,0.07453297823667526,0.6103224158287048,418,336
110,3666,26,0.43091270327568054,0.6251299977302551,-0.03364630043506622,0.9445620775222778,413,337
110,3666,27,0.37968161702156067,0.716871440410614,0.1113252267241478,0.8609849810600281,364,387
110,3666,28,0.42562639713287354,0.7545873522758484,0.015032202005386353,0.9771771430969238,408,407
110,3666,29,0.3646852672100067,0.7206240892410278,0.11224974691867828,0.8586633801460266,350,389
110,3666,30,0.41635528206825256,0.7818044424057007,0.018067363649606705,0.8816382884979248,399,422
110,3666,31,0.3850342631340027,0.7838276028633118,0.07289440929889679,0.8819808959960938,369,423
110,3666,32,0.46026721596717834,0.7817479372024536,-0.03215295448899269,0.9568127989768982,441,422
111,3700,0,0.4313676953315735,0.2613091468811035,-0.053740039467811584,0.9949375987052917,414,141
111,3700,1,0.4297366142272949,0.24996846914291382,-0.047081783413887024,0.991606593132019,412,134
111,3700,2,0.42858320474624634,0.2494468092918396,-0.047241080552339554,0.9894762635231018,411,134
111,3700,3,0.42711973190307617,0.2490086555480957,-0.04721807315945625,0.9927281737327576,410,134
111,3700,4,0.4313511252403259,0.25076836347579956,-0.06570524722337723,0.9953457713127136,414,135
111,3700,5,0.4308251738548279,0.2507926821708679,-0.06590556353330612,0.996538519859314,413,135
111,3700,6,0.43097588419914246,0.25068846344947815,-0.06599996238946915,0.9976621866226196,413,135
111,3700,7,0.4200725555419922,0.2527087926864624,-0.009610215201973915,0.9953247308731079,403,136
111,3700,8,0.4251474142074585,0.2555794417858124,-0.09444089233875275,0.9967412948608398,408,138
111,3700,9,0.4273207485675812,0.27311384677886963,-0.03586374968290329,0.9938515424728394,410,147
111,3700,10,0.4281465411186218,0.2728581726551056,-0.06145244464278221,0.9961447715759277,411,147
111,3700,11,0.409697562456131,0.32056331634521484,0.053203828632831573,0.9996196627616882,393,173
111,3700,12,0.41033342480659485,0.32483556866645813,-0.1302075982093811,0.9999299049377441,393,175
111,3700,13,0.4110713303089142,0.4207347631454468,0.07792361080646515,0.029988260939717293,394,227
111,3700,14,0.40894895792007446,0.4286544620990753,-0.1563609093427658,0.9890810251235962,392,231
111,3700,15,0.4214603006839752,0.5063043832778931,0.03375764563679695,0.026997318491339684,404,273
111,3700,16,0.4212018549442291,0.5195023417472839,-0.14620104432106018,0.9508998394012451,404,280
111,3700,17,0.42095816135406494,0.5348085761070251,0.03175545483827591,0.041724711656570435,404,288
111,3700,18,0.41791003942489624,0.5495287775993347,-0.16105349361896515,0.9065576195716858,401,296
111,3700,19,0.4261135756969452,0.5339402556419373,0.014615860767662525,0.042358946055173874,409,288
111,3700,20,0.42633292078971863,0.547349750995636,-0.16239316761493683,0.9031285643577576,409,295
111,3700,21,0.4266814887523651,0.5253808498382568,0.025948097929358482,0.03911739960312843,409,283
111,3700,22,0.4276082217693329,0.5387622117996216,-0.14606936275959015,0.8403162956237793,410,290
111,3700,23,0.41967275738716125,0.5017833113670349,0.060730013996362686,0.999947190284729,402,270
111,3700,24,0.4190155565738678,0.5031470060348511,-0.06088322773575783,0.9999740719795227,402,271
111,3700,25,0.43921464681625366,0.6249635219573975,0.06293931603431702,0.6026160717010498,421,337
111,3700,26,0.4338516891002655,0.6266761422157288,-0.0392821803689003,0.937245786190033,416,338
111,3700,27,0.3849938213825226,0.7182292938232422,0.09464992582798004,0.8406931161880493,369,387
111,3700,28,0.42444536089897156,0.7538905143737793,-0.0009381959680467844,0.9748497605323792,407,407
111,3700,29,0.36999693512916565,0.7188301682472229,0.09576607495546341,0.8420453071594238,355,388
111,3700,30,0.4180046319961548,0.7828338742256165,0.0013080948265269399,0.8783301711082458,401,422
111,3700,31,0.38721784949302673,0.7853426933288574,0.06230878084897995,0.8645198941230774,371,424
111,3700,32,0.4605337679386139,0.7803239822387695,-0.04539733752608299,0.9516288638114929,442,421
112,3733,0,0.4382063150405884,0.2611472010612488,-0.07232146710157394,0.9953203201293945,420,141
112,3733,1,0.43682724237442017,0.2494451105594635,-0.06488920003175735,0.9922207593917847,419,134
112,3733,2,0.43577587604522705,0.24880051612854004,-0.0650552362203598,0.9902730584144592,418,134
112,3733,3,0.43468934297561646,0.24824261665344238,-0.06502877175807953,0.9932849407196045,417,134
112,3733,4,0.43841516971588135,0.25025761127471924,-0.08579318970441818,0.9956788420677185,420,135
112,3733,5,0.4384721517562866,0.25014999508857727,-0.08599001914262772,0.9967838525772095,420,135
112,3733,6,0.4387587308883667,0.2499406635761261,-0.08609405159950256,0.9978212118148804,421,134
112,3733,7,0.4272325932979584,0.25175169110298157,-0.022679246962070465,0.9956878423690796,410,135
112,3733,8,0.4325893521308899,0.25467047095298767,-0.11822433769702911,0.9969449639320374,415,137
112,3733,9,0.43412724137306213,0.272736132144928,-0.052629608660936356,0.9943344593048096,416,147
112,3733,10,0.43505170941352844,0.2724611163139343,-0.08137083798646927,0.9964390993118286,417,147
112,3733,11,0.41715890169143677,0.32023319602012634,0.04822208732366562,0.999648928642273,400,172
112,3733,12,0.4167543649673462,0.32390162348747253,-0.15429191291332245,0.9999330043792725,400,174
112,3733,13,0.4176073372364044,0.4225223660469055,0.07817357033491135,0.03494877368211746,400,228
112,3733,14,0.4132639169692993,0.4286360740661621,-0.18681234121322632,0.9888051748275757,396,231
112,3733,15,0.4290481507778168,0.5070841908454895,0.03753049671649933,0.03581429272890091,411,273
112,3733,16,0.4265768826007843,0.5195783376693726,-0.18457339704036713,0.9487305283546448,409,280
112,3733,17,0.4291093051433563,0.5352104306221008,0.0355537012219429,0.05312831327319145,411,289
112,3733,18,0.4252721965312958,0.5498368144035339,-0.20597440004348755,0.9026303887367249,408,296
112,3733,19,0.43458786606788635,0.5349578261375427,0.016993530094623566,0.05451474338769913,417,288
112,3733,20,0.43355295062065125,0.547482430934906,-0.20698796212673187,0.8994921445846558,416,295
112,3733,21,0.4344361126422882,0.5265458822250366,0.02929905243217945,0.04985107108950615,417,284
112,3733,22,0.43427276611328125,0.5388522148132324,-0.18495440483093262,0.8347815275192261,416,290
112,3733,23,0.4263010323047638,0.5001540780067444,0.0657782256603241,0.9999425411224365,409,270
112,3733,24,0.4263673722743988,0.5031415224075317,-0.06588286906480789,0.9999706745147705,409,271
112,3733,25,0.4429636001586914,0.6222888231277466,0.11518090218305588,0.5569621920585632,425,336
112,3733,26,0.4483422040939331,0.6275455355644226,-0.0725683644413948,0.9292463660240173,430,338
112,3733,27,0.41852042078971863,0.7362393736839294,0.18693651258945465,0.7833743095397949,401,397
112,3733,28,0.42171144485473633,0.7529611587524414,-0.0004060290229972452,0.9540296196937561,404,406
112,3733,29,0.4108186364173889,0.7489418387413025,0.19086183607578278,0.7904491424560547,394,404
112,3733,30,0.4138364791870117,0.7772123217582703,0.001540584722533822,0.8354623913764954,397,419
112,3733,31,0.4373534321784973,0.7691217660903931,0.16217409074306488,0.8155446648597717,419,415
112,3733,32,0.4509259760379791,0.7761384844779968,-0.036401085555553436,0.9254691004753113,432,419
113,3766,0,0.4400427043437958,0.2616479694843292,-0.07966481894254684,0.994705855846405,422,141
113,3766,1,0.43796077370643616,0.24911540746688843,-0.07315132021903992,0.9908766150474548,420,134
113,3766,2,0.4366958737373352,0.24852077662944794,-0.07332519441843033,0.9887940287590027,419,134
113,3766,3,0.43544647097587585,0.2480178028345108,-0.07331998646259308,0.9924519062042236,418,133
113,3766,4,0.43971890211105347,0.24992957711219788,-0.0915444865822792,0.9948136210441589,422,134
113,3766,5,0.439793199300766,0.24986878037452698,-0.09174101799726486,0.9960179328918457,422,134
113,3766,6,0.43999090790748596,0.24972449243068695,-0.09186092764139175,0.9972695708274841,422,134
113,3766,7,0.4281213879585266,0.251528263092041,-0.03451739251613617,0.9952511787414551,410,135
113,3766,8,0.43225839734077454,0.25402218103408813,-0.11874237656593323,0.9960564970970154,414,137
113,3766,9,0.435700923204422,0.2731081247329712,-0.06129444018006325,0.9932113289833069,418,147
113,3766,10,0.43641433119773865,0.2728866636753082,-0.086678147315979,0.9956021904945374,418,147
113,3766,11,0.41696903109550476,0.31936317682266235,0.03591743856668472,0.9996476173400879,400,172
113,3766,12,0.41769805550575256,0.32297250628471375,-0.15227721631526947,0.9999132752418518,400,174
113,3766,13,0.4182409942150116,0.42323145270347595,0.06424880772829056,0.03396112099289894,401,228
113,3766,14,0.4125394821166992,0.4288104772567749,-0.17791599035263062,0.9876930713653564,396,231
113,3766,15,0.4298230707645416,0.5075181126594543,0.028163759037852287,0.03656291589140892,412,274
113,3766,16,0.42782366275787354,0.5207222104072571,-0.16628621518611908,0.9399559497833252,410,281
113,3766,17,0.430508017539978,0.5353090763092041,0.02551037073135376,0.05503637343645096,413,289
113,3766,18,0.426144540309906,0.5501836538314819,-0.18482573330402374,0.8887191414833069,409,297
113,3766,19,0.4352926015853882,0.5356199741363525,0.008355244062840939,0.0563911497592926,417,289
113,3766,20,0.43566542863845825,0.5477268695831299,-0.1873142123222351,0.8862671256065369,418,295
113,3766,21,0.43626669049263,0.527122974395752,0.020440075546503067,0.05130407214164734,418,284
113,3766,22,0.43691831827163696,0.5394220948219299,-0.16708984971046448,0.8188781142234802,419,291
113,3766,23,0.4279005229473114,0.4992465078830719,0.06423714011907578,0.9999356269836426,410,269
113,3766,24,0.4278784394264221,0.5032522082328796,-0.06433442234992981,0.9999618530273438,410,271
113,3766,25,0.440548837184906,0.6199769973754883,0.11287472397089005,0.5142838358879089,422,334
113,3766,26,0.45758163928985596,0.6281638145446777,-0.08401941508054733,0.9168835282325745,439,339
113,3766,27,0.42329496145248413,0.744412899017334,0.16429920494556427,0.7479905486106873,406,401
113,3766,28,0.41874366998672485,0.6840053200721741,0.01110740378499031,0.9094032049179077,401,369
113,3766,29,0.4152338206768036,0.7618805766105652,0.16616301238536835,0.7598706483840942,398,411
113,3766,30,0.4064449965953827,0.6850983500480652,0.0212207343429327,0.7858380079269409,390,369
113,3766,31,0.4478470981121063,0.768909752368927,0.14300064742565155,0.780023992061615,429,415
113,3766,32,0.43149200081825256,0.7143872380256653,0.016658825799822807,0.8808077573776245,414,385
114,3800,0,0.4470197856426239,0.26193878054618835,-0.07625388354063034,0.9948184490203857,429,141
114,3800,1,0.4454379081726074,0.24926158785820007,-0.0694887787103653,0.9908587336540222,427,134
114,3800,2,0.44460251927375793,0.2486729919910431,-0.06965862959623337,0.9888575673103333,426,134
114,3800,3,0.44380292296409607,0.2481609731912613,-0.0696479082107544,0.9924619197845459,426,134
114,3800,4,0.44616276025772095,0.24994315207004547,-0.088483065366745,0.9948285818099976,428,134
114,3800,5,0.4459132254123688,0.24979422986507416,-0.08867635577917099,0.9960388541221619,428,134
114,3800,6,0.4457717835903168,0.24955125153064728,-0.08879400789737701,0.9972423911094666,427,134
114,3800,7,0.4369926452636719,0.251639723777771,-0.030231470242142677,0.9953411817550659,419,135
114,3800,8,0.439665287733078,0.2538074851036072,-0.11687500029802322,0.9960493445396423,422,137
114,3800,9,0.44292470812797546,0.27324214577674866,-0.05778978392481804,0.9932777285575867,425,147
114,3800,10,0.4431785047054291,0.2728470265865326,-0.08395867794752121,0.9956305027008057,425,147
114,3800,11,0.42649516463279724,0.319073349237442,0.039277080446481705,0.9996600151062012,409,172
114,3800,12,0.42354634404182434,0.32234877347946167,-0.1566537320613861,0.9999146461486816,406,174
114,3800,13,0.42722025513648987,0.4207857549190521,0.06863284856081009,0.03668713569641113,410,227
114,3800,14,0.41713276505470276,0.4271049499511719,-0.19012333452701569,0.9882320165634155,400,230
114,3800,15,0.4366619884967804,0.5063503384590149,0.03277035802602768,0.0386626161634922,419,273
114,3800,16,0.4318681061267853,0.519995391368866,-0.18170876801013947,0.940036416053772,414,280
114,3800,17,0.43730393052101135,0.5338491201400757,0.030704231932759285,0.058321211487054825,419,288
114,3800,18,0.4312662184238434,0.5496212840080261,-0.2018137276172638,0.888197660446167,414,296
114,3800,19,0.4412413537502289,0.5349829792976379,0.013298572041094303,0.05971479415893555,423,288
114,3800,20,0.44036608934402466,0.5472447276115417,-0.2020924687385559,0.8862130045890808,422,295
114,3800,21,0.44232290983200073,0.5263444781303406,0.024897105991840363,0.05447758734226227,424,284
114,3800,22,0.4412955045700073,0.5389296412467957,-0.18170246481895447,0.8192846179008484,423,291
114,3800,23,0.43510401248931885,0.49974048137664795,0.06738176941871643,0.999935507774353,417,269
114,3800,24,0.43414559960365295,0.5035285949707031,-0.06746936589479446,0.9999618530273438,416,271
114,3800,25,0.44307437539100647,0.6181262135505676,0.14339679479599,0.4842633903026581,425,333
114,3800,26,0.47554266452789307,0.6238712668418884,-0.08455290645360947,0.9223105311393738,456,336
114,3800,27,0.43129459023475647,0.7305439114570618,0.20867028832435608,0.740480899810791,414,394
114,3800,28,0.42846041917800903,0.7068114876747131,-0.0026747682131826878,0.9138757586479187,411,381
114,3800,29,0.42566123604774475,0.7481029033660889,0.21160070598125458,0.7548062801361084,408,403
114,3800,30,0.41596969962120056,0.7158043384552002,0.006053546909242868,0.7861303687095642,399,386
114,3800,31,0.45085516571998596,0.7546872496604919,0.18776573240756989,0.7750223278999329,432,407
114,3800,32,0.44757938385009766,0.7314687967300415,0.009952540509402752,0.8854518532752991,429,394
115,3833,0,0.4499778151512146,0.26219674944877625,-0.06553413718938828,0.9938323497772217,431,141
115,3833,1,0.4472401440143585,0.24952886998653412,-0.05861137434840202,0.9882208108901978,429,134
115,3833,2,0.44646215438842773,0.24889115989208221,-0.05878100544214249,0.9858851432800293,428,134
115,3833,3,0.44568300247192383,0.2483193278312683,-0.05878715217113495,0.9907036423683167,427,134
115,3833,4,0.44768425822257996,0.25023189187049866,-0.0768040344119072,0.9932585954666138,429,135
115,3833,5,0.44728145003318787,0.2500716745853424,-0.07698879390954971,0.9947444796562195,429,135
115,3833,6,0.4469008445739746,0.24981680512428284,-0.07710413634777069,0.9962506294250488,429,134
115,3833,7,0.43886250257492065,0.25182685256004333,-0.019799981266260147,0.9944444894790649,421,135
115,3833,8,0.44000834226608276,0.25385627150535583,-0.10292888432741165,0.9946463704109192,422,137
115,3833,9,0.44557979702949524,0.27341270446777344,-0.04740466549992561,0.9916053414344788,427,147
115,3833,10,0.44556158781051636,0.27290356159210205,-0.07248926907777786,0.9943279027938843,427,147
115,3833,11,0.42860496044158936,0.3192445635795593,0.05048709362745285,0.999645471572876,411,172
115,3833,12,0.4242357313632965,0.3218473196029663,-0.14230428636074066,0.9999043345451355,407,173
115,3833,13,0.4272412955760956,0.42379605770111084,0.07613296806812286,0.035376209765672684,410,228
115,3833,14,0.41888540983200073,0.4269524812698364,-0.17217925190925598,0.9883686900138855,402,230
115,3833,15,0.43742647767066956,0.5080893635749817,0.03922697529196739,0.03814008831977844,419,274
115,3833,16,0.43309465050697327,0.520012617111206,-0.1611909717321396,0.9372267127037048,415,280
115,3833,17,0.43767866492271423,0.5351760387420654,0.035808492451906204,0.057976093143224716,420,288
115,3833,18,0.4321257472038269,0.5495061278343201,-0.17930002510547638,0.8834223747253418,414,296
115,3833,19,0.4421299397945404,0.5366811156272888,0.020324673503637314,0.05934927612543106,424,289
115,3833,20,0.4409703016281128,0.5472260117530823,-0.1804829090833664,0.8821231126785278,423,295
115,3833,21,0.44345951080322266,0.5279369950294495,0.03191525116562843,0.05394938215613365,425,285
115,3833,22,0.44253721833229065,0.5389481782913208,-0.16148413717746735,0.8142845034599304,424,291
115,3833,23,0.43625155091285706,0.5001784563064575,0.06712084263563156,0.9999300241470337,418,270
115,3833,24,0.43463629484176636,0.5038416385650635,-0.06721549481153488,0.9999569654464722,417,272
115,3833,25,0.4396568536758423,0.6182408928871155,0.12489163875579834,0.4448153078556061,422,333
115,3833,26,0.47491902112960815,0.623418390750885,-0.08884154260158539,0.9198733568191528,455,336
115,3833,27,0.43178194761276245,0.7312660217285156,0.18956835567951202,0.7180361151695251,414,394
115,3833,28,0.43093475699424744,0.708051860332489,-0.0037755025550723076,0.9059844017028809,413,382
115,3833,29,0.42251116037368774,0.7510877251625061,0.19677983224391937,0.7394469976425171,405,405
115,3833,30,0.413086861371994,0.7161775827407837,0.005098378285765648,0.7666715979576111,396,386
115,3833,31,0.4564208686351776,0.7585577368736267,0.15052397549152374,0.7581002712249756,438,409
115,3833,32,0.4439449906349182,0.7473499774932861,-0.006445460952818394,0.877463161945343,426,403
116,3866,0,0.45539429783821106,0.2622860372066498,-0.06611735373735428,0.9940640330314636,437,141
116,3866,1,0.4532932937145233,0.24972237646579742,-0.058949634432792664,0.9886159896850586,435,134
116,3866,2,0.4523587226867676,0.24908964335918427,-0.05911587178707123,0.9863673448562622,434,134
116,3866,3,0.4513927400112152,0.2485327571630478,-0.05911847576498985,0.9909638166427612,433,134
116,3866,4,0.45435652136802673,0.25041061639785767,-0.07709814608097076,0.993545413017273,436,135
116,3866,5,0.4542897045612335,0.25023794174194336,-0.0772799551486969,0.9949615597724915,436,135
116,3866,6,0.4542904198169708,0.2499786913394928,-0.07739748805761337,0.9964105486869812,436,134
116,3866,7,0.4446612596511841,0.2518501281738281,-0.019818855449557304,0.9946423172950745,426,135
116,3866,8,0.4490526616573334,0.25389862060546875,-0.10375703126192093,0.9949327111244202,431,137
116,3866,9,0.451490581035614,0.2734820544719696,-0.04789368063211441,0.9918918013572693,433,147
116,3866,10,0.4519585967063904,0.27301928400993347,-0.0730380266904831,0.9945796132087708,433,147
116,3866,11,0.43405094742774963,0.3193225562572479,0.0466017946600914,0.9996470212936401,416,172
116,3866,12,0.4314585030078888,0.32196754217147827,-0.14119546115398407,0.9999091029167175,414,173
116,3866,13,0.4342806935310364,0.42389464378356934,0.07226346433162689,0.034082747995853424,416,228
116,3866,14,0.4252054989337921,0.42664358019828796,-0.1713295429944992,0.9889606237411499,408,230
116,3866,15,0.44500118494033813,0.5082305073738098,0.042231932282447815,0.03599460422992706,427,274
116,3866,16,0.43766844272613525,0.5197528004646301,-0.16106976568698883,0.9413506388664246,420,280
116,3866,17,0.44365522265434265,0.5352694392204285,0.041989121586084366,0.05502781644463539,425,289
116,3866,18,0.4354010820388794,0.5482805371284485,-0.17939665913581848,0.8902314305305481,417,296
116,3866,19,0.45050248503685,0.5366292595863342,0.025417480617761612,0.05628838390111923,432,289
116,3866,20,0.44503161311149597,0.5468786954879761,-0.1800185590982437,0.8889417052268982,427,295
116,3866,21,0.45203790068626404,0.5277948379516602,0.03498111665248871,0.05126635357737541,433,285
116,3866,22,0.446461021900177,0.537980318069458,-0.16114534437656403,0.8243724703788757,428,290
116,3866,23,0.44226983189582825,0.5038500428199768,0.06512489914894104,0.9999271631240845,424,272
116,3866,24,0.44349610805511475,0.5083104372024536,-0.06521899998188019,0.9999580383300781,425,274
116,3866,25,0.4407251477241516,0.6177048683166504,0.18002475798130035,0.4167000651359558,423,333
116,3866,26,0.4811324179172516,0.6209280490875244,-0.06330544501543045,0.9253393411636353,461,335
116,3866,27,0.4292936623096466,0.714708685874939,0.2786988317966461,0.7099430561065674,412,385
116,3866,28,0.4444518983364105,0.71284019947052,0.029891544952988625,0.9132221341133118,426,384
116,3866,29,0.4258025586605072,0.7295724153518677,0.2855910658836365,0.7292820811271667,408,393
116,3866,30,0.4314173758029938,0.7281872034072876,0.03878655284643173,0.7775246500968933,414,393
116,3866,31,0.4454779028892517,0.7469272017478943,0.27400365471839905,0.7505285739898682,427,403
116,3866,32,0.4572180509567261,0.7728270292282104,0.019181136041879654,0.8854578137397766,438,417
117,3900,0,0.45579594373703003,0.2635699212551117,-0.0661788284778595,0.9936507344245911,437,142
117,3900,1,0.4540245234966278,0.251137375831604,-0.05896228551864624,0.9874113202095032,435,135
117,3900,2,0.4529803395271301,0.25048163533210754,-0.05912799760699272,0.9847903251647949,434,135
117,3900,3,0.4519704282283783,0.24991624057292938,-0.05913083255290985,0.9897292256355286,433,134
117,3900,4,0.4553033411502838,0.25163134932518005,-0.07721107453107834,0.9931104779243469,437,135
117,3900,5,0.45526859164237976,0.2513335347175598,-0.07739410549402237,0.9946337938308716,437,135
117,3900,6,0.45534271001815796,0.25097939372062683,-0.07751084864139557,0.996215283870697,437,135
117,3900,7,0.4449852705001831,0.25229448080062866,-0.019827179610729218,0.9939940571784973,427,136
117,3900,8,0.4476107656955719,0.25414609909057617,-0.10377092659473419,0.9947786331176758,429,137
117,3900,9,0.45209619402885437,0.2745490074157715,-0.048032987862825394,0.9912753105163574,434,148
117,3900,10,0.452444851398468,0.27421918511390686,-0.07311423867940903,0.9943830370903015,434,148
117,3900,11,0.43294429779052734,0.31943848729133606,0.04555428400635719,0.9996241927146912,415,172
117,3900,12,0.43215852975845337,0.32180893421173096,-0.1412128061056137,0.9999110698699951,414,173
117,3900,13,0.43454158306121826,0.42423775792121887,0.07200541347265244,0.03234046697616577,417,229
117,3900,14,0.42720040678977966,0.42594823241233826,-0.17281502485275269,0.9897134900093079,410,230
117,3900,15,0.44542196393013,0.5082563161849976,0.04677220806479454,0.034073758870363235,427,274
117,3900,16,0.43852126598358154,0.5198543071746826,-0.17124897241592407,0.9462651610374451,420,280
117,3900,17,0.4441094994544983,0.5352500081062317,0.04769959673285484,0.052376411855220795,426,289
117,3900,18,0.4368692934513092,0.5482803583145142,-0.19189468026161194,0.8987650275230408,419,296
117,3900,19,0.45033711194992065,0.5369181632995605,0.03008291870355606,0.05357646942138672,432,289
117,3900,20,0.44685107469558716,0.5472449660301208,-0.19064892828464508,0.897630512714386,428,295
117,3900,21,0.4524499475955963,0.5286417603492737,0.039252303540706635,0.048869408667087555,434,285
117,3900,22,0.44865259528160095,0.5382413268089294,-0.17104855179786682,0.8375857472419739,430,290
117,3900,23,0.44447606801986694,0.5042033195495605,0.0638982355594635,0.9999098777770996,426,272
117,3900,24,0.44509318470954895,0.5084136724472046,-0.06399808824062347,0.9999530911445618,427,274
117,3900,25,0.4470597207546234,0.6139302849769592,0.15487906336784363,0.38469505310058594,429,331
117,3900,26,0.4814332127571106,0.6199930906295776,-0.06142406910657883,0.923866868019104,462,334
117,3900,27,0.43516212701797485,0.7156683206558228,0.22499270737171173,0.6878423690795898,417,386
117,3900,28,0.4391450583934784,0.7154934406280518,0.034027110785245895,0.9114582538604736,421,386
117,3900,29,0.4302598834037781,0.7296048402786255,0.22853176295757294,0.7068008780479431,413,393
117,3900,30,0.4260469973087311,0.7234082818031311,0.043230943381786346,0.7649420499801636,409,390
117,3900,31,0.44206270575523376,0.7453174591064453,0.20745901763439178,0.7304263114929199,424,402
117,3900,32,0.4531799256801605,0.7731539607048035,0.02287064865231514,0.8817840218544006,435,417
118,3933,0,0.4626203179359436,0.2634611129760742,-0.06454677134752274,0.9937772750854492,444,142
118,3933,1,0.4615553021430969,0.2509486973285675,-0.057609084993600845,0.9875217080116272,443,135
118,3933,2,0.46084487438201904,0.25026100873947144,-0.05777684226632118,0.9850165247917175,442,135
118,3933,3,0.46021509170532227,0.24970141053199768,-0.05777044966816902,0.9898080229759216,441,134
118,3933,4,0.4621731638908386,0.2514553666114807,-0.07564051449298859,0.993182361125946,443,135
118,3933,5,0.46163704991340637,0.25113725662231445,-0.07583186030387878,0.9947347044944763,443,135
118,3933,6,0.4615965783596039,0.25076836347579956,-0.07594776153564453,0.9962633848190308,443,135
118,3933,7,0.4534238576889038,0.25205937027931213,-0.01906452141702175,0.9940631985664368,435,136
118,3933,8,0.45623570680618286,0.2539463937282562,-0.10166378319263458,0.9949008226394653,437,137
118,3933,9,0.4588882625102997,0.2744716703891754,-0.04657698795199394,0.9914447069168091,440,148
118,3933,10,0.4590498208999634,0.2741265892982483,-0.07138685137033463,0.9945076107978821,440,148
118,3933,11,0.4408849775791168,0.3194878101348877,0.04649069160223007,0.9996230602264404,423,172
118,3933,12,0.4398248493671417,0.32191771268844604,-0.13839250802993774,0.9999141097068787,422,173
118,3933,13,0.4506257474422455,0.42294713854789734,0.07305194437503815,0.035971421748399734,432,228
118,3933,14,0.4352371096611023,0.42602401971817017,-0.17049647867679596,0.9904423356056213,417,230
118,3933,15,0.4635221064090729,0.5072388052940369,0.046764250844717026,0.03767137601971626,444,273
118,3933,16,0.4487825930118561,0.5201991200447083,-0.1689566969871521,0.9507171511650085,430,280
118,3933,17,0.4668565094470978,0.5321856737136841,0.047027844935655594,0.05734839662909508,448,287
118,3933,18,0.4484301209449768,0.5483909249305725,-0.18962666392326355,0.9068686962127686,430,296
118,3933,19,0.4719032645225525,0.5341811180114746,0.02931668609380722,0.058777764439582825,453,288
118,3933,20,0.4570161700248718,0.5472432374954224,-0.19036227464675903,0.9058641791343689,438,295
118,3933,21,0.46980226039886475,0.526342511177063,0.039019159972667694,0.053827915340662,451,284
118,3933,22,0.45751091837882996,0.5382360816001892,-0.16952522099018097,0.8503206968307495,439,290
118,3933,23,0.45118674635887146,0.5052793622016907,0.06267278641462326,0.9999108910560608,433,272
118,3933,24,0.45340460538864136,0.5085119009017944,-0.06280838698148727,0.9999542832374573,435,274
118,3933,25,0.44459739327430725,0.624468982219696,0.14889830350875854,0.39158231019973755,426,337
118,3933,26,0.49182358384132385,0.6193662881851196,-0.03806662932038307,0.9284267425537109,472,334
118,3933,27,0.435045450925827,0.7327685952186584,0.20928116142749786,0.710220992565155,417,395
118,3933,28,0.46616581082344055,0.7362852692604065,0.0340852215886116,0.9191949367523193,447,397
118,3933,29,0.42988768219947815,0.7526599168777466,0.21173550188541412,0.7257559299468994,412,406
118,3933,30,0.45281022787094116,0.7498350739479065,0.04027562215924263,0.7818545699119568,434,404
118,3933,31,0.4482601583003998,0.7587844729423523,0.1843276470899582,0.7493879795074463,430,409
118,3933,32,0.4850814938545227,0.7895211577415466,0.009188042022287846,0.8913064002990723,465,426
119,3966,0,0.46283549070358276,0.263496994972229,-0.057738542556762695,0.9941648840904236,444,142
119,3966,1,0.4618034362792969,0.25097402930259705,-0.05097601190209389,0.9882287383079529,443,135
119,3966,2,0.4608512222766876,0.25029101967811584,-0.05113985016942024,0.985925555229187,442,135
119,3966,3,0.4599091708660126,0.24973943829536438,-0.05112164840102196,0.9903973340988159,441,134
119,3966,4,0.4628596901893616,0.2514704167842865,-0.06989578902721405,0.993549644947052,444,135
119,3966,5,0.46270260214805603,0.2511589825153351,-0.07009000331163406,0.995037853717804,444,135
119,3966,6,0.4627019762992859,0.25080153346061707,-0.07019069045782089,0.9964541792869568,444,135
119,3966,7,0.45308029651641846,0.2521273195743561,-0.012698977254331112,0.9944115877151489,434,136
119,3966,8,0.4568524956703186,0.2540168762207031,-0.0986800342798233,0.9951794743537903,438,137
119,3966,9,0.4589405357837677,0.2745077610015869,-0.03950488939881325,0.9918991923332214,440,148
119,3966,10,0.45941564440727234,0.27420753240585327,-0.06550965458154678,0.9947870969772339,441,148
119,3966,11,0.44050291180610657,0.31946152448654175,0.055838726460933685,0.9996317625045776,422,172
119,3966,12,0.4398408830165863,0.3217560350894928,-0.13743066787719727,0.9999173283576965,422,173
119,3966,13,0.4490777552127838,0.42514318227767944,0.08121265470981598,0.0407283790409565,431,229
119,3966,14,0.43503469228744507,0.42536455392837524,-0.17058302462100983,0.9911863803863525,417,229
119,3966,15,0.46085527539253235,0.5060946345329285,0.048307064920663834,0.04433787241578102,442,273
119,3966,16,0.4493340849876404,0.5203301310539246,-0.16825555264949799,0.9548807144165039,431,280
119,3966,17,0.46341419219970703,0.5314309000968933,0.047569580376148224,0.066375233232975,444,286
119,3966,18,0.4494118392467499,0.5484722852706909,-0.1890699863433838,0.9145066738128662,431,296
119,3966,19,0.46965184807777405,0.5328106880187988,0.029585454612970352,0.06811913102865219,450,287
119,3966,20,0.4578321576118469,0.5471251606941223,-0.18983881175518036,0.9136080741882324,439,295
119,3966,21,0.4693910479545593,0.523987352848053,0.04020095616579056,0.06248294934630394,450,282
119,3966,22,0.4584534764289856,0.5379520058631897,-0.1690542995929718,0.8622826337814331,440,290
119,3966,23,0.4528016149997711,0.5059806108474731,0.0630473792552948,0.9999127984046936,434,273
119,3966,24,0.4552260935306549,0.5086709260940552,-0.06319978088140488,0.9999555945396423,437,274
119,3966,25,0.4449498951435089,0.6274260878562927,0.1412956416606903,0.40621185302734375,427,338
119,3966,26,0.49329689145088196,0.6181803345680237,-0.04259851202368736,0.9333851337432861,473,333
119,3966,27,0.43594202399253845,0.7420589923858643,0.20251193642616272,0.7313562035560608,418,400
119,3966,28,0.46875742077827454,0.7441853880882263,0.028206417337059975,0.9262155294418335,450,401
119,3966,29,0.4303484857082367,0.7654012441635132,0.2058526575565338,0.7457252144813538,413,413
119,3966,30,0.4517926573753357,0.763102650642395,0.03704897314310074,0.7980894446372986,433,412
119,3966,31,0.4504389762878418,0.7651751637458801,0.17652039229869843,0.7675542235374451,432,413
119,3966,32,0.489178329706192,0.7916103005409241,0.0069173043593764305,0.8999940752983093,469,427
120,4000,0,0.4689485430717468,0.2634650468826294,-0.07144417613744736,0.9945865273475647,450,142
120,4000,1,0.46828287839889526,0.25102096796035767,-0.0635153278708458,0.9891263842582703,449,135
120,4000,2,0.4678191542625427,0.2504223585128784,-0.06367610394954681,0.9869850277900696,449,135
120,4000,3,0.46742862462997437,0.2499890923500061,-0.06363942474126816,0.9911075234413147,448,134
120,4000,4,0.4679335057735443,0.25150203704833984,-0.08133365958929062,0.9940293431282043,449,135
120,4000,5,0.4673515856266022,0.2511504292488098,-0.08153846859931946,0.995403528213501,448,135
120,4000,6,0.4668911099433899,0.25073087215423584,-0.08164504170417786,0.9967165589332581,448,135
120,4000,7,0.46118250489234924,0.25274738669395447,-0.019371531903743744,0.994758129119873,442,136
120,4000,8,0.4606534242630005,0.25400102138519287,-0.10017553716897964,0.9955001473426819,442,137
120,4000,9,0.4646163284778595,0.27443236112594604,-0.05097800865769386,0.9923545718193054,446,148
120,4000,10,0.4640805423259735,0.2740139365196228,-0.0756002888083458,0.9950883984565735,445,147
120,4000,11,0.44703978300094604,0.31974661350250244,0.05252939090132713,0.9996188282966614,429,172
120,4000,12,0.44705525040626526,0.32227009534835815,-0.13803012669086456,0.9999184012413025,429,174
120,4000,13,0.452523797750473,0.4248195290565491,0.07611827552318573,0.04125963896512985,434,229
120,4000,14,0.4388546943664551,0.4276028871536255,-0.17339211702346802,0.9912711977958679,421,230
120,4000,15,0.46907690167427063,0.5041250586509705,0.03457275405526161,0.045751526951789856,450,272
120,4000,16,0.4543887674808502,0.5215634107589722,-0.17923180758953094,0.9567522406578064,436,281
120,4000,17,0.47067317366600037,0.5295901298522949,0.03170916065573692,0.06877021491527557,451,285
120,4000,18,0.454907089471817,0.5495087504386902,-0.2000703513622284,0.9176878333091736,436,296
120,4000,19,0.4738686978816986,0.5313962697982788,0.01253877580165863,0.07067890465259552,454,286
120,4000,20,0.46315211057662964,0.5472061038017273,-0.2013443410396576,0.916815996170044,444,295
120,4000,21,0.4736569821834564,0.5219234228134155,0.02576690912246704,0.06472096592187881,454,281
120,4000,22,0.463015615940094,0.5379598140716553,-0.1799859255552292,0.8668215274810791,444,290
120,4000,23,0.4569486677646637,0.5068830251693726,0.06267630308866501,0.9999116659164429,438,273
120,4000,24,0.46063897013664246,0.5095120668411255,-0.06283565610647202,0.999955415725708,442,275
120,4000,25,0.4461013972759247,0.6301442980766296,0.13153906166553497,0.4199734330177307,428,340
120,4000,26,0.4969911277294159,0.6183475255966187,-0.03364324942231178,0.9327192306518555,477,333
120,4000,27,0.43403664231300354,0.7475900053977966,0.17326095700263977,0.7485582828521729,416,403
120,4000,28,0.4884497821331024,0.7500079274177551,0.026625046506524086,0.9309781193733215,468,405
120,4000,29,0.42716503143310547,0.7716562151908875,0.17376366257667542,0.7602670192718506,410,416
120,4000,30,0.47935688495635986,0.7705711126327515,0.03252009302377701,0.8067935705184937,460,416
120,4000,31,0.4570271670818329,0.7716978192329407,0.13264445960521698,0.7819202542304993,438,416
120,4000,32,0.5112847685813904,0.7904365658760071,-0.010580230504274368,0.9047121405601501,490,426
121,4033,0,0.46997278928756714,0.2627701461315155,-0.05933201313018799,0.9950167536735535,451,141
121,4033,1,0.4684275686740875,0.2508343756198883,-0.05174602195620537,0.9899950623512268,449,135
121,4033,2,0.46746206283569336,0.25030872225761414,-0.05188896507024765,0.9880279898643494,448,135
121,4033,3,0.4665014147758484,0.24993127584457397,-0.05185364559292793,0.9918208718299866,447,134
121,4033,4,0.46934574842453003,0.25139862298965454,-0.07036792486906052,0.9944954514503479,450,135
121,4033,5,0.4691668152809143,0.25114455819129944,-0.07056032121181488,0.9957591891288757,450,135
121,4033,6,0.4690631628036499,0.25077444314956665,-0.07064778357744217,0.9969682693481445,450,135
121,4033,7,0.46000203490257263,0.25279632210731506,-0.012057230807840824,0.9951577186584473,441,136
121,4033,8,0.46160975098609924,0.2540428638458252,-0.0960913747549057,0.9958236813545227,443,137
121,4033,9,0.4658573269844055,0.2739500403404236,-0.040636833757162094,0.9929379224777222,447,147
121,4033,10,0.466673880815506,0.2738456428050995,-0.06620486825704575,0.9954550266265869,448,147
121,4033,11,0.44777730107307434,0.31991446018218994,0.05560494214296341,0.9996364712715149,429,172
121,4033,12,0.44883713126182556,0.3223099410533905,-0.1342228204011917,0.9999212622642517,430,174
121,4033,13,0.4557531476020813,0.4295442998409271,0.07921148836612701,0.04694582521915436,437,231
121,4033,14,0.4431001543998718,0.4296392500400543,-0.17262010276317596,0.9915513396263123,425,232
121,4033,15,0.4688946604728699,0.5041682720184326,0.03652073070406914,0.055536020547151566,450,272
121,4033,16,0.4560096561908722,0.5235430002212524,-0.17631272971630096,0.9589946269989014,437,282
121,4033,17,0.476414293050766,0.5327556133270264,0.03408769518136978,0.08076638728380203,457,287
121,4033,18,0.45555245876312256,0.5513378381729126,-0.19654516875743866,0.9216549396514893,437,297
121,4033,19,0.476766973733902,0.5312832593917847,0.015082684345543385,0.08311858773231506,457,286
121,4033,20,0.46246767044067383,0.5485175251960754,-0.1974964588880539,0.9207406044006348,443,296
121,4033,21,0.47647222876548767,0.5213995575904846,0.027903584763407707,0.07565905153751373,457,281
121,4033,22,0.462796688079834,0.5385478138923645,-0.17684823274612427,0.8725073337554932,444,290
121,4033,23,0.4587133228778839,0.5069741010665894,0.06250138580799103,0.9999114274978638,440,273
121,4033,24,0.4606233835220337,0.5095075368881226,-0.06266169250011444,0.999954879283905,442,275
121,4033,25,0.4499454200267792,0.6294727325439453,0.11075971275568008,0.4363281726837158,431,339
121,4033,26,0.4967595636844635,0.6165344715118408,-0.03777279332280159,0.9339991807937622,476,332
121,4033,27,0.4451250731945038,0.7561445236206055,0.1462009996175766,0.762225329875946,427,408
121,4033,28,0.4871532618999481,0.7528495788574219,0.01865927316248417,0.9352465867996216,467,406
121,4033,29,0.44028913974761963,0.7778143286705017,0.14593392610549927,0.770427405834198,422,420
121,4033,30,0.46436405181884766,0.7811464071273804,0.021326206624507904,0.8134210109710693,445,421
121,4033,31,0.46004900336265564,0.7730648517608643,0.10426025092601776,0.7944316267967224,441,417
121,4033,32,0.5010796189308167,0.7887485027313232,-0.027035851031541824,0.9095119833946228,481,425
122,4066,0,0.478268027305603,0.26576223969459534,-0.06628739088773727,0.9952847957611084,459,143
122,4066,1,0.476777583360672,0.25324752926826477,-0.05989018827676773,0.9905769228935242,457,136
122,4066,2,0.47575443983078003,0.25245240330696106,-0.060051288455724716,0.9887368083000183,456,136
122,4066,3,0.47455695271492004,0.25178390741348267,-0.060019828379154205,0.9923014640808105,455,135
122,4066,4,0.47799381613731384,0.2543134391307831,-0.07802300900220871,0.9948270320892334,458,137
122,4066,5,0.4777369797229767,0.2542664706707001,-0.07822079956531525,0.9960234761238098,458,137
122,4066,6,0.4778519570827484,0.25407564640045166,-0.07832078635692596,0.9971632957458496,458,137
122,4066,7,0.46726158261299133,0.2549566626548767,-0.023180803284049034,0.9953846335411072,448,137
122,4066,8,0.47203272581100464,0.25844505429267883,-0.10496402531862259,0.9960576295852661,453,139
122,4066,9,0.47409579157829285,0.27681270241737366,-0.04849720746278763,0.993387758731842,455,149
122,4066,10,0.4744635820388794,0.2767925262451172,-0.07341795414686203,0.9957495927810669,455,149
122,4066,11,0.45730698108673096,0.3237846791744232,0.045003119856119156,0.9996401071548462,439,174
122,4066,12,0.45513656735420227,0.32760122418403625,-0.1385524570941925,0.9999247789382935,436,176
122,4066,13,0.4671880900859833,0.4300362765789032,0.07228056341409683,0.04883811995387077,448,232
122,4066,14,0.44536149501800537,0.4337075650691986,-0.17735502123832703,0.9917474389076233,427,234
122,4066,15,0.48734962940216064,0.5026571154594421,0.030775276944041252,0.057466112077236176,467,271
122,4066,16,0.4586617052555084,0.5241199135780334,-0.18645091354846954,0.9616101384162903,440,283
122,4066,17,0.49113786220550537,0.5277405977249146,0.028383487835526466,0.08365693688392639,471,284
122,4066,18,0.45843714475631714,0.5514319539070129,-0.20736795663833618,0.9265729188919067,440,297
122,4066,19,0.49527600407600403,0.5271222591400146,0.007945116609334946,0.08644794672727585,475,284
122,4066,20,0.4656662046909332,0.5485910773277283,-0.20937155187129974,0.9257280230522156,447,296
122,4066,21,0.49080637097358704,0.5193189978599548,0.021452687680721283,0.07898399978876114,471,280
122,4066,22,0.46670839190483093,0.5387715101242065,-0.18749016523361206,0.8799253106117249,448,290
122,4066,23,0.4653874635696411,0.5116638541221619,0.0613446943461895,0.9999128580093384,446,276
122,4066,24,0.46968507766723633,0.5127264857292175,-0.06150531396269798,0.9999564290046692,450,276
122,4066,25,0.4487244486808777,0.6311310529708862,0.11929706484079361,0.4391825199127197,430,340
122,4066,26,0.5027364492416382,0.6187435984611511,-0.019196802750229836,0.9319006204605103,482,334
122,4066,27,0.4404824674129486,0.7533314228057861,0.15547843277454376,0.7728056907653809,422,406
122,4066,28,0.5103626251220703,0.7572271823883057,0.016415640711784363,0.9399442672729492,489,408
122,4066,29,0.43760204315185547,0.7768468260765076,0.1577371507883072,0.78109210729599,420,419
122,4066,30,0.5023282766342163,0.7852398157119751,0.016075020655989647,0.8245871067047119,482,424
122,4066,31,0.45766133069992065,0.7749580144882202,0.12549974024295807,0.803572952747345,439,418
122,4066,32,0.5432376861572266,0.7877060174942017,-0.04106106981635094,0.9145819544792175,521,425
123,4100,0,0.4788346290588379,0.26727670431137085,-0.07742154598236084,0.9956145882606506,459,144
123,4100,1,0.47833478450775146,0.25581204891204834,-0.0709117129445076,0.9912503957748413,459,138
123,4100,2,0.47784385085105896,0.25514018535614014,-0.07108008116483688,0.9895445704460144,458,137
123,4100,3,0.47742271423339844,0.25459426641464233,-0.07105996459722519,0.9928361177444458,458,137
123,4100,4,0.47846919298171997,0.2560634911060333,-0.08657070994377136,0.9952102303504944,459,138
123,4100,5,0.47810471057891846,0.25574973225593567,-0.08676443994045258,0.9963274002075195,458,138
123,4100,6,0.4778960943222046,0.2553184926509857,-0.08686454594135284,0.9973803162574768,458,137
123,4100,7,0.4713291525840759,0.2570776641368866,-0.0314430370926857,0.9956814646720886,452,138
123,4100,8,0.47052592039108276,0.2587902247905731,-0.10491354763507843,0.9963476657867432,451,139
123,4100,9,0.4756404459476471,0.27786362171173096,-0.058864299207925797,0.9938579797744751,456,150
123,4100,10,0.47485944628715515,0.2777339518070221,-0.08061333745718002,0.9960653185844421,455,149
123,4100,11,0.46096551418304443,0.32490256428718567,0.03537781909108162,0.9996408224105835,442,175
123,4100,12,0.4553561806678772,0.32824382185935974,-0.13509824872016907,0.9999291896820068,437,177
123,4100,13,0.4666822850704193,0.4300067722797394,0.06002481281757355,0.0499875508248806,448,232
123,4100,14,0.447335809469223,0.4347948431968689,-0.17706866562366486,0.9919005632400513,429,234
123,4100,15,0.4891437590122223,0.500051736831665,0.021901242434978485,0.06316937506198883,469,270
123,4100,16,0.45911458134651184,0.5255318284034729,-0.19998447597026825,0.9649539589881897,440,283
123,4100,17,0.49676087498664856,0.5269371271133423,0.0184843260794878,0.09465029090642929,476,284
123,4100,18,0.4581104516983032,0.5522629618644714,-0.22311167418956757,0.9330858588218689,439,298
123,4100,19,0.4973123371601105,0.5240790843963623,-0.0021252718288451433,0.09897363930940628,477,283
123,4100,20,0.4663473665714264,0.550669252872467,-0.22613580524921417,0.9323433637619019,447,297
123,4100,21,0.49480003118515015,0.5158137679100037,0.012470982037484646,0.0906575471162796,475,278
123,4100,22,0.46777215600013733,0.5408909916877747,-0.20209240913391113,0.8904779553413391,449,292
123,4100,23,0.4676675796508789,0.5114695429801941,0.05648316070437431,0.9999091029167175,448,276
123,4100,24,0.47115710377693176,0.5125669240951538,-0.05665477737784386,0.999956488609314,452,276
123,4100,25,0.4485589265823364,0.6305963397026062,0.12043993920087814,0.4229261577129364,430,340
123,4100,26,0.5018597841262817,0.6189219951629639,-0.014741051942110062,0.924267053604126,481,334
123,4100,27,0.4382475018501282,0.7520903944969177,0.16177701950073242,0.7707085609436035,420,406
123,4100,28,0.5114288926124573,0.7575886845588684,0.016181858256459236,0.9429629445075989,490,409
123,4100,29,0.4341144561767578,0.774616003036499,0.16391919553279877,0.7822046279907227,416,418
123,4100,30,0.5053731203079224,0.7863521575927734,0.015513209626078606,0.8321731686592102,485,424
123,4100,31,0.4554741680622101,0.7750126719474792,0.13110047578811646,0.8055005073547363,437,418
123,4100,32,0.5451641082763672,0.7870780229568481,-0.04262753576040268,0.9176989197731018,523,425
124,4133,0,0.4851028025150299,0.26723769307136536,-0.0749649703502655,0.9959149956703186,465,144
124,4133,1,0.484097957611084,0.2557123005390167,-0.06835663318634033,0.9919184446334839,464,138
124,4133,2,0.4832999110221863,0.2550530731678009,-0.06852582842111588,0.9903318881988525,463,137
124,4133,3,0.48247724771499634,0.25452321767807007,-0.06850407272577286,0.9933909773826599,463,137
124,4133,4,0.4849923849105835,0.2560650110244751,-0.08505488932132721,0.9955783486366272,465,138
124,4133,5,0.48497021198272705,0.25580650568008423,-0.08524820953607559,0.9966064095497131,465,138
124,4133,6,0.4850817918777466,0.2554500699043274,-0.08534679561853409,0.9975846409797668,465,137
124,4133,7,0.4756729006767273,0.25707200169563293,-0.029288891702890396,0.9959932565689087,456,138
124,4133,8,0.48030906915664673,0.2593156099319458,-0.1056729182600975,0.9966053366661072,461,140
124,4133,9,0.48069021105766296,0.2777651250362396,-0.05649535730481148,0.9943574666976929,461,149
124,4133,10,0.4814876317977905,0.27770915627479553,-0.07953137904405594,0.996383547782898,462,149
124,4133,11,0.464898020029068,0.32655981183052063,0.038259152323007584,0.9996533989906311,446,176
124,4133,12,0.4632475674152374,0.3310054838657379,-0.13611732423305511,0.9999327063560486,444,178
124,4133,13,0.47562500834465027,0.4311826229095459,0.06402365863323212,0.05137411877512932,456,232
124,4133,14,0.45472609996795654,0.43737709522247314,-0.17997489869594574,0.9919173121452332,436,236
124,4133,15,0.5036422610282898,0.49768558144569397,0.020881881937384605,0.06725618988275528,483,268
124,4133,16,0.46488600969314575,0.5293750166893005,-0.19890113174915314,0.9671364426612854,446,285
124,4133,17,0.5126111507415771,0.5209684371948242,0.017415853217244148,0.10109984129667282,492,281
124,4133,18,0.46326014399528503,0.5561690926551819,-0.22170549631118774,0.9373306035995483,444,300
124,4133,19,0.5149608850479126,0.5193092226982117,-0.004259409382939339,0.10617886483669281,494,280
124,4133,20,0.4693351686000824,0.555661141872406,-0.22519733011722565,0.9366428256034851,450,300
124,4133,21,0.509845495223999,0.5119456052780151,0.010788971558213234,0.09764372557401657,489,276
124,4133,22,0.4708193242549896,0.5466827154159546,-0.20095299184322357,0.8970641493797302,451,295
124,4133,23,0.46934637427330017,0.5150238871574402,0.057148780673742294,0.9999157190322876,450,278
124,4133,24,0.47754618525505066,0.5162692070007324,-0.057316482067108154,0.9999597668647766,458,278
124,4133,25,0.4486551582813263,0.6339727640151978,0.14356131851673126,0.42817485332489014,430,342
124,4133,26,0.5075305700302124,0.624275803565979,0.007456901483237743,0.9217773079872131,487,337
124,4133,27,0.43672123551368713,0.7508636713027954,0.22017429769039154,0.7808102369308472,419,405
124,4133,28,0.5316105484962463,0.7571884989738464,0.06398860365152359,0.9468649625778198,510,408
124,4133,29,0.43329036235809326,0.7725467085838318,0.22439457476139069,0.7924680709838867,415,417
124,4133,30,0.5277928113937378,0.7814725041389465,0.06658851355314255,0.8431097865104675,506,421
124,4133,31,0.45554888248443604,0.7759745717048645,0.18942846357822418,0.813793420791626,437,419
124,4133,32,0.5596302151679993,0.7721080780029297,0.013197074644267559,0.9219970703125,537,416
125,4166,0,0.48661646246910095,0.270157128572464,-0.07487945258617401,0.9961695075035095,467,145
125,4166,1,0.48571527004241943,0.25883379578590393,-0.06757502257823944,0.9924919605255127,466,139
125,4166,2,0.48490679264068604,0.25812771916389465,-0.06774190813302994,0.9910210967063904,465,139
125,4166,3,0.48410099744796753,0.2575747072696686,-0.0677163153886795,0.9938816428184509,464,139
125,4166,4,0.48670727014541626,0.25883591175079346,-0.08433447033166885,0.9958791136741638,467,139
125,4166,5,0.486772358417511,0.25849971175193787,-0.08451976627111435,0.9968297481536865,467,139
125,4166,6,0.48698362708091736,0.25811100006103516,-0.08459837734699249,0.9977449178695679,467,139
125,4166,7,0.47719937562942505,0.25922486186027527,-0.02792351506650448,0.9962748289108276,458,139
125,4166,8,0.4817693531513214,0.26113373041152954,-0.10326860845088959,0.9967834949493408,462,141
125,4166,9,0.4829377233982086,0.27980780601501465,-0.056167926639318466,0.9947547316551208,463,151
125,4166,10,0.4835970997810364,0.280058890581131,-0.07803253829479218,0.9966211318969727,464,151
125,4166,11,0.46540936827659607,0.32817259430885315,0.03917626291513443,0.9996613264083862,446,177
125,4166,12,0.4647194743156433,0.3327219784259796,-0.13184085488319397,0.9999306201934814,446,179
125,4166,13,0.475722998380661,0.43275317549705505,0.06482485681772232,0.05116058513522148,456,233
125,4166,14,0.45796385407447815,0.4400594234466553,-0.1793508380651474,0.9898325800895691,439,237
125,4166,15,0.5113467574119568,0.49923843145370483,0.020145567134022713,0.06753191351890564,490,269
125,4166,16,0.46628424525260925,0.5338194966316223,-0.19726616144180298,0.9640227556228638,447,288
125,4166,17,0.5160525441169739,0.517941951751709,0.016806572675704956,0.10234737396240234,495,279
125,4166,18,0.46457722783088684,0.5588141083717346,-0.21945299208164215,0.9338570237159729,445,301
125,4166,19,0.5190205574035645,0.5168399214744568,-0.003872602479532361,0.10775532573461533,498,279
125,4166,20,0.46995243430137634,0.5581737160682678,-0.22229617834091187,0.9330754280090332,451,301
125,4166,21,0.5176432728767395,0.511841356754303,0.010373534634709358,0.0993279293179512,496,276
125,4166,22,0.4721424877643585,0.5493901371955872,-0.19925245642662048,0.8921032547950745,453,296
125,4166,23,0.46954578161239624,0.5150342583656311,0.057043638080358505,0.9999205470085144,450,278
125,4166,24,0.47748324275016785,0.5160039663314819,-0.057225681841373444,0.9999619126319885,458,278
125,4166,25,0.44882136583328247,0.63423752784729,0.1387542337179184,0.4332379996776581,430,342
125,4166,26,0.5076500177383423,0.6252726912498474,0.008400613442063332,0.9166914224624634,487,337
125,4166,27,0.4355960786342621,0.7500709891319275,0.2036878615617752,0.7905220985412598,418,405
125,4166,28,0.5315700769424438,0.7557820677757263,0.06137074902653694,0.949881911277771,510,408
125,4166,29,0.43202441930770874,0.7713356614112854,0.20653291046619415,0.8018965721130371,414,416
125,4166,30,0.5279058218002319,0.7782178521156311,0.06374604254961014,0.8519431948661804,506,420
125,4166,31,0.45560380816459656,0.7760579586029053,0.17083291709423065,0.8213315010070801,437,419
125,4166,32,0.5615178346633911,0.7677075862884521,0.011689855717122555,0.9246971011161804,539,414
126,4200,0,0.4953632354736328,0.271059513092041,-0.07314705848693848,0.9965235590934753,475,146
126,4200,1,0.493937611579895,0.25995877385139465,-0.06704473495483398,0.9932081699371338,474,140
126,4200,2,0.4929163157939911,0.25928759574890137,-0.06720558553934097,0.9918816685676575,473,140
126,4200,3,0.49126380681991577,0.2587844133377075,-0.06717507541179657,0.9944713115692139,471,139
126,4200,4,0.49566981196403503,0.26045355200767517,-0.08414386957883835,0.9962674379348755,475,140
126,4200,5,0.49599477648735046,0.26024624705314636,-0.08433514088392258,0.9971258044242859,476,140
126,4200,6,0.4964972138404846,0.25994572043418884,-0.08443420380353928,0.9979546666145325,476,140
126,4200,7,0.48458173871040344,0.26146045327186584,-0.02955266833305359,0.9966336488723755,465,141
126,4200,8,0.4915877878665924,0.26375383138656616,-0.10641726106405258,0.9970738291740417,471,142
126,4200,9,0.4913196265697479,0.28152862191200256,-0.05535682663321495,0.9952601790428162,471,152
126,4200,10,0.4925245940685272,0.28168514370918274,-0.07782706618309021,0.9969401955604553,472,152
126,4200,11,0.47465527057647705,0.3318547010421753,0.03751611337065697,0.9996897578239441,455,179
126,4200,12,0.4720018804073334,0.3360214829444885,-0.132986918091774,0.9999334216117859,453,181
126,4200,13,0.4855841100215912,0.4329909086227417,0.06480799615383148,0.06700287759304047,466,233
126,4200,14,0.46582409739494324,0.4429638981819153,-0.1707964688539505,0.98944091796875,447,239
126,4200,15,0.5161725282669067,0.49758949875831604,0.019975798204541206,0.09193422645330429,495,268
126,4200,16,0.4728555977344513,0.5331857204437256,-0.173617422580719,0.9621718525886536,453,287
126,4200,17,0.5246775150299072,0.5179207921028137,0.017323995009064674,0.13083572685718536,503,279
126,4200,18,0.47226008772850037,0.5586040019989014,-0.1922677904367447,0.9315740466117859,453,301
126,4200,19,0.5263667702674866,0.5160629749298096,-0.004175964277237654,0.13769268989562988,505,278
126,4200,20,0.4764409363269806,0.5581274032592773,-0.1971946507692337,0.9307243824005127,457,301
126,4200,21,0.5239232182502747,0.5103329420089722,0.010015144944190979,0.12776097655296326,502,275
126,4200,22,0.47734153270721436,0.5486592650413513,-0.17603151500225067,0.8894082903862,458,296
126,4200,23,0.47516652941703796,0.5182659029960632,0.057361628860235214,0.9999269247055054,456,279
126,4200,24,0.48309391736984253,0.5186304450035095,-0.05753999575972557,0.9999647736549377,463,280
126,4200,25,0.45066016912460327,0.6374011635780334,0.15375739336013794,0.4706954061985016,432,344
126,4200,26,0.5095757246017456,0.6252784132957458,0.003909974824637175,0.923195481300354,489,337
126,4200,27,0.4348992109298706,0.7501019239425659,0.2185393124818802,0.8075019121170044,417,405
126,4200,28,0.5440933704376221,0.7521238327026367,0.055001989006996155,0.9543285965919495,522,406
126,4200,29,0.42966175079345703,0.7730060815811157,0.2215268760919571,0.8176355957984924,412,417
126,4200,30,0.5439345836639404,0.7767769694328308,0.057585977017879486,0.8647695183753967,522,419
126,4200,31,0.45642080903053284,0.7758370637893677,0.18826128542423248,0.8348613381385803,438,418
126,4200,32,0.5758892893791199,0.7570450901985168,0.010077855549752712,0.9307538866996765,552,408
127,4233,0,0.49629226326942444,0.2763085961341858,-0.050773296505212784,0.9966866970062256,476,149
127,4233,1,0.4948405623435974,0.26470935344696045,-0.04583264887332916,0.9934338331222534,475,142
127,4233,2,0.49355798959732056,0.2636876404285431,-0.04599034786224365,0.9921528697013855,473,142
127,4233,3,0.4921477735042572,0.2627817690372467,-0.04598264396190643,0.9947192668914795,472,141
127,4233,4,0.4966123700141907,0.26525411009788513,-0.0626026839017868,0.9962987303733826,476,143
127,4233,5,0.4967819154262543,0.26495569944381714,-0.06277746707201004,0.9970742464065552,476,143
127,4233,6,0.49711713194847107,0.2645696997642517,-0.06285250931978226,0.9979101419448853,477,142
127,4233,7,0.484224408864975,0.26379117369651794,-0.015907594934105873,0.996738851070404,464,142
127,4233,8,0.4917530417442322,0.26695147156715393,-0.09201354533433914,0.9968599081039429,472,144
127,4233,9,0.49182501435279846,0.2852631211280823,-0.03603467717766762,0.9955207109451294,472,154
127,4233,10,0.49315008521080017,0.2860814332962036,-0.05907340347766876,0.9970652461051941,473,154
127,4233,11,0.47527217864990234,0.3322920501232147,0.040933914482593536,0.9997155070304871,456,179
127,4233,12,0.4730466604232788,0.3360702395439148,-0.1232939288020134,0.9999339580535889,454,181
127,4233,13,0.4849958121776581,0.4353097081184387,0.07549843192100525,0.07075115293264389,465,235
127,4233,14,0.4676834046840668,0.4420076012611389,-0.155446395277977,0.9883130788803101,448,238
127,4233,15,0.516448974609375,0.4976477026939392,0.04549020528793335,0.11496473848819733,495,268
127,4233,16,0.4728277325630188,0.5329317450523376,-0.15613490343093872,0.9508928656578064,453,287
127,4233,17,0.5260397791862488,0.5181203484535217,0.045171141624450684,0.1523299515247345,504,279
127,4233,18,0.4723797142505646,0.5590899586677551,-0.17364506423473358,0.9110612869262695,453,301
127,4233,19,0.5286620259284973,0.5169199705123901,0.023174887523055077,0.16047491133213043,507,279
127,4233,20,0.474834144115448,0.5588133931159973,-0.17752309143543243,0.9104762673377991,455,301
127,4233,21,0.5243979692459106,0.5104360580444336,0.03570898249745369,0.14677417278289795,503,275
127,4233,22,0.47564688324928284,0.5487098693847656,-0.15860377252101898,0.861788272857666,456,296
127,4233,23,0.4827025234699249,0.5196735858917236,0.055832020938396454,0.9999277591705322,463,280
127,4233,24,0.48042163252830505,0.5221842527389526,-0.05599142983555794,0.999962568283081,461,281
127,4233,25,0.5039097666740417,0.6423473954200745,0.11435609310865402,0.4537813365459442,483,346
127,4233,26,0.46318426728248596,0.6325079798698425,-0.00014744997315574437,0.9186000823974609,444,341
127,4233,27,0.5417478084564209,0.7489892244338989,0.1720123589038849,0.8021273612976074,520,404
127,4233,28,0.44128674268722534,0.7512695789337158,0.04726318642497063,0.9496520757675171,423,405
127,4233,29,0.5406951904296875,0.7726410627365112,0.1733202040195465,0.7999268770217896,519,417
127,4233,30,0.4307354986667633,0.7762407660484314,0.050220660865306854,0.8289670348167419,413,419
127,4233,31,0.5650400519371033,0.7610405087471008,0.12542247772216797,0.8322684168815613,542,410
127,4233,32,0.47057044506073,0.7652186751365662,0.005683599039912224,0.9240593314170837,451,413
128,4266,0,0.5037855505943298,0.27601179480552673,-0.06848156452178955,0.996980607509613,483,149
128,4266,1,0.5020822286605835,0.264700323343277,-0.0609046071767807,0.9939934611320496,481,142
128,4266,2,0.5010680556297302,0.26384395360946655,-0.06108001619577408,0.9928110241889954,481,142
128,4266,3,0.4999965727329254,0.26309651136398315,-0.06104343757033348,0.9951581358909607,479,142
128,4266,4,0.5035484433174133,0.2653232216835022,-0.0799768790602684,0.9966190457344055,483,143
128,4266,5,0.5037007927894592,0.2650754153728485,-0.08016619831323624,0.9973272681236267,483,143
128,4266,6,0.5039998292922974,0.2647223472595215,-0.08026023209095001,0.998091459274292,483,142
128,4266,7,0.49339038133621216,0.2653997838497162,-0.023012859746813774,0.9969859719276428,473,143
128,4266,8,0.5001445412635803,0.2680473327636719,-0.10918483883142471,0.9971248507499695,480,144
128,4266,9,0.49995073676109314,0.2858640253543854,-0.05141489580273628,0.9959142804145813,479,154
128,4266,10,0.5008495450019836,0.28624409437179565,-0.07758651673793793,0.9973263144493103,480,154
128,4266,11,0.4877178370952606,0.3352857232093811,0.03908971697092056,0.9997367858886719,468,181
128,4266,12,0.4795839488506317,0.3394102454185486,-0.15341272950172424,0.9999394416809082,460,183
128,4266,13,0.49591386318206787,0.4362242817878723,0.07674843817949295,0.07607405632734299,476,235
128,4266,14,0.4732474684715271,0.44566792249679565,-0.1845712661743164,0.9893752932548523,454,240
128,4266,15,0.5200024843215942,0.5000654458999634,0.05109969154000282,0.13484476506710052,499,270
128,4266,16,0.4835914671421051,0.538098156452179,-0.1826685220003128,0.9555301666259766,464,290
128,4266,17,0.5301814675331116,0.5185723304748535,0.05197041854262352,0.17321713268756866,508,280
128,4266,18,0.48179465532302856,0.5644072890281677,-0.204094797372818,0.9191745519638062,462,304
128,4266,19,0.5328266620635986,0.5173941254615784,0.028205862268805504,0.18371886014938354,511,279
128,4266,20,0.4882928431034088,0.5636988878250122,-0.2073366492986679,0.9186843633651733,468,304
128,4266,21,0.5293200612068176,0.5122939944267273,0.04071710631251335,0.16832634806632996,508,276
128,4266,22,0.49088624119758606,0.5541087985038757,-0.18476761877536774,0.8740258812904358,471,299
128,4266,23,0.495332270860672,0.5228321552276611,0.058830659836530685,0.9999256730079651,475,282
128,4266,24,0.48309487104415894,0.5237184166908264,-0.05894911289215088,0.9999613165855408,463,282
128,4266,25,0.5204485654830933,0.6359123587608337,0.1128043383359909,0.44398728013038635,499,343
128,4266,26,0.4588838815689087,0.6341288089752197,-0.0006767220329493284,0.920167088508606,440,342
128,4266,27,0.5500267148017883,0.7487430572509766,0.15989640355110168,0.8038744926452637,528,404
128,4266,28,0.4328349530696869,0.7508702874183655,0.04242190346121788,0.949928343296051,415,405
128,4266,29,0.5494205951690674,0.775213360786438,0.15988698601722717,0.7970144748687744,527,418
128,4266,30,0.42326676845550537,0.7760657668113708,0.044000547379255295,0.8134568333625793,406,419
128,4266,31,0.5834117531776428,0.7583469748497009,0.10422784835100174,0.8379898071289062,560,409
128,4266,32,0.45987188816070557,0.7712440490722656,-0.0207248292863369,0.9251512289047241,441,416
129,4300,0,0.5061178803443909,0.2789704203605652,-0.07377114146947861,0.9972104430198669,485,150
129,4300,1,0.5047860741615295,0.26795557141304016,-0.06676777452230453,0.9944049119949341,484,144
129,4300,2,0.5037537813186646,0.2672233581542969,-0.06694681197404861,0.9932840466499329,483,144
129,4300,3,0.5027618408203125,0.26658180356025696,-0.06691417843103409,0.9954764246940613,482,143
129,4300,4,0.5059826970100403,0.26837360858917236,-0.08484278619289398,0.9968535900115967,485,144
129,4300,5,0.5059069991111755,0.2680460214614868,-0.08503557741641998,0.9975108504295349,485,144
129,4300,6,0.5052860379219055,0.2676941752433777,-0.08513141423463821,0.9982231259346008,485,144
129,4300,7,0.4956703782081604,0.2684217095375061,-0.028019921854138374,0.9971432089805603,475,144
129,4300,8,0.4991394579410553,0.27066555619239807,-0.11071870476007462,0.9973068237304688,479,146
129,4300,9,0.5022889375686646,0.2887340486049652,-0.05625496432185173,0.9962256550788879,482,155
129,4300,10,0.5025054812431335,0.288819283246994,-0.08125576376914978,0.9975351691246033,482,155
129,4300,11,0.49042707681655884,0.33645230531692505,0.03693435341119766,0.9997567534446716,470,181
129,4300,12,0.4800950288772583,0.34011203050613403,-0.15251295268535614,0.999944269657135,460,183
129,4300,13,0.49816906452178955,0.4427407383918762,0.07624784857034683,0.08283622562885284,478,239
129,4300,14,0.4759960472583771,0.4464026987552643,-0.18727993965148926,0.9902880191802979,456,241
129,4300,15,0.525462806224823,0.5028947591781616,0.05168447270989418,0.15950439870357513,504,271
129,4300,16,0.4860900044441223,0.5425249934196472,-0.19442200660705566,0.9596458673477173,466,292
129,4300,17,0.5342172980308533,0.5202245712280273,0.052166763693094254,0.1985374540090561,512,280
129,4300,18,0.48479118943214417,0.5686489343643188,-0.2169000655412674,0.9263660311698914,465,307
129,4300,19,0.5382869243621826,0.5181316137313843,0.028791198506951332,0.2111305147409439,516,279
129,4300,20,0.4926271438598633,0.5690447092056274,-0.2203035205602646,0.9259770512580872,472,307
129,4300,21,0.5339086651802063,0.5137834548950195,0.04146837443113327,0.19332125782966614,512,277
129,4300,22,0.4948303997516632,0.5616528987884521,-0.19679102301597595,0.8848402500152588,475,303
129,4300,23,0.49794885516166687,0.523911714553833,0.05907893180847168,0.9999268054962158,478,282
129,4300,24,0.4840002655982971,0.5254838466644287,-0.05919370427727699,0.999961793422699,464,283
129,4300,25,0.5218216776847839,0.6318021416664124,0.11284668743610382,0.439859539270401,500,341
129,4300,26,0.45759275555610657,0.6360447406768799,-0.007237151265144348,0.9220303297042847,439,343
129,4300,27,0.5512121319770813,0.7485520839691162,0.1620873361825943,0.8095540404319763,529,404
129,4300,28,0.43404534459114075,0.7503740787506104,0.037844281643629074,0.951225996017456,416,405
129,4300,29,0.5511919856071472,0.7757323980331421,0.16238650679588318,0.7982805967330933,529,418
129,4300,30,0.4232242703437805,0.775206983089447,0.03849302977323532,0.8032933473587036,406,418
129,4300,31,0.5854687094688416,0.75698322057724,0.10481826215982437,0.8455856442451477,562,408
129,4300,32,0.46222034096717834,0.7744919657707214,-0.03195146843791008,0.9274414777755737,443,418
130,4333,0,0.5123599767684937,0.27915892004966736,-0.06723257899284363,0.9974045753479004,491,150
130,4333,1,0.5107839703559875,0.2680498957633972,-0.06065959855914116,0.9948278069496155,490,144
130,4333,2,0.509595513343811,0.2673192620277405,-0.06083371490240097,0.9937911033630371,489,144
130,4333,3,0.5084075331687927,0.26668581366539,-0.06080197915434837,0.9958163499832153,488,144
130,4333,4,0.5128834247589111,0.2687690854072571,-0.07915546745061874,0.9970977306365967,492,145
130,4333,5,0.5132642388343811,0.26857447624206543,-0.07934992760419846,0.9977086186408997,492,145
130,4333,6,0.5136949419975281,0.268329381942749,-0.07943904399871826,0.9983654618263245,493,144
130,4333,7,0.5023245215415955,0.2692727744579315,-0.022535065189003944,0.9973574876785278,482,145
130,4333,8,0.5105746388435364,0.27218133211135864,-0.1064419224858284,0.9975161552429199,490,146
130,4333,9,0.5087934732437134,0.28928136825561523,-0.04909398406744003,0.9965230226516724,488,156
130,4333,10,0.5100142955780029,0.28940215706825256,-0.07452688366174698,0.9977277517318726,489,156
130,4333,11,0.49370718002319336,0.33826059103012085,0.04922960326075554,0.9997557997703552,473,182
130,4333,12,0.490482896566391,0.3423190414905548,-0.1490606963634491,0.9999467730522156,470,184
130,4333,13,0.50205397605896,0.4425449073314667,0.07939081639051437,0.08009301126003265,481,238
130,4333,14,0.48277944326400757,0.44679751992225647,-0.1858004778623581,0.9905820488929749,463,241
130,4333,15,0.5279714465141296,0.5051296949386597,0.04651295766234398,0.15002167224884033,506,272
130,4333,16,0.490678608417511,0.5409035086631775,-0.20015083253383636,0.9626200795173645,471,292
130,4333,17,0.5348578095436096,0.5262899994850159,0.04516405239701271,0.18988172709941864,513,284
130,4333,18,0.48947766423225403,0.5672706961631775,-0.2233934998512268,0.9319354891777039,469,306
130,4333,19,0.5383874177932739,0.5244550704956055,0.02185213938355446,0.20205311477184296,516,283
130,4333,20,0.4957387149333954,0.5672209858894348,-0.2250942885875702,0.9315085411071777,475,306
130,4333,21,0.5365010499954224,0.5221849083900452,0.03571750596165657,0.1857561469078064,515,281
130,4333,22,0.4969095289707184,0.5592390298843384,-0.20140789449214935,0.8930056691169739,477,301
130,4333,23,0.49499082565307617,0.5288628339767456,0.06003729999065399,0.9999310374259949,475,285
130,4333,24,0.501698911190033,0.5303125381469727,-0.06018133461475372,0.9999644160270691,481,286
130,4333,25,0.480641633272171,0.6368384957313538,0.14280317723751068,0.4550689458847046,461,343
130,4333,26,0.5290493369102478,0.6377068758010864,0.004621650092303753,0.9236162304878235,507,344
130,4333,27,0.4485764801502228,0.7486301064491272,0.20386065542697906,0.8172782063484192,430,404
130,4333,28,0.5499613285064697,0.7570682764053345,0.04725956544280052,0.9547829031944275,527,408
130,4333,29,0.4385233521461487,0.7745561599731445,0.20647934079170227,0.8099521398544312,420,418
130,4333,30,0.5452547669410706,0.7840349674224854,0.04831365868449211,0.8193643689155579,523,423
130,4333,31,0.47194617986679077,0.7691896557807922,0.1727546751499176,0.8504338264465332,453,415
130,4333,32,0.5848945379257202,0.773776113986969,-0.006925508845597506,0.931336522102356,561,417
131,4366,0,0.5140244364738464,0.2811625301837921,-0.06192530319094658,0.997556209564209,493,151
131,4366,1,0.512304425239563,0.26968201994895935,-0.05510004237294197,0.9951622486114502,491,145
131,4366,2,0.5110388994216919,0.2688375413417816,-0.055264122784137726,0.9942046999931335,490,145
131,4366,3,0.5097500681877136,0.2681039571762085,-0.055232081562280655,0.996084988117218,489,144
131,4366,4,0.5143901109695435,0.2706492245197296,-0.07429543137550354,0.9972931146621704,493,146
131,4366,5,0.5147286057472229,0.27046552300453186,-0.07448781281709671,0.9978733062744141,494,146
131,4366,6,0.5151298642158508,0.2698492407798767,-0.07457349449396133,0.9984792470932007,494,145
131,4366,7,0.5028246641159058,0.2702054977416992,-0.015758924186229706,0.9975343346595764,482,145
131,4366,8,0.5091598629951477,0.27302631735801697,-0.10291507095098495,0.9976903796195984,488,147
131,4366,9,0.5103595852851868,0.2911113500595093,-0.04313267022371292,0.9967626333236694,489,157
131,4366,10,0.5116345286369324,0.291719526052475,-0.06948564946651459,0.9978833794593811,491,157
131,4366,11,0.49371635913848877,0.3387681841850281,0.05796037241816521,0.9997500777244568,473,182
131,4366,12,0.4927690327167511,0.3423641324043274,-0.145327627658844,0.9999478459358215,473,184
131,4366,13,0.5042639970779419,0.44429445266723633,0.08077763020992279,0.07896467298269272,484,239
131,4366,14,0.4841361939907074,0.44639620184898376,-0.19002662599086761,0.9906688332557678,464,241
131,4366,15,0.5312266945838928,0.5098391771316528,0.03560914099216461,0.14531973004341125,509,275
131,4366,16,0.49008020758628845,0.5401446223258972,-0.21406641602516174,0.965430736541748,470,291
131,4366,17,0.5376929044723511,0.5339984893798828,0.03235795721411705,0.18902793526649475,516,288
131,4366,18,0.49005505442619324,0.5667847394943237,-0.2384081929922104,0.9373327493667603,470,306
131,4366,19,0.5409144163131714,0.5315144062042236,0.0099125811830163,0.20161564648151398,519,287
131,4366,20,0.4964311420917511,0.5672500133514404,-0.23954610526561737,0.9368954300880432,476,306
131,4366,21,0.5403980016708374,0.530190646648407,0.0246921107172966,0.18639512360095978,518,286
131,4366,22,0.4970493018627167,0.5590353608131409,-0.21521399915218353,0.9010586738586426,477,301
131,4366,23,0.4956250488758087,0.5292449593544006,0.06155237928032875,0.9999338388442993,475,285
131,4366,24,0.5057953000068665,0.5295406579971313,-0.06172018498182297,0.9999663233757019,485,285
131,4366,25,0.4709618389606476,0.6378234028816223,0.13991768658161163,0.47787973284721375,452,344
131,4366,26,0.5339098572731018,0.6377838850021362,-0.0011027847649529576,0.926811158657074,512,344
131,4366,27,0.4367657005786896,0.7492900490760803,0.1974649578332901,0.8300513625144958,419,404
131,4366,28,0.5565146803855896,0.7589552998542786,0.03639155253767967,0.958580732345581,534,409
131,4366,29,0.42603543400764465,0.7740284204483032,0.19965745508670807,0.8247615694999695,408,417
131,4366,30,0.5525609254837036,0.7858526110649109,0.036000076681375504,0.8351075053215027,530,424
131,4366,31,0.4636244773864746,0.7740486264228821,0.16347886621952057,0.8601070642471313,445,417
131,4366,32,0.5903659462928772,0.7735920548439026,-0.02008400671184063,0.9361730813980103,566,417
132,4400,0,0.5209715962409973,0.28056854009628296,-0.05922112241387367,0.9975590109825134,500,151
132,4400,1,0.5198342800140381,0.26905450224876404,-0.05277283489704132,0.9953162670135498,499,145
132,4400,2,0.5188533067703247,0.2682546377182007,-0.05293770879507065,0.9944030046463013,498,144
132,4400,3,0.5178008675575256,0.26757150888442993,-0.052909620106220245,0.9962355494499207,497,144
132,4400,4,0.5215030908584595,0.26996126770973206,-0.07127858698368073,0.9973552227020264,500,145
132,4400,5,0.5217973589897156,0.2697790265083313,-0.07147793471813202,0.9979231953620911,500,145
132,4400,6,0.5221759080886841,0.2692635655403137,-0.07157447189092636,0.9985193610191345,501,145
132,4400,7,0.511954665184021,0.2698386013507843,-0.014640969224274158,0.9976176619529724,491,145
132,4400,8,0.5186082124710083,0.27249130606651306,-0.09825386106967926,0.997715175151825,497,147
132,4400,9,0.5173186659812927,0.29054751992225647,-0.040699124336242676,0.9968256950378418,496,156
132,4400,10,0.5182883143424988,0.29106763005256653,-0.0660300999879837,0.9978827834129333,497,157
132,4400,11,0.5014030337333679,0.33858048915863037,0.05726413056254387,0.9997308254241943,481,182
132,4400,12,0.5006675124168396,0.3419824242591858,-0.1332535445690155,0.9999397993087769,480,184
132,4400,13,0.5089988708496094,0.4436448812484741,0.08415492624044418,0.07489538937807083,488,239
132,4400,14,0.4931691884994507,0.4473293721675873,-0.1672258973121643,0.9892371296882629,473,241
132,4400,15,0.5284183621406555,0.509865403175354,0.041283246129751205,0.1343836486339569,507,275
132,4400,16,0.5017443299293518,0.5400781035423279,-0.1668093055486679,0.9587832093238831,481,291
132,4400,17,0.5360944867134094,0.5356789231300354,0.039351217448711395,0.1760183423757553,514,289
132,4400,18,0.5010679364204407,0.565657913684845,-0.18407033383846283,0.9278781414031982,481,305
132,4400,19,0.5377771854400635,0.5314847826957703,0.020098963752388954,0.18755756318569183,516,287
132,4400,20,0.5053135752677917,0.5665900707244873,-0.1855483204126358,0.9267124533653259,485,305
132,4400,21,0.5374451875686646,0.5294902920722961,0.032033856958150864,0.17365843057632446,515,285
132,4400,22,0.5063174962997437,0.5570290684700012,-0.1671183705329895,0.8871886134147644,486,300
132,4400,23,0.503935694694519,0.5281060934066772,0.061487678438425064,0.9999369978904724,483,285
132,4400,24,0.5129209160804749,0.5287596583366394,-0.061660509556531906,0.9999679923057556,492,285
132,4400,25,0.47355812788009644,0.6376497745513916,0.13377004861831665,0.49681293964385986,454,344
132,4400,26,0.5407188534736633,0.6377786993980408,0.001358824665658176,0.9270981550216675,519,344
132,4400,27,0.439582496881485,0.7464092969894409,0.1749405860900879,0.840145468711853,421,403
132,4400,28,0.5601125955581665,0.7598990797996521,0.04249744117259979,0.9616298675537109,537,410
132,4400,29,0.4269418716430664,0.767996609210968,0.17599527537822723,0.8362573385238647,409,414
132,4400,30,0.5548816323280334,0.7868877053260803,0.04344473406672478,0.8481152057647705,532,424
132,4400,31,0.4613313376903534,0.7749302387237549,0.14143191277980804,0.8668014407157898,442,418
132,4400,32,0.591863751411438,0.7765873074531555,-0.007640656549483538,0.9395481944084167,568,419
133,4433,0,0.5227808952331543,0.28078198432922363,-0.060057081282138824,0.997532069683075,501,151
133,4433,1,0.5219579935073853,0.2694644033908844,-0.0534459687769413,0.9954385161399841,501,145
133,4433,2,0.5211263298988342,0.26869186758995056,-0.05360991880297661,0.9945511221885681,500,145
133,4433,3,0.5203283429145813,0.2680395841598511,-0.05358408764004707,0.9963629245758057,499,144
133,4433,4,0.5231348276138306,0.26999473571777344,-0.071995809674263,0.9974071383476257,502,145
133,4433,5,0.5232510566711426,0.26971808075904846,-0.07219323515892029,0.9979604482650757,502,145
133,4433,6,0.523487389087677,0.2691954970359802,-0.07228915393352509,0.9985513091087341,502,145
133,4433,7,0.5141001343727112,0.26996755599975586,-0.013122611679136753,0.997700572013855,493,145
133,4433,8,0.518725574016571,0.27219218015670776,-0.09853580594062805,0.9977744221687317,497,146
133,4433,9,0.5195952653884888,0.29053688049316406,-0.04126943275332451,0.9969668984413147,498,156
133,4433,10,0.5202287435531616,0.29099100828170776,-0.06683818250894547,0.9979525208473206,499,157
133,4433,11,0.5048923492431641,0.3385981321334839,0.06057516857981682,0.9997246861457825,484,182
133,4433,12,0.5001369714736938,0.34203943610191345,-0.1336975246667862,0.9999368190765381,480,184
133,4433,13,0.5100082755088806,0.4430251717567444,0.0881861075758934,0.0743325725197792,489,239
133,4433,14,0.4938805401325226,0.4469546377658844,-0.16795329749584198,0.9890006184577942,474,241
133,4433,15,0.53040611743927,0.5100868344306946,0.03943650424480438,0.13929714262485504,509,275
133,4433,16,0.5008866190910339,0.5398740768432617,-0.17648616433143616,0.9608942866325378,480,291
133,4433,17,0.5366505980491638,0.5348711013793945,0.035678930580616,0.1851879060268402,515,288
133,4433,18,0.4999482035636902,0.5653728246688843,-0.1979367733001709,0.9316326975822449,479,305
133,4433,19,0.5381280183792114,0.5315626263618469,0.014666429720818996,0.19717130064964294,516,287
133,4433,20,0.5065423846244812,0.5661540627479553,-0.20121406018733978,0.9305257797241211,486,305
133,4433,21,0.536611020565033,0.5288103222846985,0.02926320768892765,0.18218651413917542,515,285
133,4433,22,0.5073568820953369,0.5569504499435425,-0.1775614619255066,0.8921436071395874,487,300
133,4433,23,0.5100436806678772,0.5277959108352661,0.06327846646308899,0.9999366402626038,489,285
133,4433,24,0.5113505125045776,0.5283648371696472,-0.06343330442905426,0.9999679923057556,490,285
133,4433,25,0.4779365658760071,0.6374406814575195,0.1299125999212265,0.4891660809516907,458,344
133,4433,26,0.5367668271064758,0.6384217739105225,-0.02316424436867237,0.924747884273529,515,344
133,4433,27,0.44541606307029724,0.7545120120048523,0.17701652646064758,0.83719801902771,427,407
133,4433,28,0.5572465658187866,0.7611296772956848,0.03630818799138069,0.9619359970092773,534,411
133,4433,29,0.43509095907211304,0.7706913948059082,0.17819242179393768,0.8372844457626343,417,416
133,4433,30,0.5514571070671082,0.7891382575035095,0.039660271257162094,0.8538092970848083,529,426
133,4433,31,0.4618060886859894,0.7759299278259277,0.14178237318992615,0.8634902834892273,443,419
133,4433,32,0.5905335545539856,0.7784200310707092,-0.01351836510002613,0.9378768801689148,566,420
134,4466,0,0.5284584760665894,0.2805814743041992,-0.056532226502895355,0.9974997639656067,507,151
134,4466,1,0.5273681282997131,0.2694154977798462,-0.05022089555859566,0.9955277442932129,506,145
134,4466,2,0.5261872410774231,0.26860782504081726,-0.0503845177590847,0.994685173034668,505,145
134,4466,3,0.5249255299568176,0.2679244577884674,-0.050352029502391815,0.9964500665664673,503,144
134,4466,4,0.5298621654510498,0.2699086368083954,-0.0687517374753952,0.997447669506073,508,145
134,4466,5,0.5304938554763794,0.26959478855133057,-0.06895992159843445,0.998007595539093,509,145
134,4466,6,0.5311943292617798,0.2690308094024658,-0.06906597316265106,0.9985895752906799,509,145
134,4466,7,0.519831657409668,0.2696962058544159,-0.012252667918801308,0.9977626204490662,499,145
134,4466,8,0.5286434888839722,0.2719113528728485,-0.09651119261980057,0.9978330731391907,507,146
134,4466,9,0.52534419298172,0.29032832384109497,-0.038333307951688766,0.9970424175262451,504,156
134,4466,10,0.5268275141716003,0.2907552123069763,-0.06372422724962234,0.9979783296585083,505,157
134,4466,11,0.5108634233474731,0.3391112983226776,0.058768101036548615,0.9997114539146423,490,183
134,4466,12,0.5104592442512512,0.34296226501464844,-0.12996657192707062,0.9999352693557739,490,185
134,4466,13,0.5162580013275146,0.4425874352455139,0.08690252900123596,0.0706198588013649,495,238
134,4466,14,0.5020939707756042,0.4473901391029358,-0.1554979830980301,0.9888930916786194,482,241
134,4466,15,0.5318722128868103,0.516226589679718,0.04208610579371452,0.12850910425186157,510,278
134,4466,16,0.511332094669342,0.5393533706665039,-0.14737637341022491,0.9610013365745544,490,291
134,4466,17,0.5361615419387817,0.5457812547683716,0.039797261357307434,0.17213711142539978,514,294
134,4466,18,0.5111267566680908,0.5650560855865479,-0.16367124021053314,0.9322003722190857,490,305
134,4466,19,0.536513090133667,0.5420380234718323,0.021384332329034805,0.18305088579654694,515,292
134,4466,20,0.5165697932243347,0.5658334493637085,-0.16555045545101166,0.9307296276092529,495,305
134,4466,21,0.5360521674156189,0.5337857007980347,0.033273838460445404,0.16932150721549988,514,288
134,4466,22,0.5173295140266418,0.5564550161361694,-0.14746832847595215,0.8920177221298218,496,300
134,4466,23,0.515680730342865,0.5274271965026855,0.06267987191677094,0.9999405741691589,495,284
134,4466,24,0.5216097235679626,0.5279912352561951,-0.06283760815858841,0.9999701976776123,500,285
134,4466,25,0.48947617411613464,0.6372340321540833,0.12859997153282166,0.5197968482971191,469,344
134,4466,26,0.548780083656311,0.6384055614471436,-0.01602630689740181,0.9300195574760437,526,344
134,4466,27,0.44628727436065674,0.7439529895782471,0.17321601510047913,0.8495576977729797,428,401
134,4466,28,0.5613492727279663,0.7617722749710083,0.03631775453686714,0.9653550982475281,538,411
134,4466,29,0.43186575174331665,0.7555629014968872,0.17473818361759186,0.849870502948761,414,408
134,4466,30,0.5546673536300659,0.7903042435646057,0.03964504227042198,0.8668373823165894,532,426
134,4466,31,0.4625410735607147,0.7782360911369324,0.1411570906639099,0.8730140924453735,444,420
134,4466,32,0.5958611965179443,0.7828369140625,-0.01154258195310831,0.9429351091384888,572,422
135,4500,0,0.5295771956443787,0.28065380454063416,-0.05758814141154289,0.9974493980407715,508,151
135,4500,1,0.5281848907470703,0.2692652642726898,-0.051145244389772415,0.995589017868042,507,145
135,4500,2,0.5270437598228455,0.26853448152542114,-0.05131058394908905,0.994773805141449,505,145
135,4500,3,0.5258867740631104,0.26791250705718994,-0.05127925053238869,0.9965333938598633,504,144
135,4500,4,0.5305196642875671,0.26986923813819885,-0.06964366883039474,0.9974570870399475,509,145
135,4500,5,0.5304829478263855,0.2696675658226013,-0.06984727829694748,0.9980159401893616,509,145
135,4500,6,0.5310297012329102,0.26930761337280273,-0.06995050609111786,0.9985988140106201,509,145
135,4500,7,0.5201413631439209,0.2702118754386902,-0.013068011030554771,0.9978247880935669,499,145
135,4500,8,0.5268723368644714,0.27263402938842773,-0.09711628407239914,0.9978321194648743,505,147
135,4500,9,0.5263745784759521,0.29056206345558167,-0.03940901532769203,0.9971034526824951,505,156
135,4500,10,0.5277951955795288,0.29118263721466064,-0.06473927199840546,0.9979745149612427,506,157
135,4500,11,0.5129791498184204,0.33904391527175903,0.05764482170343399,0.9996987581253052,492,183
135,4500,12,0.5111516714096069,0.3432677388191223,-0.13090454041957855,0.9999315142631531,490,185
135,4500,13,0.5178669691085815,0.44227123260498047,0.08615381270647049,0.06730825453996658,497,238
135,4500,14,0.5037038326263428,0.44726040959358215,-0.1592206507921219,0.9883020520210266,483,241
135,4500,15,0.5353996753692627,0.525784969329834,0.04218049719929695,0.11959893256425858,513,283
135,4500,16,0.5093306303024292,0.5390336513519287,-0.1570165604352951,0.9597042202949524,488,291
135,4500,17,0.5378995537757874,0.5474651455879211,0.03988626226782799,0.1615075021982193,516,295
135,4500,18,0.508622944355011,0.564787745475769,-0.1750456541776657,0.9306386113166809,488,304
135,4500,19,0.5374184846878052,0.5417521595954895,0.021466637030243874,0.17155829071998596,515,292
135,4500,20,0.5144842267036438,0.565480649471283,-0.1773468405008316,0.9287670254707336,493,305
135,4500,21,0.537070095539093,0.5339903831481934,0.03342990577220917,0.1587926149368286,515,288
135,4500,22,0.5149556994438171,0.5559820532798767,-0.15768054127693176,0.8882951736450195,494,300
135,4500,23,0.5176182985305786,0.5270740389823914,0.06258749961853027,0.9999425411224365,496,284
135,4500,24,0.5227739214897156,0.5276972651481628,-0.06274621933698654,0.9999714493751526,501,284
135,4500,25,0.4918724596500397,0.6371160745620728,0.12925514578819275,0.5273209810256958,472,344
135,4500,26,0.5500484704971313,0.6383681297302246,-0.008380858227610588,0.932048499584198,528,344
135,4500,27,0.44516047835350037,0.7404876351356506,0.17596223950386047,0.8557298183441162,427,399
135,4500,28,0.5606024265289307,0.7614762783050537,0.04145475849509239,0.9678786396980286,538,411
135,4500,29,0.42950350046157837,0.7541532516479492,0.1781596541404724,0.8584975600242615,412,407
135,4500,30,0.5549718141555786,0.7893955707550049,0.04427565634250641,0.8770537972450256,532,426
135,4500,31,0.4616582691669464,0.7789186239242554,0.1467910259962082,0.8768815398216248,443,420
135,4500,32,0.5971915125846863,0.7830578684806824,-0.006972470786422491,0.9458357095718384,573,422
136,4533,0,0.5432339310646057,0.2803325355052948,-0.0634356141090393,0.9960392117500305,521,151
136,4533,1,0.5410449504852295,0.2687276303768158,-0.056209202855825424,0.9935381412506104,519,145
136,4533,2,0.5395620465278625,0.2680634558200836,-0.056362491101026535,0.9922903180122375,517,144
136,4533,3,0.5381734371185303,0.26752394437789917,-0.05632543936371803,0.9948253035545349,516,144
136,4533,4,0.5436246991157532,0.26943013072013855,-0.07768066972494125,0.9964617490768433,521,145
136,4533,5,0.5439919829368591,0.26927921175956726,-0.07788442075252533,0.9973090887069702,522,145
136,4533,6,0.5445533990859985,0.26897844672203064,-0.07801533490419388,0.9981927871704102,522,145
136,4533,7,0.5318498015403748,0.26991894841194153,-0.0160076841711998,0.9968894124031067,510,145
136,4533,8,0.5391594767570496,0.2722764313220978,-0.11357193440198898,0.9974988698959351,517,147
136,4533,9,0.539225161075592,0.29038071632385254,-0.04443392530083656,0.9963870644569397,517,156
136,4533,10,0.5408297777175903,0.2909849286079407,-0.07369908690452576,0.9975675344467163,519,157
136,4533,11,0.5211057066917419,0.3388904631137848,0.051952946931123734,0.9996472001075745,500,183
136,4533,12,0.5199624300003052,0.34306246042251587,-0.15353602170944214,0.9999260902404785,499,185
136,4533,13,0.5195488929748535,0.4420822560787201,0.07882554829120636,0.062258947640657425,498,238
136,4533,14,0.5115445852279663,0.4478205740451813,-0.18296200037002563,0.9881528615951538,491,241
136,4533,15,0.5312824249267578,0.5247631669044495,0.03596341237425804,0.10867384821176529,510,283
136,4533,16,0.5171511769294739,0.5400271415710449,-0.1598624736070633,0.9596749544143677,496,291
136,4533,17,0.5366562604904175,0.5456734299659729,0.034053485840559006,0.14729812741279602,515,294
136,4533,18,0.5142626166343689,0.5659062266349792,-0.17618034780025482,0.9292407631874084,493,305
136,4533,19,0.5354233384132385,0.5447277426719666,0.01600697450339794,0.15637101233005524,514,294
136,4533,20,0.5219603180885315,0.5661439895629883,-0.18168672919273376,0.9269772171974182,501,305
136,4533,21,0.535143256187439,0.5365052223205566,0.02731580100953579,0.14485608041286469,513,289
136,4533,22,0.5243919491767883,0.5568610429763794,-0.15964338183403015,0.8839056491851807,503,300
136,4533,23,0.5280491709709167,0.526245653629303,0.06395070999860764,0.9999428987503052,506,284
136,4533,24,0.5284308791160583,0.5277499556541443,-0.06408953666687012,0.9999723434448242,507,284
136,4533,25,0.5159541964530945,0.6428043246269226,0.14040526747703552,0.5390806794166565,495,347
136,4533,26,0.5421055555343628,0.6447839140892029,-0.018516091629862785,0.9326580762863159,520,348
136,4533,27,0.46183550357818604,0.7409641742706299,0.20975956320762634,0.8630678057670593,443,400
136,4533,28,0.551074743270874,0.7639609575271606,0.06644709408283234,0.9690351486206055,529,412
136,4533,29,0.4500199556350708,0.7542218565940857,0.21394751965999603,0.8645355701446533,432,407
136,4533,30,0.5436458587646484,0.7885913252830505,0.07375132292509079,0.8804199695587158,521,425
136,4533,31,0.4638896584510803,0.7786469459533691,0.17392897605895996,0.8801383972167969,445,420
136,4533,32,0.5737000703811646,0.7927114963531494,0.021099692210555077,0.9450342059135437,550,428
137,4566,0,0.5444684624671936,0.28024038672447205,-0.06285980343818665,0.9953901767730713,522,151
137,4566,1,0.5429750680923462,0.2685587704181671,-0.05509430170059204,0.9917089343070984,521,145
137,4566,2,0.5417078137397766,0.2678822875022888,-0.0552474744617939,0.9897733926773071,520,144
137,4566,3,0.5405690670013428,0.267337441444397,-0.05520922318100929,0.9930546879768372,518,144
137,4566,4,0.5450388193130493,0.26933491230010986,-0.07642432302236557,0.9955679774284363,523,145
137,4566,5,0.5451560616493225,0.2692168653011322,-0.0766163170337677,0.9966016411781311,523,145
137,4566,6,0.5455695390701294,0.26892951130867004,-0.076743945479393,0.9977532625198364,523,145
137,4566,7,0.5338718891143799,0.26984110474586487,-0.014144128188490868,0.9956874251365662,512,145
137,4566,8,0.5411401391029358,0.27212241291999817,-0.11283628642559052,0.9969471096992493,519,146
137,4566,9,0.5407706499099731,0.2903154492378235,-0.04395262897014618,0.9952897429466248,519,156
137,4566,10,0.5419082641601562,0.2906931936740875,-0.0735180675983429,0.9970083832740784,520,156
137,4566,11,0.5209223031997681,0.3388614058494568,0.0516551248729229,0.9996164441108704,500,182
137,4566,12,0.5213364362716675,0.3429679870605469,-0.14913080632686615,0.9999222159385681,500,185
137,4566,13,0.5175313353538513,0.4414790868759155,0.07680442184209824,0.05678578466176987,496,238
137,4566,14,0.51289302110672,0.44741684198379517,-0.17537212371826172,0.9888511300086975,492,241
137,4566,15,0.5293041467666626,0.5229184031486511,0.0410778634250164,0.0985449030995369,508,282
137,4566,16,0.5186641216278076,0.5397624373435974,-0.15088234841823578,0.9585188627243042,497,291
137,4566,17,0.5321142077445984,0.545448362827301,0.04005822166800499,0.1339324414730072,510,294
137,4566,18,0.51606285572052,0.5657422542572021,-0.16758380830287933,0.9236863255500793,495,305
137,4566,19,0.5352582335472107,0.5431873798370361,0.02328047715127468,0.1421622484922409,513,293
137,4566,20,0.5243750810623169,0.5658866167068481,-0.16774708032608032,0.9217707514762878,503,305
137,4566,21,0.5338350534439087,0.5356007814407349,0.03324328362941742,0.1316724568605423,512,289
137,4566,22,0.5256970524787903,0.5565605163574219,-0.15038686990737915,0.8748205304145813,504,300
137,4566,23,0.5301591753959656,0.5248872637748718,0.06383945047855377,0.9999379515647888,508,283
137,4566,24,0.5279223322868347,0.526495635509491,-0.06398504227399826,0.9999696612358093,506,284
137,4566,25,0.5471289753913879,0.6440048217773438,0.12281873822212219,0.516427755355835,525,347
137,4566,26,0.513056218624115,0.6437963247299194,-0.023983707651495934,0.9342343211174011,492,347
137,4566,27,0.5568603277206421,0.7524334192276001,0.18500447273254395,0.8662703037261963,534,406
137,4566,28,0.4626871645450592,0.7279626131057739,0.05712904408574104,0.969692051410675,444,393
137,4566,29,0.5503383874893188,0.7802979350090027,0.18666976690292358,0.8629254102706909,528,421
137,4566,30,0.4457199275493622,0.7317751049995422,0.06250288337469101,0.8718385696411133,427,395
137,4566,31,0.5666456818580627,0.7931649088859558,0.13144633173942566,0.8834661245346069,543,428
137,4566,32,0.4693875312805176,0.7877036333084106,0.010097893886268139,0.9465464353561401,450,425
138,4600,0,0.5508856177330017,0.2778874337673187,-0.07055386155843735,0.9951090216636658,528,150
138,4600,1,0.5492373704910278,0.26627594232559204,-0.06250646710395813,0.9909395575523376,527,143
138,4600,2,0.5477367043495178,0.26571792364120483,-0.06266146153211594,0.9887826442718506,525,143
138,4600,3,0.5463927984237671,0.26532262563705444,-0.06263013929128647,0.9923421144485474,524,143
138,4600,4,0.5520558953285217,0.26724058389663696,-0.08324218541383743,0.9951809048652649,529,144
138,4600,5,0.5523130297660828,0.2672392427921295,-0.08343028277158737,0.9962966442108154,530,144
138,4600,6,0.5529816150665283,0.26711419224739075,-0.08355050534009933,0.997534453868866,530,144
138,4600,7,0.540580689907074,0.2680619955062866,-0.020017603412270546,0.9952590465545654,518,144
138,4600,8,0.5496713519096375,0.2704351246356964,-0.11495216935873032,0.996694028377533,527,146
138,4600,9,0.5469597578048706,0.2890017330646515,-0.051404308527708054,0.9948383569717407,525,156
138,4600,10,0.5489317774772644,0.28917747735977173,-0.07986239343881607,0.9967654943466187,526,156
138,4600,11,0.5296499133110046,0.33874356746673584,0.04675597697496414,0.9996123909950256,508,182
138,4600,12,0.5311053395271301,0.3425227403640747,-0.15374957025051117,0.999920129776001,509,184
138,4600,13,0.5264406800270081,0.44067394733428955,0.0730249434709549,0.054073017090559006,505,237
138,4600,14,0.520331084728241,0.4473257064819336,-0.18030603229999542,0.9895585775375366,499,241
138,4600,15,0.5362867116928101,0.5230718851089478,0.038784921169281006,0.09164450317621231,514,282
138,4600,16,0.5287558436393738,0.5397840142250061,-0.15817949175834656,0.9595097303390503,507,291
138,4600,17,0.5371280312538147,0.5444669127464294,0.03774333372712135,0.1252174824476242,515,294
138,4600,18,0.5259371399879456,0.5656455755233765,-0.1767875999212265,0.9235223531723022,504,305
138,4600,19,0.5425549745559692,0.5435482859611511,0.020334210246801376,0.13281019032001495,520,293
138,4600,20,0.5336439609527588,0.5657506585121155,-0.17805449664592743,0.9217404127120972,512,305
138,4600,21,0.5411244034767151,0.5377114415168762,0.030683457851409912,0.12293921411037445,519,290
138,4600,22,0.5352152585983276,0.557310938835144,-0.15860114991664886,0.8741230964660645,513,300
138,4600,23,0.5396543145179749,0.5231844782829285,0.06394841521978378,0.9999381303787231,518,282
138,4600,24,0.5363531708717346,0.5262603163719177,-0.06408033519983292,0.9999693036079407,514,284
138,4600,25,0.5541111826896667,0.6383792757987976,0.11335916072130203,0.5219518542289734,531,344
138,4600,26,0.5302070379257202,0.6429874300956726,-0.05007041618227959,0.9390485882759094,508,347
138,4600,27,0.5615666508674622,0.7529009580612183,0.17566674947738647,0.8745750784873962,539,406
138,4600,28,0.4740041494369507,0.7184339165687561,0.03785990923643112,0.9715862274169922,455,387
138,4600,29,0.5553543567657471,0.7799708843231201,0.17752736806869507,0.8679516315460205,533,421
138,4600,30,0.4625155031681061,0.7165548205375671,0.04570535570383072,0.8749620914459229,444,386
138,4600,31,0.5685194730758667,0.7962278127670288,0.12947021424770355,0.889840841293335,545,429
138,4600,32,0.496904194355011,0.7895026206970215,0.0039002117700874805,0.949626088142395,477,426
139,4633,0,0.5524765849113464,0.27740299701690674,-0.056342288851737976,0.9947509169578552,530,149
139,4633,1,0.5506019592285156,0.2657874524593353,-0.04965938627719879,0.9908064603805542,528,143
139,4633,2,0.5492371320724487,0.26528194546699524,-0.04980931431055069,0.9887513518333435,527,143
139,4633,3,0.5478904247283936,0.26491087675094604,-0.049781572073698044,0.9923080801963806,525,143
139,4633,4,0.553196132183075,0.2666435241699219,-0.07016344368457794,0.9949765205383301,531,143
139,4633,5,0.5537049770355225,0.26663461327552795,-0.0703650414943695,0.9961540102958679,531,143
139,4633,6,0.5543668270111084,0.2665196359157562,-0.07047547399997711,0.9974378943443298,532,143
139,4633,7,0.5416039824485779,0.26767611503601074,-0.012178507633507252,0.9952918887138367,519,144
139,4633,8,0.550746738910675,0.2701253890991211,-0.1055828109383583,0.9965972304344177,528,145
139,4633,9,0.5485069155693054,0.28846171498298645,-0.03831638768315315,0.9945204854011536,526,155
139,4633,10,0.5502716898918152,0.2886662185192108,-0.06619445234537125,0.9964675903320312,528,155
139,4633,11,0.5285711288452148,0.33845266699790955,0.05101095512509346,0.9995740652084351,507,182
139,4633,12,0.5334164500236511,0.34241241216659546,-0.14123627543449402,0.9999098181724548,512,184
139,4633,13,0.5240561962127686,0.440254271030426,0.07370162010192871,0.0506313256919384,503,237
139,4633,14,0.5217787623405457,0.4472118318080902,-0.1630626767873764,0.9883244633674622,500,241
139,4633,15,0.5354486703872681,0.5223605036735535,0.036780036985874176,0.08376264572143555,514,282
139,4633,16,0.530328094959259,0.5397108197212219,-0.14204104244709015,0.9533208608627319,509,291
139,4633,17,0.5356333255767822,0.543703556060791,0.03560655191540718,0.1149984821677208,514,293
139,4633,18,0.5284469127655029,0.5655232667922974,-0.15641586482524872,0.9140788316726685,507,305
139,4633,19,0.5407801270484924,0.5435173511505127,0.019551362842321396,0.12179572135210037,519,293
139,4633,20,0.5371010303497314,0.565353512763977,-0.15715759992599487,0.9110153913497925,515,305
139,4633,21,0.5408104658126831,0.5368033647537231,0.029022453352808952,0.11284118890762329,519,289
139,4633,22,0.5385586023330688,0.5560881495475769,-0.1414802074432373,0.8597767949104309,517,300
139,4633,23,0.5384864211082458,0.5226404070854187,0.06388051062822342,0.9999387860298157,516,282
139,4633,24,0.5406099557876587,0.5252179503440857,-0.06401292979717255,0.999970018863678,518,283
139,4633,25,0.5406211018562317,0.6400091648101807,0.11195031553506851,0.5476130843162537,518,345
139,4633,26,0.5541352033615112,0.6435040235519409,-0.040961019694805145,0.9410971403121948,531,347
139,4633,27,0.4922254979610443,0.7187971472740173,0.15618735551834106,0.8805025815963745,472,388
139,4633,28,0.5574488043785095,0.7431607246398926,0.03871254250407219,0.9732689261436462,535,401
139,4633,29,0.476351261138916,0.7197629809379578,0.15800181031227112,0.874640941619873,457,388
139,4633,30,0.5483251810073853,0.7686944603919983,0.04626655578613281,0.8830986618995667,526,415
139,4633,31,0.49391934275627136,0.779597282409668,0.12382916361093521,0.8926136493682861,474,420
139,4633,32,0.5843252539634705,0.7887666821479797,0.003648109035566449,0.9506977200508118,560,425
140,4666,0,0.559803307056427,0.27483782172203064,-0.08584379404783249,0.9949191808700562,537,148
140,4666,1,0.5582513809204102,0.26316970586776733,-0.07753267884254456,0.9908633232116699,535,142
140,4666,2,0.5566590428352356,0.2627917528152466,-0.07769694924354553,0.9888173937797546,534,141
140,4666,3,0.5553190112113953,0.26255491375923157,-0.0776737779378891,0.9923305511474609,533,141
140,4666,4,0.5611040592193604,0.26391714811325073,-0.09854277968406677,0.9950594305992126,538,142
140,4666,5,0.5612873435020447,0.26394981145858765,-0.09873346984386444,0.996209979057312,538,142
140,4666,6,0.5619557499885559,0.2638987600803375,-0.09885391592979431,0.9974400401115417,539,142
140,4666,7,0.5494441986083984,0.2657295763492584,-0.032753583043813705,0.9953530430793762,527,143
140,4666,8,0.5585477948188782,0.267855167388916,-0.12859779596328735,0.9966350197792053,536,144
140,4666,9,0.5557554960250854,0.2866012156009674,-0.06583566963672638,0.9946353435516357,533,154
140,4666,10,0.5577045679092407,0.2867083251476288,-0.09454499930143356,0.9965525269508362,535,154
140,4666,11,0.5384302139282227,0.33802530169487,0.040854208171367645,0.9995997548103333,516,182
140,4666,12,0.5425823330879211,0.3412405848503113,-0.1699158400297165,0.9999110102653503,520,184
140,4666,13,0.5407857894897461,0.43977317214012146,0.0648854672908783,0.04906851798295975,519,237
140,4666,14,0.532546877861023,0.44764870405197144,-0.1928413361310959,0.9892049431800842,511,241
140,4666,15,0.5473063588142395,0.5235871076583862,0.020509598776698112,0.08014784753322601,525,282
140,4666,16,0.542451798915863,0.5408337712287903,-0.16577306389808655,0.9554964900016785,520,292
140,4666,17,0.5477117896080017,0.5453643798828125,0.017847690731287003,0.1116522029042244,525,294
140,4666,18,0.541492223739624,0.567870557308197,-0.18410953879356384,0.9163283109664917,519,306
140,4666,19,0.552876353263855,0.5436307191848755,-0.0008743100916035473,0.11800901591777802,530,293
140,4666,20,0.5487355589866638,0.5682612061500549,-0.1836870163679123,0.913552463054657,526,306
140,4666,21,0.5517499446868896,0.538432776927948,0.01174977608025074,0.10909594595432281,529,290
140,4666,22,0.549404501914978,0.5578065514564514,-0.1647566258907318,0.8626867532730103,527,301
140,4666,23,0.549967885017395,0.520552396774292,0.06582743674516678,0.999941885471344,527,281
140,4666,24,0.5463895201683044,0.5233600735664368,-0.06594081223011017,0.9999706149101257,524,282
140,4666,25,0.5625498294830322,0.6345863342285156,0.11249498277902603,0.5583919286727905,540,342
140,4666,26,0.5563808679580688,0.6431255340576172,-0.06693276762962341,0.946056067943573,534,347
140,4666,27,0.5610686540603638,0.7456088662147522,0.15984578430652618,0.8892631530761719,538,402
140,4666,28,0.4947059750556946,0.7054267525672913,0.02961638942360878,0.974550187587738,474,380
140,4666,29,0.5513566136360168,0.7723116278648376,0.16069187223911285,0.8811689019203186,529,417
140,4666,30,0.47816231846809387,0.7034314870834351,0.03895819932222366,0.8850338459014893,459,379
140,4666,31,0.583500325679779,0.7818372249603271,0.12008966505527496,0.8996303677558899,560,422
140,4666,32,0.4910793900489807,0.7657436728477478,0.00582581153139472,0.9532857537269592,471,413
141,4700,0,0.5623788237571716,0.2737843096256256,-0.07865805178880692,0.9944393038749695,539,147
141,4700,1,0.5597226023674011,0.2622748017311096,-0.07099250704050064,0.9897559285163879,537,141
141,4700,2,0.557989776134491,0.261832058429718,-0.0711551383137703,0.9875863790512085,535,141
141,4700,3,0.5563140511512756,0.26150867342948914,-0.07113028317689896,0.9916052222251892,534,141
141,4700,4,0.5629538893699646,0.26326096057891846,-0.09135798364877701,0.9943575859069824,540,142
141,4700,5,0.5635314583778381,0.26340240240097046,-0.09154786914587021,0.995563805103302,540,142
141,4700,6,0.5642555356025696,0.26346710324287415,-0.09165997803211212,0.9969335198402405,541,142
141,4700,7,0.54925137758255,0.2650994062423706,-0.029326658695936203,0.9950686097145081,527,143
141,4700,8,0.5576236248016357,0.2678585946559906,-0.12320972234010696,0.9959675073623657,535,144
141,4700,9,0.5574334859848022,0.2859400510787964,-0.05950213223695755,0.9940729737281799,535,154
141,4700,10,0.55982506275177,0.28631243109703064,-0.08746246248483658,0.9960840940475464,537,154
141,4700,11,0.5388993620872498,0.33783265948295593,0.04153672978281975,0.9996183514595032,517,182
141,4700,12,0.5438214540481567,0.3412085771560669,-0.1625245064496994,0.9998990297317505,522,184
141,4700,13,0.5392771363258362,0.4416932761669159,0.06504113972187042,0.04573892056941986,517,238
141,4700,14,0.5340994596481323,0.45112907886505127,-0.18806114792823792,0.9889718294143677,512,243
141,4700,15,0.545274555683136,0.5232769846916199,0.024176958948373795,0.07392528653144836,523,282
141,4700,16,0.5417804718017578,0.5414316654205322,-0.15063409507274628,0.9434688091278076,520,292
141,4700,17,0.5440991520881653,0.546978235244751,0.022047605365514755,0.10362181812524796,522,295
141,4700,18,0.5413169860839844,0.5682538747787476,-0.16658449172973633,0.8940488696098328,519,306
141,4700,19,0.5488226413726807,0.543358564376831,0.003915024921298027,0.1092836856842041,526,293
141,4700,20,0.5480682849884033,0.5714622735977173,-0.165201798081398,0.8904616832733154,526,308
141,4700,21,0.5485765337944031,0.5382258296012878,0.01583554595708847,0.10088414698839188,526,290
141,4700,22,0.5479968190193176,0.562818706035614,-0.1493029147386551,0.8326454758644104,526,303
141,4700,23,0.5493699312210083,0.5202807188034058,0.06643582880496979,0.9999445676803589,527,280
141,4700,24,0.5449621081352234,0.523006796836853,-0.06655046343803406,0.9999704957008362,523,282
141,4700,25,0.5673980712890625,0.633080005645752,0.11277863383293152,0.565232515335083,544,341
141,4700,26,0.5538181066513062,0.6413774490356445,-0.04846698418259621,0.9497310519218445,531,346
141,4700,27,0.5633684396743774,0.7538533806800842,0.1567814201116562,0.8975673317909241,540,407
141,4700,28,0.4886949956417084,0.6990669965744019,0.036983929574489594,0.9759941697120667,469,377
141,4700,29,0.5555700659751892,0.7835707664489746,0.156901016831398,0.8875866532325745,533,423
141,4700,30,0.4713837802410126,0.6959295868873596,0.046787332743406296,0.8879528641700745,452,375
141,4700,31,0.5757501721382141,0.7946500182151794,0.1128685399889946,0.9063243269920349,552,429
141,4700,32,0.4840160310268402,0.762565016746521,0.01680993288755417,0.9558835625648499,464,411
142,4733,0,0.5687839388847351,0.2682821452617645,-0.07847598940134048,0.9947725534439087,546,144
142,4733,1,0.5668002963066101,0.25780925154685974,-0.06897591054439545,0.9904109835624695,544,139
142,4733,2,0.5656070113182068,0.2576727569103241,-0.06909637898206711,0.9883535504341125,542,139
142,4733,3,0.5643202066421509,0.257591187953949,-0.06902769207954407,0.9921022653579712,541,139
142,4733,4,0.5691282153129578,0.2583005428314209,-0.09031502157449722,0.994736909866333,546,139
142,4733,5,0.5696226358413696,0.2584376931190491,-0.09051486104726791,0.995871901512146,546,139
142,4733,6,0.5701769590377808,0.25848129391670227,-0.09060550481081009,0.9971542358398438,547,139
142,4733,7,0.5582608580589294,0.26205721497535706,-0.02350640296936035,0.9953131675720215,535,141
142,4733,8,0.5662955641746521,0.2634734511375427,-0.11873471736907959,0.9962468147277832,543,142
142,4733,9,0.5644494891166687,0.2812874913215637,-0.05726449564099312,0.994407594203949,541,151
142,4733,10,0.5662956237792969,0.28109124302864075,-0.08612336963415146,0.9963325262069702,543,151
142,4733,11,0.5461165308952332,0.33458080887794495,0.04986726492643356,0.9996219277381897,524,180
142,4733,12,0.5507816076278687,0.33845943212509155,-0.15699650347232819,0.9999039173126221,528,182
142,4733,13,0.5460219979286194,0.4322160482406616,0.07595347613096237,0.04357454925775528,524,233
142,4733,14,0.5408359169960022,0.4448498487472534,-0.18578948080539703,0.988810658454895,519,240
142,4733,15,0.5530922412872314,0.5173050165176392,0.029358049854636192,0.0687815248966217,530,279
142,4733,16,0.5474509596824646,0.5337437987327576,-0.1666538268327713,0.9469640851020813,525,288
142,4733,17,0.5540450811386108,0.5382091403007507,0.027304528281092644,0.09698734432458878,531,290
142,4733,18,0.546711266040802,0.5596885681152344,-0.18610937893390656,0.9000520706176758,524,302
142,4733,19,0.5594450235366821,0.5382185578346252,0.007709501776844263,0.10212400555610657,537,290
142,4733,20,0.5552629828453064,0.5601316690444946,-0.18444004654884338,0.8964523673057556,533,302
142,4733,21,0.5596644282341003,0.5332765579223633,0.020284172147512436,0.0943300649523735,537,287
142,4733,22,0.555935800075531,0.5517146587371826,-0.1654566079378128,0.8404538035392761,533,297
142,4733,23,0.5534706711769104,0.5100418329238892,0.06621034443378448,0.999943196773529,531,275
142,4733,24,0.5522729158401489,0.5148658156394958,-0.06632952392101288,0.9999704360961914,530,278
142,4733,25,0.5683476328849792,0.6309280395507812,0.09655597805976868,0.5773201584815979,545,340
142,4733,26,0.5650973916053772,0.6400049328804016,-0.038610246032476425,0.9466484785079956,542,345
142,4733,27,0.5259969830513,0.7082000374794006,0.1318366825580597,0.898271381855011,504,382
142,4733,28,0.5319212079048157,0.7403550744056702,0.04762442037463188,0.9758410453796387,510,399
142,4733,29,0.5030083656311035,0.7198533415794373,0.13207624852657318,0.8849996328353882,482,388
142,4733,30,0.522460401058197,0.7552120089530945,0.0549066923558712,0.886335551738739,501,407
142,4733,31,0.5212649703025818,0.7682787775993347,0.08645685762166977,0.9065045714378357,500,414
142,4733,32,0.5476905703544617,0.7787701487541199,0.012319590896368027,0.9546631574630737,525,420
143,4766,0,0.5698996186256409,0.26627975702285767,-0.07563495635986328,0.9951866269111633,547,143
143,4766,1,0.5675466656684875,0.25617754459381104,-0.06705190986394882,0.9911893606185913,544,138
143,4766,2,0.5660847425460815,0.256020188331604,-0.06718550622463226,0.989315927028656,543,138
143,4766,3,0.5641514658927917,0.2558682858943939,-0.06713221222162247,0.9927181601524353,541,138
143,4766,4,0.5701615810394287,0.2568036913871765,-0.08780737221240997,0.9951745867729187,547,138
143,4766,5,0.5706382989883423,0.25705111026763916,-0.0880044549703598,0.9962285757064819,547,138
143,4766,6,0.5701810121536255,0.2571786046028137,-0.08810563385486603,0.997399091720581,547,138
143,4766,7,0.5576902627944946,0.2605969309806824,-0.02659055031836033,0.9956830739974976,535,140
143,4766,8,0.5655004382133484,0.26301875710487366,-0.11701308935880661,0.9965731501579285,542,142
143,4766,9,0.5657755732536316,0.2794794738292694,-0.055620670318603516,0.9948295950889587,543,150
143,4766,10,0.5677293539047241,0.2796657681465149,-0.08365429192781448,0.9966277480125427,545,151
143,4766,11,0.5462612509727478,0.33292925357818604,0.04183380305767059,0.9996309280395508,524,179
143,4766,12,0.5527804493904114,0.33827924728393555,-0.1508682668209076,0.9999113082885742,530,182
143,4766,13,0.5463513731956482,0.4283747971057892,0.06724334508180618,0.041432663798332214,524,231
143,4766,14,0.5439468026161194,0.4395092725753784,-0.17258121073246002,0.9890617728233337,522,237
143,4766,15,0.5529488325119019,0.5087452530860901,0.027958715334534645,0.06371868401765823,530,274
143,4766,16,0.5504545569419861,0.530129611492157,-0.16160941123962402,0.9517713785171509,528,286
143,4766,17,0.5543799996376038,0.5330706238746643,0.026597818359732628,0.09141327440738678,532,287
143,4766,18,0.549871563911438,0.5557544231414795,-0.1798156052827835,0.9092372059822083,527,300
143,4766,19,0.5583873391151428,0.5338259339332581,0.007968426682054996,0.09619951993227005,536,288
143,4766,20,0.5587918162345886,0.5537611842155457,-0.1788816750049591,0.9059128165245056,536,299
143,4766,21,0.5589661002159119,0.5279461145401001,0.01948850043118,0.08911143988370895,536,285
143,4766,22,0.5595166683197021,0.5444567203521729,-0.1607019156217575,0.8547581434249878,537,294
143,4766,23,0.5520366430282593,0.5036559700965881,0.06343609094619751,0.9999402165412903,529,271
143,4766,24,0.5527114868164062,0.5060034394264221,-0.063582643866539,0.999970555305481,530,273
143,4766,25,0.5674312710762024,0.6275292038917542,0.09558844566345215,0.5858806371688843,544,338
143,4766,26,0.5672276020050049,0.6389511227607727,-0.01853766478598118,0.9465925097465515,544,345
143,4766,27,0.5135616660118103,0.7003068923950195,0.12593495845794678,0.8939990997314453,493,378
143,4766,28,0.559576153755188,0.755797266960144,0.039008717983961105,0.9767792224884033,537,408
143,4766,29,0.4921385943889618,0.707728385925293,0.12636049091815948,0.8824802041053772,472,382
143,4766,30,0.5504560470581055,0.7796915769577026,0.04246773198246956,0.8910785913467407,528,421
143,4766,31,0.510611891746521,0.7606642842292786,0.09237614274024963,0.9021267890930176,490,410
143,4766,32,0.5886877179145813,0.7789645195007324,-0.0026153360959142447,0.9547417163848877,565,420
144,4800,0,0.5786208510398865,0.2663663625717163,-0.05111392214894295,0.9956095218658447,555,143
144,4800,1,0.5764305591583252,0.2556995153427124,-0.04527106508612633,0.9920166730880737,553,138
144,4800,2,0.5750921964645386,0.2555105984210968,-0.04540955647826195,0.9903221726417542,552,137
144,4800,3,0.5736110210418701,0.25535815954208374,-0.04536740109324455,0.9934025406837463,550,137
144,4800,4,0.5789372324943542,0.25616541504859924,-0.06292443722486496,0.99561607837677,555,138
144,4800,5,0.5794044733047485,0.25628986954689026,-0.06311384588479996,0.9965716600418091,556,138
144,4800,6,0.579788327217102,0.25573351979255676,-0.06317205727100372,0.9976353645324707,556,138
144,4800,7,0.5669359564781189,0.26063066720962524,-0.01261004339903593,0.9960837960243225,544,140
144,4800,8,0.5761285424232483,0.2627614438533783,-0.09118320792913437,0.9968682527542114,553,141
144,4800,9,0.5735999941825867,0.27946937084198,-0.03456266596913338,0.9952482581138611,550,150
144,4800,10,0.5754641890525818,0.27925315499305725,-0.058555491268634796,0.9968850016593933,552,150
144,4800,11,0.5499227643013,0.33048343658447266,0.042430564761161804,0.9996489882469177,527,178
144,4800,12,0.5634181499481201,0.33455753326416016,-0.11397407203912735,0.9999117851257324,540,180
144,4800,13,0.5502185821533203,0.42339521646499634,0.06759846210479736,0.04003513231873512,528,228
144,4800,14,0.5621602535247803,0.4328239858150482,-0.12536276876926422,0.9841518998146057,539,233
144,4800,15,0.5608446598052979,0.4990359842777252,0.028614606708288193,0.05859768018126488,538,269
144,4800,16,0.5719984173774719,0.5079886317253113,-0.09428774565458298,0.9277305603027344,549,274
144,4800,17,0.5624159574508667,0.521088182926178,0.028469590470194817,0.08436061441898346,539,281
144,4800,18,0.5746471285820007,0.5317786931991577,-0.1043030321598053,0.8802750706672668,551,287
144,4800,19,0.5664513111114502,0.5183790922164917,0.013202260248363018,0.08859885483980179,543,279
144,4800,20,0.5735909342765808,0.5319474935531616,-0.10414159297943115,0.8738387823104858,550,287
144,4800,21,0.5662607550621033,0.5139888525009155,0.02175944112241268,0.08215063810348511,543,277
144,4800,22,0.5735750198364258,0.5217007398605347,-0.09347362071275711,0.8191049098968506,550,281
144,4800,23,0.5577210187911987,0.5025925040245056,0.055898796766996384,0.999943196773529,535,271
144,4800,24,0.5611363649368286,0.5049743056297302,-0.056050051003694534,0.9999721050262451,538,272
144,4800,25,0.5721687078475952,0.6223017573356628,0.09157636016607285,0.6052511930465698,549,336
144,4800,26,0.5714920163154602,0.6366914510726929,-0.006436954718083143,0.9485183954238892,548,343
144,4800,27,0.527992308139801,0.69217848777771,0.13879308104515076,0.8844338655471802,506,373
144,4800,28,0.565252959728241,0.7592626214027405,0.03481384366750717,0.9781847596168518,542,410
144,4800,29,0.5116236209869385,0.6960189938545227,0.14070266485214233,0.8730871081352234,491,375
144,4800,30,0.5557031035423279,0.7830541133880615,0.03673727437853813,0.8966649174690247,533,422
144,4800,31,0.5199548602104187,0.7449415922164917,0.10867073386907578,0.892372190952301,499,402
144,4800,32,0.596562385559082,0.781578004360199,-0.007179612759500742,0.9564357399940491,572,422
145,4833,0,0.5790424346923828,0.2641412019729614,-0.04785597324371338,0.9959907531738281,555,142
145,4833,1,0.576400637626648,0.25388169288635254,-0.04327264055609703,0.9927600622177124,553,137
145,4833,2,0.5744150876998901,0.253650426864624,-0.04341810569167137,0.9912253022193909,551,136
145,4833,3,0.5727458596229553,0.25348344445228577,-0.043383609503507614,0.9940184950828552,549,136
145,4833,4,0.5786905884742737,0.25457867980003357,-0.05967529118061066,0.9960139393806458,555,137
145,4833,5,0.579171895980835,0.2548440992832184,-0.05986795201897621,0.9968810677528381,556,137
145,4833,6,0.5796723961830139,0.254718542098999,-0.0599241703748703,0.9978498816490173,556,137
145,4833,7,0.5663422346115112,0.25919109582901,-0.01337799709290266,0.9964446425437927,543,139
145,4833,8,0.5754863023757935,0.2620924413204193,-0.08744382858276367,0.9971358180046082,552,141
145,4833,9,0.574114203453064,0.27759915590286255,-0.03264245018362999,0.995634138584137,551,149
145,4833,10,0.5763141512870789,0.2777804136276245,-0.055019624531269073,0.997124433517456,553,150
145,4833,11,0.5526177287101746,0.3280544579029083,0.0407332181930542,0.9996674060821533,530,177
145,4833,12,0.5631577372550964,0.33259618282318115,-0.10949846357107162,0.9999160766601562,540,179
145,4833,13,0.5527886152267456,0.42171338200569153,0.06097874790430069,0.037916138768196106,530,227
145,4833,14,0.5601921081542969,0.4311271607875824,-0.1143890842795372,0.982171356678009,537,232
145,4833,15,0.5627231597900391,0.49979332089424133,0.025074118748307228,0.05357617512345314,540,269
145,4833,16,0.5713218450546265,0.5043282508850098,-0.08467638492584229,0.9212547540664673,548,272
145,4833,17,0.5632888674736023,0.5127444863319397,0.023928053677082062,0.0774533748626709,540,276
145,4833,18,0.5729442834854126,0.5267369151115417,-0.09485039114952087,0.8730340600013733,550,284
145,4833,19,0.5659812688827515,0.5127383470535278,0.010553228668868542,0.08119281381368637,543,276
145,4833,20,0.5745812058448792,0.5274059176445007,-0.09561464190483093,0.8651305437088013,551,284
145,4833,21,0.5655154585838318,0.5043155550956726,0.01888285204768181,0.07530950009822845,542,272
145,4833,22,0.5741151571273804,0.5171141624450684,-0.08422596752643585,0.8076900839805603,551,279
145,4833,23,0.5608342289924622,0.5028327703475952,0.052795346826314926,0.9999464154243469,538,271
145,4833,24,0.5633202195167542,0.504667341709137,-0.052937101572752,0.9999739527702332,540,272
145,4833,25,0.5749605894088745,0.6185559630393982,0.092092365026474,0.6102606654167175,551,334
145,4833,26,0.5727053284645081,0.6343539953231812,-0.007776007056236267,0.950309157371521,549,342
145,4833,27,0.531044065952301,0.6916711926460266,0.13859409093856812,0.8699141144752502,509,373
145,4833,28,0.5656249523162842,0.7598900198936462,0.02560330182313919,0.9792799353599548,542,410
145,4833,29,0.5160973072052002,0.6988460421562195,0.14113758504390717,0.8639034628868103,495,377
145,4833,30,0.5568305253982544,0.7832900881767273,0.02704860083758831,0.9016852378845215,534,422
145,4833,31,0.5264203548431396,0.7428370714187622,0.11270930618047714,0.8808274269104004,505,401
145,4833,32,0.5984145998954773,0.7836946845054626,-0.014186127111315727,0.9578584432601929,574,423
146,4866,0,0.5848362445831299,0.26364490389823914,-0.02981867641210556,0.9962141513824463,561,142
146,4866,1,0.5824570059776306,0.2534213960170746,-0.022922920063138008,0.9932172894477844,559,136
146,4866,2,0.5813921093940735,0.25328803062438965,-0.0230470709502697,0.9917886853218079,558,136
146,4866,3,0.5802710652351379,0.25321534276008606,-0.023017127066850662,0.9944102764129639,557,136
146,4866,4,0.5839560031890869,0.2536759078502655,-0.04172755777835846,0.9962341785430908,560,136
146,4866,5,0.5840986967086792,0.2537517547607422,-0.041920267045497894,0.9970499873161316,560,137
146,4866,6,0.5842260122299194,0.25360560417175293,-0.041981201618909836,0.99796462059021,560,136
146,4866,7,0.5744229555130005,0.2589508593082428,0.013540918938815594,0.9966349601745605,551,139
146,4866,8,0.5798748731613159,0.2606548070907593,-0.0712013766169548,0.9971920847892761,556,140
146,4866,9,0.5802956223487854,0.27655380964279175,-0.012468663044273853,0.9957573413848877,557,149
146,4866,10,0.5814501643180847,0.275178998708725,-0.038124244660139084,0.9971810579299927,558,148
146,4866,11,0.5611796975135803,0.3250458240509033,0.0750851258635521,0.9996812343597412,538,175
146,4866,12,0.5689116716384888,0.3263742923736572,-0.1079472154378891,0.9999193549156189,546,176
146,4866,13,0.559814989566803,0.4207736849784851,0.10196790099143982,0.036753322929143906,537,227
146,4866,14,0.5643928050994873,0.42213359475135803,-0.13285323977470398,0.9788492321968079,541,227
146,4866,15,0.5744239687919617,0.49194392561912537,0.05771636217832565,0.050680067390203476,551,265
146,4866,16,0.5805931091308594,0.49619433283805847,-0.11569355428218842,0.908548891544342,557,267
146,4866,17,0.5790491700172424,0.5126530528068542,0.05582127347588539,0.0736808255314827,555,276
146,4866,18,0.5813751816749573,0.5197878479957581,-0.1277485191822052,0.858363926410675,558,280
146,4866,19,0.5800045132637024,0.5130235552787781,0.036794696003198624,0.07727175951004028,556,277
146,4866,20,0.5838825106620789,0.5205045342445374,-0.1294817328453064,0.8492827415466309,560,281
146,4866,21,0.5820531845092773,0.5083290934562683,0.04881565645337105,0.07156050205230713,558,274
146,4866,22,0.583644449710846,0.5098373889923096,-0.11530057340860367,0.7855071425437927,560,275
146,4866,23,0.5677462816238403,0.5023386478424072,0.056017279624938965,0.9999437928199768,545,271
146,4866,24,0.565445601940155,0.5005612969398499,-0.05611103028059006,0.9999723434448242,542,270
146,4866,25,0.5920553803443909,0.6134999990463257,0.06044589355587959,0.5670494437217712,568,331
146,4866,26,0.5777549743652344,0.6258838772773743,-0.060020770877599716,0.9429070949554443,554,337
146,4866,27,0.5637922286987305,0.7361995577812195,0.08913696557283401,0.8083477020263672,541,397
146,4866,28,0.5667921304702759,0.7613160014152527,-0.05986637622117996,0.9740671515464783,544,411
146,4866,29,0.5569882988929749,0.7548174262046814,0.08907662332057953,0.8077693581581116,534,407
146,4866,30,0.5583111643791199,0.7882081866264343,-0.06176682561635971,0.8825567364692688,535,425
146,4866,31,0.5781453251838684,0.7442911267280579,0.055329542607069016,0.827992856502533,555,401
146,4866,32,0.6004423499107361,0.7856266498565674,-0.11423297971487045,0.9479698538780212,576,424
147,4900,0,0.5865629315376282,0.26379939913749695,-0.04125705733895302,0.9965383410453796,563,142
147,4900,1,0.5848808884620667,0.25337275862693787,-0.03440352901816368,0.9938200116157532,561,136
147,4900,2,0.5840246677398682,0.253159761428833,-0.03454151004552841,0.9925193190574646,560,136
147,4900,3,0.5831412076950073,0.2531699538230896,-0.034509412944316864,0.9949043989181519,559,136
147,4900,4,0.5857147574424744,0.25351208448410034,-0.05329710245132446,0.9965630173683167,562,136
147,4900,5,0.5855411291122437,0.25342488288879395,-0.053489360958337784,0.9973080158233643,562,136
147,4900,6,0.5854007601737976,0.2531971335411072,-0.05356191098690033,0.9981417059898376,561,136
147,4900,7,0.5767681002616882,0.2586916387081146,0.0034440697636455297,0.996913731098175,553,139
147,4900,8,0.580673336982727,0.25991830229759216,-0.08206843584775925,0.9974064826965332,557,140
147,4900,9,0.5821529626846313,0.2763609290122986,-0.023607401177287102,0.9960458874702454,558,149
147,4900,10,0.5826056003570557,0.2752809226512909,-0.04941149055957794,0.9973764419555664,559,148
147,4900,11,0.5635440349578857,0.3242034316062927,0.06694614142179489,0.999692440032959,541,175
147,4900,12,0.5691835880279541,0.32437220215797424,-0.11743389070034027,0.999923050403595,546,175
147,4900,13,0.5614105463027954,0.4190930128097534,0.09404744952917099,0.035645850002765656,538,226
147,4900,14,0.5659835934638977,0.42260047793388367,-0.13932180404663086,0.9763345122337341,543,228
147,4900,15,0.5775478482246399,0.4935320317745209,0.05063082277774811,0.0478130467236042,554,266
147,4900,16,0.5799931883811951,0.49806270003318787,-0.13320299983024597,0.9019522070884705,556,268
147,4900,17,0.5792045593261719,0.5127390027046204,0.04900939762592316,0.06997257471084595,556,276
147,4900,18,0.5815286636352539,0.5169659852981567,-0.15055455267429352,0.850844144821167,558,279
147,4900,19,0.5813133716583252,0.5047136545181274,0.030476335436105728,0.07334636896848679,558,272
147,4900,20,0.5843344330787659,0.5171233415603638,-0.14811652898788452,0.8412863612174988,560,279
147,4900,21,0.5819972157478333,0.5054153203964233,0.04199574142694473,0.06791085004806519,558,272
147,4900,22,0.5836658477783203,0.5069146156311035,-0.13225293159484863,0.7735100984573364,560,273
147,4900,23,0.568840742111206,0.5011339783668518,0.057971756905317307,0.999941349029541,546,270
147,4900,24,0.5670040845870972,0.49943795800209045,-0.05804544314742088,0.9999712705612183,544,269
147,4900,25,0.5976288318634033,0.6100813150405884,0.07239372283220291,0.5310998558998108,573,329
147,4900,26,0.5800603032112122,0.6235257983207703,-0.05769897252321243,0.9341086745262146,556,336
147,4900,27,0.5684607028961182,0.7406233549118042,0.11235960572957993,0.7508534789085388,545,399
147,4900,28,0.5675327181816101,0.7603808641433716,-0.04602722078561783,0.9683327674865723,544,410
147,4900,29,0.5615774393081665,0.7532516717910767,0.11357695609331131,0.7573461532592773,539,406
147,4900,30,0.5576927661895752,0.7884204983711243,-0.04668420925736427,0.8640913367271423,535,425
147,4900,31,0.5857965350151062,0.751194179058075,0.08232666552066803,0.7785772681236267,562,405
147,4900,32,0.600548505783081,0.7859522104263306,-0.0964619442820549,0.9375354051589966,576,424
148,4933,0,0.593718409538269,0.2641184628009796,-0.06324442476034164,0.9967723488807678,569,142
148,4933,1,0.5931727290153503,0.25328874588012695,-0.05742878094315529,0.9942765831947327,569,136
148,4933,2,0.5922014713287354,0.25289905071258545,-0.057585783302783966,0.993090033531189,568,136
148,4933,3,0.5912451148033142,0.25269272923469543,-0.05754387378692627,0.995265781879425,567,136
148,4933,4,0.5947984457015991,0.25363487005233765,-0.0751841738820076,0.9968163371086121,571,136
148,4933,5,0.5950367450714111,0.25352880358695984,-0.07538158446550369,0.997517466545105,571,136
148,4933,6,0.5942010879516602,0.25332173705101013,-0.07547394186258316,0.998286247253418,570,136
148,4933,7,0.5849409699440002,0.2579633593559265,-0.021611208096146584,0.9971305131912231,561,139
148,4933,8,0.589357316493988,0.2599295377731323,-0.10207538306713104,0.9976091980934143,565,140
148,4933,9,0.5893235802650452,0.27636462450027466,-0.0459703654050827,0.9963118433952332,565,149
148,4933,10,0.5901855826377869,0.2755773663520813,-0.07034362852573395,0.9975723624229431,566,148
148,4933,11,0.5717512369155884,0.3237544894218445,0.03918154537677765,0.9997071623802185,548,174
148,4933,12,0.574232280254364,0.32503625750541687,-0.13279850780963898,0.9999289512634277,551,175
148,4933,13,0.5742467045783997,0.4202682077884674,0.06929413229227066,0.036526668816804886,551,226
148,4933,14,0.5707269310951233,0.42394667863845825,-0.15207833051681519,0.9775779247283936,547,228
148,4933,15,0.5840908288955688,0.4946911931037903,0.037159014493227005,0.04707641899585724,560,267
148,4933,16,0.5871342420578003,0.5071496963500977,-0.14317016303539276,0.9101797342300415,563,273
148,4933,17,0.584743082523346,0.5202310085296631,0.03745606169104576,0.07055539637804031,561,280
148,4933,18,0.5877610445022583,0.53133624792099,-0.16108641028404236,0.8632189035415649,564,286
148,4933,19,0.588718831539154,0.5115722417831421,0.018555359914898872,0.07383646816015244,565,276
148,4933,20,0.5942140817642212,0.5295518040657043,-0.1580468714237213,0.8543528318405151,570,285
148,4933,21,0.5888025760650635,0.5088806748390198,0.029006291180849075,0.06853794306516647,565,274
148,4933,22,0.5941351652145386,0.5188688039779663,-0.14173640310764313,0.7914151549339294,570,280
148,4933,23,0.5805507302284241,0.5012701749801636,0.057549066841602325,0.9999418258666992,557,270
148,4933,24,0.5736581087112427,0.49984243512153625,-0.0576433427631855,0.9999725222587585,550,269
148,4933,25,0.611727774143219,0.6083289384841919,0.10771672427654266,0.5359610915184021,587,328
148,4933,26,0.577393114566803,0.6239514946937561,-0.021122729405760765,0.9374457001686096,554,336
148,4933,27,0.5706409811973572,0.7065714001655579,0.1899971216917038,0.7380805611610413,547,381
148,4933,28,0.5680447220802307,0.7612429857254028,0.015269224531948566,0.9702845215797424,545,411
148,4933,29,0.5624889135360718,0.7108858227729797,0.19609706103801727,0.7435697317123413,539,383
148,4933,30,0.557769775390625,0.7897006869316101,0.01717505045235157,0.8701730966567993,535,426
148,4933,31,0.5752604007720947,0.7291768789291382,0.17028281092643738,0.7697203755378723,552,393
148,4933,32,0.5999292731285095,0.7865646481513977,-0.039483290165662766,0.9405298233032227,575,424
149,4966,0,0.5937554836273193,0.2643338739871979,-0.05856827646493912,0.9970608353614807,570,142
149,4966,1,0.5930215716362,0.25333845615386963,-0.05285521596670151,0.9948070645332336,569,136
149,4966,2,0.5920377373695374,0.2528887689113617,-0.05302608013153076,0.9937381744384766,568,136
149,4966,3,0.5911060571670532,0.25260400772094727,-0.05297983065247536,0.9957059621810913,567,136
149,4966,4,0.594542384147644,0.25382229685783386,-0.07038836926221848,0.9971052408218384,570,137
149,4966,5,0.5938842296600342,0.25348371267318726,-0.07057628035545349,0.9977443218231201,570,136
149,4966,6,0.5938121676445007,0.2533382177352905,-0.07064545899629593,0.9984406232833862,570,136
149,4966,7,0.5837759375572205,0.25709426403045654,-0.0189412459731102,0.9973976612091064,560,138
149,4966,8,0.5886257290840149,0.2597026526927948,-0.09810366481542587,0.997822105884552,565,140
149,4966,9,0.5892232060432434,0.2765003442764282,-0.04180501773953438,0.9966391324996948,565,149
149,4966,10,0.5903353095054626,0.2758339047431946,-0.06592891365289688,0.9977865219116211,566,148
149,4966,11,0.5711038708686829,0.3236261010169983,0.04243837669491768,0.9997297525405884,548,174
149,4966,12,0.5763892531394958,0.32583528757095337,-0.12781672179698944,0.9999338984489441,553,175
149,4966,13,0.5743672847747803,0.4349231719970703,0.06977148354053497,0.0400819405913353,551,234
149,4966,14,0.5753366947174072,0.4278191924095154,-0.14769873023033142,0.9768571853637695,552,231
149,4966,15,0.5840029120445251,0.5031591653823853,0.03935575857758522,0.05342758819460869,560,271
149,4966,16,0.588255763053894,0.5112143158912659,-0.13267074525356293,0.9136423468589783,564,276
149,4966,17,0.5860716700553894,0.5316104292869568,0.03971562534570694,0.08121727406978607,562,287
149,4966,18,0.5895566344261169,0.5395413637161255,-0.14827589690685272,0.8693971633911133,565,291
149,4966,19,0.5881113409996033,0.524844229221344,0.021570932120084763,0.0842999741435051,564,283
149,4966,20,0.5944225192070007,0.5374210476875305,-0.14595218002796173,0.860541582107544,570,290
149,4966,21,0.5880337953567505,0.5203664898872375,0.03147607296705246,0.07789856940507889,564,280
149,4966,22,0.5940294861793518,0.5254589319229126,-0.13133548200130463,0.7996095418930054,570,283
149,4966,23,0.5794275403022766,0.5022243857383728,0.057588838040828705,0.9999445080757141,556,271
149,4966,24,0.5747634768486023,0.5007834434509277,-0.05769557133316994,0.9999740123748779,551,270
149,4966,25,0.6135842800140381,0.6069353222846985,0.10596932470798492,0.5453898906707764,589,327
149,4966,26,0.5758132934570312,0.6249220371246338,-0.02204817347228527,0.9407680630683899,552,337
149,4966,27,0.570404052734375,0.6708114743232727,0.18891377747058868,0.7147207260131836,547,362
149,4966,28,0.56563800573349,0.7625956535339355,0.019208526238799095,0.9719016551971436,543,411
149,4966,29,0.5612049102783203,0.670191764831543,0.19665385782718658,0.7278965711593628,538,361
149,4966,30,0.5558735728263855,0.7891810536384583,0.022162538021802902,0.8753492832183838,533,426
149,4966,31,0.5684696435928345,0.6984965801239014,0.18381692469120026,0.7541400194168091,545,377
149,4966,32,0.5996282696723938,0.7863553166389465,-0.022896725684404373,0.9429682493209839,575,424
150,5000,0,0.5991598963737488,0.2644420266151428,-0.057028476148843765,0.9968320727348328,575,142
150,5000,1,0.5982887148857117,0.2532840669155121,-0.05142854526638985,0.9943439960479736,574,136
150,5000,2,0.5966702103614807,0.25274014472961426,-0.051594652235507965,0.9933197498321533,572,136
150,5000,3,0.595203697681427,0.2523341774940491,-0.0515490360558033,0.9952222108840942,571,136
150,5000,4,0.6013365387916565,0.25390762090682983,-0.07005409151315689,0.9968332052230835,577,137
150,5000,5,0.6019824743270874,0.2536192536354065,-0.07024595886468887,0.9976205229759216,577,136
150,5000,6,0.6019757986068726,0.25349366664886475,-0.07032483071088791,0.9983364343643188,577,136
150,5000,7,0.5888277292251587,0.25682079792022705,-0.01787932962179184,0.9970319867134094,565,138
150,5000,8,0.5982257723808289,0.2598082423210144,-0.10149507969617844,0.997685432434082,574,140
150,5000,9,0.5949159264564514,0.27587011456489563,-0.04093463718891144,0.9960663318634033,571,148
150,5000,10,0.5971440672874451,0.27562716603279114,-0.06583271920681,0.9975461363792419,573,148
150,5000,11,0.5736667513847351,0.3232986032962799,0.04405435547232628,0.9997127056121826,550,174
150,5000,12,0.5850352644920349,0.3263736963272095,-0.14140585064888,0.999936580657959,561,176
150,5000,13,0.5721866488456726,0.4294666051864624,0.07009284198284149,0.039095573127269745,549,231
150,5000,14,0.5850988626480103,0.428752601146698,-0.1668926179409027,0.9785550236701965,561,231
150,5000,15,0.5856901407241821,0.5017419457435608,0.044475506991147995,0.05085500702261925,562,270
150,5000,16,0.6018186807632446,0.5120826959609985,-0.15046747028827667,0.9214009642601013,577,276
150,5000,17,0.5868846774101257,0.5305535197257996,0.046379514038562775,0.07799824327230453,563,286
150,5000,18,0.6026034951210022,0.5397919416427612,-0.1683255285024643,0.88077312707901,578,291
150,5000,19,0.5914075970649719,0.5241649746894836,0.026349203661084175,0.08100342750549316,567,283
150,5000,20,0.6068475246429443,0.538387656211853,-0.16383370757102966,0.8726734519004822,582,290
150,5000,21,0.591648280620575,0.51897132396698,0.03587631508708,0.07507354766130447,567,280
150,5000,22,0.6057054400444031,0.5260830521583557,-0.14819954335689545,0.8162461519241333,581,284
150,5000,23,0.584301769733429,0.5029089450836182,0.05856233090162277,0.9999338388442993,560,271
150,5000,24,0.5846268534660339,0.5012763142585754,-0.05867684260010719,0.9999711513519287,561,270
150,5000,25,0.6125952005386353,0.6089958548545837,0.1049158051609993,0.5352599620819092,588,328
150,5000,26,0.5864646434783936,0.6254949569702148,-0.02063414454460144,0.9399739503860474,563,337
150,5000,27,0.5823780298233032,0.7003851532936096,0.15498299896717072,0.7142534852027893,559,378
150,5000,28,0.5722498297691345,0.7559037804603577,0.01572088524699211,0.9727749824523926,549,408
150,5000,29,0.5746313333511353,0.7233961224555969,0.1576593816280365,0.7285441756248474,551,390
150,5000,30,0.5620766878128052,0.7862280607223511,0.0171679574996233,0.8789384365081787,539,424
150,5000,31,0.5958624482154846,0.7387434840202332,0.1338692158460617,0.7518813014030457,572,398
150,5000,32,0.6026076078414917,0.7838565111160278,-0.025984587147831917,0.943472683429718,578,423
151,5033,0,0.6025626063346863,0.2643812596797943,-0.056440193206071854,0.9966817498207092,578,142
151,5033,1,0.6008159518241882,0.25294923782348633,-0.050963833928108215,0.9942383170127869,576,136
151,5033,2,0.5995546579360962,0.2524835169315338,-0.051132358610630035,0.9931778311729431,575,136
151,5033,3,0.5983060002326965,0.2521264851093292,-0.0510927252471447,0.9951387643814087,574,136
151,5033,4,0.6029088497161865,0.2535535991191864,-0.06914075464010239,0.9967286586761475,578,136
151,5033,5,0.603244423866272,0.25340861082077026,-0.06933150440454483,0.9975325465202332,579,136
151,5033,6,0.6035453677177429,0.25336626172065735,-0.06941501796245575,0.9982843399047852,579,136
151,5033,7,0.5919318795204163,0.2562849819660187,-0.017122754827141762,0.9969100952148438,568,138
151,5033,8,0.5988959670066833,0.2595018148422241,-0.10044579952955246,0.9975430369377136,574,140
151,5033,9,0.5982797741889954,0.27579110860824585,-0.040878456085920334,0.9958285093307495,574,148
151,5033,10,0.5997465252876282,0.2754688560962677,-0.06529630720615387,0.9973870515823364,575,148
151,5033,11,0.5785340070724487,0.32330137491226196,0.04371844604611397,0.9997108578681946,555,174
151,5033,12,0.5836326479911804,0.3264303505420685,-0.1404852569103241,0.9999368786811829,560,176
151,5033,13,0.5767109990119934,0.42743855714797974,0.06885575503110886,0.0374249592423439,553,230
151,5033,14,0.58494633436203,0.429273784160614,-0.16534878313541412,0.9792301654815674,561,231
151,5033,15,0.5875257253646851,0.5018722414970398,0.040491197258234024,0.04819401726126671,564,271
151,5033,16,0.602573037147522,0.5126709938049316,-0.14555133879184723,0.9255712628364563,578,276
151,5033,17,0.5923206210136414,0.532097339630127,0.04161018878221512,0.07409307360649109,568,287
151,5033,18,0.6026275753974915,0.5411485433578491,-0.16168846189975739,0.8857222199440002,578,292
151,5033,19,0.5947273373603821,0.5256560444831848,0.023636195808649063,0.07682172954082489,570,283
151,5033,20,0.6073152422904968,0.5407649874687195,-0.15915654599666595,0.8779546022415161,583,292
151,5033,21,0.5952907204627991,0.5213159918785095,0.03266600891947746,0.07107891142368317,571,281
151,5033,22,0.6076210737228394,0.5278237462043762,-0.14395444095134735,0.8217941522598267,583,285
151,5033,23,0.587017297744751,0.5033501386642456,0.05757877603173256,0.9999339580535889,563,271
151,5033,24,0.5840709209442139,0.5023896098136902,-0.05770203843712807,0.9999710917472839,560,271
151,5033,25,0.6092002987861633,0.6101440191268921,0.08980783075094223,0.5167369246482849,584,329
151,5033,26,0.5868902802467346,0.625305712223053,-0.02149742841720581,0.9345492720603943,563,337
151,5033,27,0.5819113254547119,0.7104551196098328,0.13165202736854553,0.7054424285888672,558,383
151,5033,28,0.5734124779701233,0.7530916929244995,0.007167972158640623,0.9717366695404053,550,406
151,5033,29,0.5734758377075195,0.7279119491577148,0.1332063525915146,0.7190662026405334,550,393
151,5033,30,0.5633682608604431,0.784791111946106,0.008237827569246292,0.8731996417045593,540,423
151,5033,31,0.597906231880188,0.7509838938713074,0.10454650223255157,0.7455694079399109,573,405
151,5033,32,0.6014127731323242,0.7827176451683044,-0.036169230937957764,0.9417572617530823,577,422
152,5066,0,0.6045907735824585,0.2643558084964752,-0.053901366889476776,0.9966729879379272,580,142
152,5066,1,0.6033056974411011,0.25298652052879333,-0.05086489021778107,0.9943143725395203,579,136
152,5066,2,0.6017223000526428,0.2524774968624115,-0.05103162303566933,0.9932651519775391,577,136
152,5066,3,0.5999711155891418,0.2520653307437897,-0.05099238455295563,0.9951757192611694,575,136
152,5066,4,0.6071760058403015,0.2536335289478302,-0.06743258982896805,0.9967296123504639,582,136
152,5066,5,0.6084524989128113,0.25349339842796326,-0.06762218475341797,0.9975301027297974,584,136
152,5066,6,0.6098548173904419,0.2534513473510742,-0.06770002841949463,0.998283863067627,585,136
152,5066,7,0.5942509770393372,0.2563685476779938,-0.02969222702085972,0.9969276189804077,570,138
152,5066,8,0.6091433167457581,0.2597673833370209,-0.10064155608415604,0.9975367188453674,584,140
152,5066,9,0.6006835103034973,0.2754611372947693,-0.040777768939733505,0.9958149790763855,576,148
152,5066,10,0.6036455035209656,0.27543336153030396,-0.0638030618429184,0.997384250164032,579,148
152,5066,11,0.5791226625442505,0.32347947359085083,0.02500937320291996,0.9997174739837646,555,174
152,5066,12,0.5942769646644592,0.327378511428833,-0.13924585282802582,0.9999371767044067,570,176
152,5066,13,0.5820091962814331,0.4266885817050934,0.05531113222241402,0.03759665787220001,558,230
152,5066,14,0.5968945026397705,0.43304112553596497,-0.1495182067155838,0.9791298508644104,573,233
152,5066,15,0.6033139824867249,0.49496030807495117,0.03802851587533951,0.04840133339166641,579,267
152,5066,16,0.6102413535118103,0.5139857530593872,-0.119709812104702,0.9300063252449036,585,277
152,5066,17,0.607485830783844,0.5277252197265625,0.040090397000312805,0.0754450261592865,583,284
152,5066,18,0.6119177937507629,0.5412461161613464,-0.13327951729297638,0.8919628858566284,587,292
152,5066,19,0.6108798980712891,0.5237612724304199,0.022798189893364906,0.07789239287376404,586,282
152,5066,20,0.6145219206809998,0.5408987998962402,-0.13258330523967743,0.8845096826553345,589,292
152,5066,21,0.6097878813743591,0.5193066596984863,0.030817221850156784,0.07163397967815399,585,280
152,5066,22,0.6145182847976685,0.5292454361915588,-0.11896875500679016,0.8304426670074463,589,285
152,5066,23,0.5941485166549683,0.5085240602493286,0.053616318851709366,0.999934196472168,570,274
152,5066,24,0.5910757780075073,0.511364221572876,-0.05377849191427231,0.9999707937240601,567,276
152,5066,25,0.6204097270965576,0.6066608428955078,0.11504179984331131,0.5360715389251709,595,327
152,5066,26,0.5859481692314148,0.6294397115707397,0.015959488227963448,0.9366425275802612,562,339
152,5066,27,0.6031663417816162,0.7107399106025696,0.18260027468204498,0.7282624840736389,579,383
152,5066,28,0.5708258748054504,0.7531037330627441,0.08035606890916824,0.9734256863594055,547,406
152,5066,29,0.5927145481109619,0.7285736203193665,0.18664909899234772,0.7365986704826355,569,393
152,5066,30,0.5625460147857666,0.7816708087921143,0.08515994995832443,0.8778655529022217,540,422
152,5066,31,0.6146596670150757,0.7603051662445068,0.15777379274368286,0.7624037265777588,590,410
152,5066,32,0.5974924564361572,0.7858870625495911,0.04435395076870918,0.944340169429779,573,424
153,5100,0,0.6070175170898438,0.2644225060939789,-0.0513792522251606,0.9968442916870117,582,142
153,5100,1,0.6051222085952759,0.2530467212200165,-0.049161434173583984,0.9946427345275879,580,136
153,5100,2,0.603611171245575,0.25253623723983765,-0.04932976886630058,0.9936494827270508,579,136
153,5100,3,0.6018338799476624,0.25212788581848145,-0.04928240925073624,0.9954342246055603,577,136
153,5100,4,0.6087135076522827,0.2536506950855255,-0.06576921790838242,0.9969051480293274,584,136
153,5100,5,0.6098421812057495,0.2536068260669708,-0.06596572697162628,0.9976649880409241,585,136
153,5100,6,0.6110979914665222,0.25366339087486267,-0.06604482233524323,0.9983772039413452,586,136
153,5100,7,0.5965983867645264,0.2564323842525482,-0.02607445977628231,0.9970680475234985,572,138
153,5100,8,0.6072751879692078,0.2605540454387665,-0.1010495200753212,0.9976544380187988,582,140
153,5100,9,0.6035101413726807,0.27551600337028503,-0.03911586478352547,0.9959656596183777,579,148
153,5100,10,0.6063393354415894,0.27571552991867065,-0.06210136041045189,0.9974822998046875,582,148
153,5100,11,0.5831934213638306,0.3232620656490326,0.032149869948625565,0.9997264742851257,559,174
153,5100,12,0.5936040282249451,0.32745495438575745,-0.14039303362369537,0.9999405145645142,569,176
153,5100,13,0.5793284177780151,0.4245823323726654,0.0582333467900753,0.037119753658771515,556,229
153,5100,14,0.5951457619667053,0.43306803703308105,-0.15111306309700012,0.980540931224823,571,233
153,5100,15,0.5970863103866577,0.4926225543022156,0.04696140065789223,0.04685194417834282,573,266
153,5100,16,0.6133546233177185,0.5144168734550476,-0.12375346571207047,0.9352178573608398,588,277
153,5100,17,0.6037815809249878,0.5247246623039246,0.04962136968970299,0.0735732838511467,579,283
153,5100,18,0.6158304810523987,0.5402718186378479,-0.13800764083862305,0.8992425799369812,591,291
153,5100,19,0.6072695255279541,0.5214519500732422,0.032480571419000626,0.0757027193903923,582,281
153,5100,20,0.6209255456924438,0.5376617908477783,-0.13648730516433716,0.8921891450881958,596,290
153,5100,21,0.6063838601112366,0.5156323909759521,0.03988724201917648,0.06953376531600952,582,278
153,5100,22,0.620209276676178,0.5284913778305054,-0.12250101566314697,0.8404912352561951,595,285
153,5100,23,0.5976554155349731,0.5103973746299744,0.053960878401994705,0.9999380111694336,573,275
153,5100,24,0.5906944274902344,0.5141878724098206,-0.05413283035159111,0.9999725222587585,567,277
153,5100,25,0.6233745813369751,0.6077296733856201,0.12206045538187027,0.5602348446846008,598,328
153,5100,26,0.5832984447479248,0.6295929551124573,0.006471602246165276,0.9413079619407654,559,339
153,5100,27,0.6059808731079102,0.7108344435691833,0.18750309944152832,0.7504100203514099,581,383
153,5100,28,0.5693323612213135,0.7530966997146606,0.05713066831231117,0.9755876064300537,546,406
153,5100,29,0.5961199402809143,0.7290289402008057,0.19119341671466827,0.7561924457550049,572,393
153,5100,30,0.5613409280776978,0.7813442945480347,0.06039249897003174,0.8857905864715576,538,421
153,5100,31,0.6239493489265442,0.7635298371315002,0.16244810819625854,0.7803852558135986,598,412
153,5100,32,0.5959026217460632,0.7902952432632446,0.015490751713514328,0.9485108256340027,572,426
154,5133,0,0.6123257875442505,0.26445895433425903,-0.03612039238214493,0.9966114163398743,587,142
154,5133,1,0.611400842666626,0.2530045211315155,-0.0346914678812027,0.9942779541015625,586,136
154,5133,2,0.6098164319992065,0.25245219469070435,-0.0348484143614769,0.993019700050354,585,136
154,5133,3,0.6082168221473694,0.2519960403442383,-0.034796494990587234,0.9949635863304138,583,136
154,5133,4,0.6148269772529602,0.2536167502403259,-0.050998881459236145,0.9967067837715149,590,136
154,5133,5,0.6159619688987732,0.2535369396209717,-0.05119945481419563,0.9974993467330933,591,136
154,5133,6,0.6171821355819702,0.253292977809906,-0.0512852743268013,0.9982988834381104,592,136
154,5133,7,0.6026021242141724,0.25619766116142273,-0.020688911899924278,0.99629807472229,578,138
154,5133,8,0.6160760521888733,0.260362833738327,-0.09271492063999176,0.9973980188369751,591,140
154,5133,9,0.6086640954017639,0.27519121766090393,-0.02572842501103878,0.995142936706543,584,148
154,5133,10,0.6114679574966431,0.27545785903930664,-0.04822028428316116,0.997129499912262,587,148
154,5133,11,0.5839964747428894,0.3232863247394562,0.034170325845479965,0.9996984601020813,560,174
154,5133,12,0.6026188731193542,0.32726961374282837,-0.13867460191249847,0.999941885471344,578,176
154,5133,13,0.5760563611984253,0.4246443212032318,0.06245909631252289,0.035204801708459854,553,229
154,5133,14,0.6050865650177002,0.43602749705314636,-0.1487930715084076,0.9819130301475525,580,235
154,5133,15,0.591492772102356,0.49430835247039795,0.05036992207169533,0.04379424452781677,567,266
154,5133,16,0.626598596572876,0.5164100527763367,-0.11694947630167007,0.9396699666976929,601,278
154,5133,17,0.596509575843811,0.5296182036399841,0.05145953595638275,0.0686119943857193,572,285
154,5133,18,0.6307502388954163,0.5443650484085083,-0.13081331551074982,0.903930127620697,605,293
154,5133,19,0.5999810695648193,0.5231549143791199,0.0344502255320549,0.07046446949243546,575,282
154,5133,20,0.6365920901298523,0.5419120788574219,-0.13046254217624664,0.8973018527030945,611,292
154,5133,21,0.5993836522102356,0.5206525325775146,0.04322122409939766,0.0645471140742302,575,281
154,5133,22,0.6328780651092529,0.5310487747192383,-0.11587764322757721,0.8454679250717163,607,286
154,5133,23,0.5976173877716064,0.5098670721054077,0.05463254451751709,0.9999362230300903,573,275
154,5133,24,0.5984885096549988,0.5118196606636047,-0.054796356707811356,0.999971866607666,574,276
154,5133,25,0.6287235617637634,0.6083987951278687,0.0995999127626419,0.5362748503684998,603,328
154,5133,26,0.5864285230636597,0.6242334246635437,-0.001943425857461989,0.9297099709510803,562,337
154,5133,27,0.6232817769050598,0.7325975894927979,0.14626102149486542,0.7464362978935242,598,395
154,5133,28,0.5696389079093933,0.7523773908615112,0.04490276426076889,0.9704123139381409,546,406
154,5133,29,0.6172455549240112,0.7590370178222656,0.1474190205335617,0.7531381249427795,592,409
154,5133,30,0.5607550740242004,0.7803261876106262,0.04808448627591133,0.8659369945526123,538,421
154,5133,31,0.6528923511505127,0.7643687725067139,0.11262190341949463,0.7692282199859619,626,412
154,5133,32,0.5946745276451111,0.7860937714576721,0.0029995341319590807,0.9369441866874695,570,424
155,5166,0,0.6141995191574097,0.2647472321987152,-0.03427710011601448,0.9968368411064148,589,142
155,5166,1,0.6132844686508179,0.2532954812049866,-0.03007957711815834,0.9946562647819519,588,136
155,5166,2,0.6121294498443604,0.2527066469192505,-0.03022482618689537,0.9934645891189575,587,136
155,5166,3,0.6109249591827393,0.2522106170654297,-0.030172323808073997,0.9952707290649414,586,136
155,5166,4,0.6156249642372131,0.2539513111114502,-0.047786783427000046,0.9969214200973511,590,137
155,5166,5,0.6163200736045837,0.2538822889328003,-0.04798491299152374,0.9976627230644226,591,137
155,5166,6,0.6171489953994751,0.25372013449668884,-0.048064328730106354,0.9984065294265747,592,137
155,5166,7,0.6042539477348328,0.2562788426876068,-0.0036316444166004658,0.9964559674263,580,138
155,5166,8,0.6125749945640564,0.2603875696659088,-0.08392927050590515,0.9975256323814392,588,140
155,5166,9,0.610528290271759,0.2752331495285034,-0.020063262432813644,0.9952282905578613,586,148
155,5166,10,0.6127119064331055,0.2755208909511566,-0.04447925090789795,0.9971920847892761,588,148
155,5166,11,0.5853124856948853,0.32313719391822815,0.055666010826826096,0.9996979832649231,561,174
155,5166,12,0.5993797183036804,0.32728448510169983,-0.13138654828071594,0.9999447464942932,575,176
155,5166,13,0.5756051540374756,0.4246884286403656,0.08470285683870316,0.0342237763106823,552,229
155,5166,14,0.6041374802589417,0.4354381561279297,-0.14843103289604187,0.9832770228385925,579,235
155,5166,15,0.5893447995185852,0.4948601722717285,0.06125972419977188,0.04135126993060112,565,267
155,5166,16,0.6270675659179688,0.5146966576576233,-0.11954236030578613,0.9428123235702515,601,277
155,5166,17,0.5934333801269531,0.5253190994262695,0.06189944967627525,0.06467735767364502,569,283
155,5166,18,0.6319616436958313,0.5426458716392517,-0.13417820632457733,0.9071252346038818,606,293
155,5166,19,0.5970240235328674,0.5219371318817139,0.044787753373384476,0.06631624698638916,573,281
155,5166,20,0.6352447271347046,0.5385693311691284,-0.13251227140426636,0.9006878733634949,609,290
155,5166,21,0.5973169207572937,0.5206220149993896,0.053885117173194885,0.06067623570561409,573,281
155,5166,22,0.6339032053947449,0.5289856195449829,-0.11807043850421906,0.8483651280403137,608,285
155,5166,23,0.6019991636276245,0.5066349506378174,0.05659138411283493,0.9999385476112366,577,273
155,5166,24,0.5982506275177002,0.5071524381637573,-0.05675290897488594,0.9999729990959167,574,273
155,5166,25,0.6281996369361877,0.6083706021308899,0.0829906165599823,0.5322268605232239,603,328
155,5166,26,0.5855506658554077,0.6224761009216309,-0.019291482865810394,0.9330710172653198,562,336
155,5166,27,0.6274970769882202,0.7349874973297119,0.11829151958227158,0.7574687004089355,602,396
155,5166,28,0.5686043500900269,0.7546582818031311,-0.004121910315006971,0.9720079302787781,545,407
155,5166,29,0.6215752959251404,0.7651885151863098,0.11841873079538345,0.7643531560897827,596,413
155,5166,30,0.560107409954071,0.7808046340942383,-0.004620707593858242,0.8692207932472229,537,421
155,5166,31,0.6574112772941589,0.7634729146957397,0.0809326171875,0.7796652317047119,631,412
155,5166,32,0.5971047878265381,0.7867884039878845,-0.05536014586687088,0.9401566386222839,573,424
156,5200,0,0.6208562254905701,0.27167949080467224,-0.027902944013476372,0.997072160243988,596,146
156,5200,1,0.6196825504302979,0.25966888666152954,-0.025063253939151764,0.9950692057609558,594,140
156,5200,2,0.6182551980018616,0.2586919665336609,-0.025202961638569832,0.9939555525779724,593,139
156,5200,3,0.6167086362838745,0.2577475607395172,-0.025147639214992523,0.9956205487251282,592,139
156,5200,4,0.6227406859397888,0.2607567012310028,-0.042430028319358826,0.997150719165802,597,140
156,5200,5,0.6235765218734741,0.2606422007083893,-0.04261809214949608,0.9978311657905579,598,140
156,5200,6,0.624498188495636,0.26052606105804443,-0.04269174113869667,0.9985206723213196,599,140
156,5200,7,0.6103271245956421,0.2613132894039154,-0.004287808667868376,0.9966896176338196,585,141
156,5200,8,0.6218399405479431,0.26596397161483765,-0.0834478884935379,0.9976797103881836,596,143
156,5200,9,0.6171349287033081,0.28081440925598145,-0.01582719013094902,0.9955050945281982,592,151
156,5200,10,0.6192554235458374,0.2813977003097534,-0.03981875255703926,0.9973443746566772,594,151
156,5200,11,0.589795708656311,0.32578760385513306,0.052913911640644073,0.9997111558914185,566,175
156,5200,12,0.6107351183891296,0.3329359292984009,-0.1290980577468872,0.9999476671218872,586,179
156,5200,13,0.5804499983787537,0.42842045426368713,0.08220658451318741,0.03439793735742569,557,231
156,5200,14,0.6184388399124146,0.43748828768730164,-0.1459050476551056,0.9845271110534668,593,236
156,5200,15,0.5884654521942139,0.507055938243866,0.05795738846063614,0.03993641585111618,564,273
156,5200,16,0.6396008729934692,0.5142748951911926,-0.11181441694498062,0.9443973898887634,614,277
156,5200,17,0.592164158821106,0.5327922105789185,0.05813227593898773,0.061962638050317764,568,287
156,5200,18,0.6467964053153992,0.5406480431556702,-0.125874325633049,0.9063332080841064,620,291
156,5200,19,0.5953347682952881,0.5314911603927612,0.042317945510149,0.06325666606426239,571,287
156,5200,20,0.6494520306587219,0.5368748903274536,-0.12408788502216339,0.8996002078056335,623,289
156,5200,21,0.5956723690032959,0.5304813981056213,0.051222000271081924,0.05748626962304115,571,286
156,5200,22,0.6472969055175781,0.5279545187950134,-0.1102527603507042,0.8435479402542114,621,285
156,5200,23,0.6038217544555664,0.5074958205223083,0.05701366811990738,0.9999401569366455,579,274
156,5200,24,0.604130744934082,0.5072097778320312,-0.05716532841324806,0.9999735951423645,579,273
156,5200,25,0.6331660151481628,0.6087835431098938,0.08436748385429382,0.525474488735199,607,328
156,5200,26,0.5875139236450195,0.6243866086006165,-0.018814589828252792,0.9356613159179688,564,337
156,5200,27,0.6503466367721558,0.7369586825370789,0.13096539676189423,0.757989227771759,624,397
156,5200,28,0.569587767124176,0.7551383972167969,0.005800843704491854,0.9716976284980774,546,407
156,5200,29,0.6444578766822815,0.7670161724090576,0.13307468593120575,0.7644520998001099,618,414
156,5200,30,0.5599991679191589,0.780915379524231,0.00711652310565114,0.861214816570282,537,421
156,5200,31,0.6782427430152893,0.7551164627075195,0.0997326523065567,0.7771276831626892,651,407
156,5200,32,0.6005960702896118,0.7867686152458191,-0.04336080700159073,0.9383469820022583,576,424
157,5233,0,0.621168851852417,0.2756485342979431,-0.029877088963985443,0.9972965717315674,596,148
157,5233,1,0.6196572184562683,0.2633051872253418,-0.02631598711013794,0.9954411387443542,594,142
157,5233,2,0.6182231903076172,0.2622729241847992,-0.0264512300491333,0.9943922162055969,593,141
157,5233,3,0.6166346073150635,0.2612473964691162,-0.026394234970211983,0.9959312677383423,591,141
157,5233,4,0.6227676868438721,0.2645622491836548,-0.04442034661769867,0.9973681569099426,597,142
157,5233,5,0.6233508586883545,0.26446521282196045,-0.04460747539997101,0.9979953169822693,598,142
157,5233,6,0.624210774898529,0.26439806818962097,-0.0446820966899395,0.9986344575881958,599,142
157,5233,7,0.610978901386261,0.26462677121162415,-0.0037102578207850456,0.9968947768211365,586,142
157,5233,8,0.6213325262069702,0.26952335238456726,-0.0854869857430458,0.997846245765686,596,145
157,5233,9,0.6178526282310486,0.2844727635383606,-0.017005952075123787,0.9958035349845886,593,153
157,5233,10,0.6198990345001221,0.28559574484825134,-0.041950806975364685,0.9975260496139526,595,154
157,5233,11,0.5925737023353577,0.32780152559280396,0.05446970462799072,0.9997249245643616,568,177
157,5233,12,0.6117169260978699,0.33507537841796875,-0.13172684609889984,0.9999517202377319,587,180
157,5233,13,0.5827235579490662,0.4297175109386444,0.09082338213920593,0.035497624427080154,559,232
157,5233,14,0.6192938089370728,0.439277321100235,-0.14790703356266022,0.9859315752983093,594,237
157,5233,15,0.5893955826759338,0.5132176876068115,0.07122066617012024,0.03990495949983597,565,277
157,5233,16,0.6421409845352173,0.5145654678344727,-0.1165369376540184,0.9493152499198914,616,277
157,5233,17,0.5911623239517212,0.5387477278709412,0.07204996049404144,0.060928475111722946,567,290
157,5233,18,0.6496337652206421,0.540963888168335,-0.13062071800231934,0.9137914180755615,623,292
157,5233,19,0.5944614410400391,0.5394706726074219,0.05535414442420006,0.0619569830596447,570,291
157,5233,20,0.6539071202278137,0.5371689796447754,-0.12950298190116882,0.9075340628623962,627,290
157,5233,21,0.5947347283363342,0.537589967250824,0.06436111778020859,0.055874936282634735,570,290
157,5233,22,0.6511644124984741,0.5280757546424866,-0.11509695649147034,0.8543888926506042,625,285
157,5233,23,0.6068773865699768,0.5075103640556335,0.05951368808746338,0.9999407529830933,582,274
157,5233,24,0.6053250432014465,0.5072996616363525,-0.0596388503909111,0.999974250793457,581,273
157,5233,25,0.6349572539329529,0.6109875440597534,0.10091760754585266,0.5096204280853271,609,329
157,5233,26,0.5877837538719177,0.627220630645752,-0.021800221875309944,0.9380084276199341,564,338
157,5233,27,0.6519956588745117,0.7373914122581482,0.15904827415943146,0.750207245349884,625,398
157,5233,28,0.5693328380584717,0.7561074495315552,0.011047608219087124,0.9707663655281067,546,408
157,5233,29,0.6470195651054382,0.7655888795852661,0.1613742858171463,0.7569792866706848,621,413
157,5233,30,0.5596206188201904,0.7811828851699829,0.012393411248922348,0.8500913381576538,537,421
157,5233,31,0.6768872141838074,0.753426730632782,0.12659503519535065,0.7705413699150085,649,406
157,5233,32,0.6003172993659973,0.7866961359977722,-0.03467776998877525,0.9362310171127319,576,424
158,5266,0,0.6307373642921448,0.2769335210323334,-0.024446915835142136,0.9975295066833496,605,149
158,5266,1,0.629231333732605,0.26501598954200745,-0.02265966311097145,0.9958362579345703,604,143
158,5266,2,0.6274622082710266,0.26403626799583435,-0.02278984524309635,0.9948664903640747,602,142
158,5266,3,0.6257084012031555,0.26307371258735657,-0.02273099683225155,0.996269941329956,600,142
158,5266,4,0.6326360702514648,0.26620984077453613,-0.03921104222536087,0.9975954294204712,607,143
158,5266,5,0.6334548592567444,0.2661460041999817,-0.03939281776547432,0.998165488243103,608,143
158,5266,6,0.6343861818313599,0.2660577893257141,-0.0394623726606369,0.9987507462501526,609,143
158,5266,7,0.6197300553321838,0.267234206199646,-0.0051387278363108635,0.9971367120742798,594,144
158,5266,8,0.6327885985374451,0.2721553146839142,-0.08401332050561905,0.9980219602584839,607,146
158,5266,9,0.6266381740570068,0.28608623147010803,-0.014844255521893501,0.9961327910423279,601,154
158,5266,10,0.6291183233261108,0.2871597409248352,-0.03787725791335106,0.9977216720581055,603,155
158,5266,11,0.5981317162513733,0.3323984742164612,0.046024296432733536,0.9997407793998718,574,179
158,5266,12,0.6235365271568298,0.3406510055065155,-0.1310221552848816,0.9999553561210632,598,183
158,5266,13,0.588009238243103,0.4318879246711731,0.07841917872428894,0.03786350414156914,564,233
158,5266,14,0.6302348375320435,0.4405309855937958,-0.14829960465431213,0.9871386885643005,605,237
158,5266,15,0.5932989120483398,0.5128930807113647,0.0681285634636879,0.04040288180112839,569,276
158,5266,16,0.6561607122421265,0.5155219435691833,-0.11837857216596603,0.9528663754463196,629,278
158,5266,17,0.593519389629364,0.5420457720756531,0.06854187697172165,0.06051788479089737,569,292
158,5266,18,0.6633413434028625,0.5409867167472839,-0.13318988680839539,0.9179647564888,636,292
158,5266,19,0.5961644053459167,0.5411195158958435,0.048442237079143524,0.06104591116309166,572,292
158,5266,20,0.666594386100769,0.5372647643089294,-0.13142982125282288,0.911831259727478,639,290
158,5266,21,0.5971769094467163,0.5356236696243286,0.05850968509912491,0.054383620619773865,573,289
158,5266,22,0.6635094881057739,0.5295014977455139,-0.11684844642877579,0.8587954044342041,636,285
158,5266,23,0.6085898876190186,0.5094931125640869,0.05923343822360039,0.9999430775642395,584,275
158,5266,24,0.6121771335601807,0.5083358287811279,-0.05935816094279289,0.999975323677063,587,274
158,5266,25,0.6392841935157776,0.6161112189292908,0.11064448952674866,0.5242618918418884,613,332
158,5266,26,0.5921949744224548,0.6312910318374634,-0.018742341548204422,0.9423195719718933,568,340
158,5266,27,0.6686550974845886,0.7390432953834534,0.16043199598789215,0.7656985521316528,641,399
158,5266,28,0.5693504214286804,0.7580325603485107,0.01998879760503769,0.9722046852111816,546,409
158,5266,29,0.6700698137283325,0.7680679559707642,0.16186760365962982,0.7688426375389099,643,414
158,5266,30,0.5595189929008484,0.782243549823761,0.021683944389224052,0.8509888052940369,537,422
158,5266,31,0.7000383138656616,0.7370754480361938,0.12636467814445496,0.782210111618042,672,398
158,5266,32,0.6003808975219727,0.788855254650116,-0.02633143775165081,0.9384928941726685,576,425
159,5300,0,0.6323108077049255,0.2777705192565918,-0.026861660182476044,0.9977415204048157,607,149
159,5300,1,0.6303117275238037,0.26627692580223083,-0.024132583290338516,0.9961867332458496,605,143
159,5300,2,0.628542959690094,0.2653023302555084,-0.02425643987953663,0.995283305644989,603,143
159,5300,3,0.6266454458236694,0.26437392830848694,-0.02419380284845829,0.9965655207633972,601,142
159,5300,4,0.6338469982147217,0.26754313707351685,-0.04149356111884117,0.9978036284446716,608,144
159,5300,5,0.6346874237060547,0.26753318309783936,-0.04167686030268669,0.9983230233192444,609,144
159,5300,6,0.6351902484893799,0.2675216794013977,-0.0417473204433918,0.9988594651222229,609,144
159,5300,7,0.620337188243866,0.26837459206581116,-0.005111860577017069,0.997336745262146,595,144
159,5300,8,0.6325387358665466,0.2736276090145111,-0.08494213968515396,0.9981896281242371,607,147
159,5300,9,0.6282287836074829,0.28716275095939636,-0.01572989672422409,0.9964238405227661,603,155
159,5300,10,0.6307520270347595,0.28855574131011963,-0.03971609100699425,0.997903048992157,605,155
159,5300,11,0.6014849543571472,0.3337517976760864,0.049117956310510635,0.9997513890266418,577,180
159,5300,12,0.6237459778785706,0.3422991931438446,-0.13238202035427094,0.9999590516090393,598,184
159,5300,13,0.5930448174476624,0.43215039372444153,0.08149809390306473,0.036601435393095016,569,233
159,5300,14,0.6317093968391418,0.44404685497283936,-0.1485247015953064,0.9883144497871399,606,239
159,5300,15,0.5987317562103271,0.5142405033111572,0.06536319106817245,0.03788509592413902,574,277
159,5300,16,0.6570401787757874,0.5177860856056213,-0.11297483742237091,0.9570246338844299,630,279
159,5300,17,0.5996183753013611,0.5415026545524597,0.0667572021484375,0.05663363263010979,575,292
159,5300,18,0.6630968451499939,0.5423760414123535,-0.1286432296037674,0.924397885799408,636,292
159,5300,19,0.6021755337715149,0.5439417958259583,0.04943717643618584,0.057000331580638885,578,293
159,5300,20,0.6669312119483948,0.5377195477485657,-0.1253768652677536,0.9186473488807678,640,290
159,5300,21,0.6032837629318237,0.5367270112037659,0.057853784412145615,0.05067926272749901,579,289
159,5300,22,0.6642212271690369,0.5304399132728577,-0.11079764366149902,0.8682259917259216,637,286
159,5300,23,0.6131694912910461,0.509460985660553,0.05955154821276665,0.9999452829360962,588,275
159,5300,24,0.6134797930717468,0.5083746314048767,-0.05967133864760399,0.9999767541885376,588,274
159,5300,25,0.6410191059112549,0.6192704439163208,0.11010199040174484,0.530854344367981,615,334
159,5300,26,0.5937840342521667,0.6322895288467407,-0.0207985732704401,0.9465780258178711,570,341
159,5300,27,0.6701719760894775,0.741321325302124,0.16230353713035583,0.7764792442321777,643,400
159,5300,28,0.5696848630905151,0.7583789825439453,0.018199581652879715,0.9737380743026733,546,409
159,5300,29,0.6718502044677734,0.7709696888923645,0.16390164196491241,0.7765377759933472,644,416
159,5300,30,0.559566855430603,0.7826136946678162,0.019891677424311638,0.8526507616043091,537,422
159,5300,31,0.7017530798912048,0.7353076934814453,0.12817884981632233,0.7913280129432678,673,397
159,5300,32,0.6002668142318726,0.7905260920524597,-0.028952745720744133,0.9413939118385315,576,426
160,5333,0,0.6390705108642578,0.2796669602394104,0.00240503903478384,0.9979185461997986,613,151
160,5333,1,0.6372795104980469,0.2686168849468231,0.0035106653813272715,0.9964786171913147,611,145
160,5333,2,0.6356171369552612,0.2675977945327759,0.0033928670454770327,0.995623767375946,610,144
160,5333,3,0.6337234377861023,0.2665611803531647,0.0034467545337975025,0.9968075156211853,608,143
160,5333,4,0.6408727169036865,0.2697644531726837,-0.013030395843088627,0.9979743957519531,615,145
160,5333,5,0.6419486999511719,0.26967141032218933,-0.013203548267483711,0.9984501004219055,616,145
160,5333,6,0.6431068778038025,0.269552081823349,-0.013266000896692276,0.998948335647583,617,145
160,5333,7,0.6275947093963623,0.27068275213241577,0.010484790429472923,0.9975026845932007,602,146
160,5333,8,0.6419464945793152,0.27584564685821533,-0.0651107132434845,0.9983250498771667,616,148
160,5333,9,0.6353685855865479,0.28884872794151306,0.009133514016866684,0.9966782927513123,609,155
160,5333,10,0.6380400061607361,0.28997179865837097,-0.013794451020658016,0.9980577230453491,612,156
160,5333,11,0.6047977805137634,0.33699464797973633,0.05398509278893471,0.9997660517692566,580,181
160,5333,12,0.6333057284355164,0.3461059629917145,-0.11899732798337936,0.9999623894691467,607,186
160,5333,13,0.5977295637130737,0.4344141185283661,0.08431623131036758,0.03977126255631447,573,234
160,5333,14,0.639631450176239,0.4448252022266388,-0.13519154489040375,0.9893501400947571,614,240
160,5333,15,0.5998104214668274,0.5160045027732849,0.06788046658039093,0.039233751595020294,575,278
160,5333,16,0.6663817763328552,0.5190851092338562,-0.10179568082094193,0.9606882333755493,639,280
160,5333,17,0.5993552803993225,0.5416473746299744,0.06882835179567337,0.056913647800683975,575,292
160,5333,18,0.6725587248802185,0.5439743399620056,-0.11711358278989792,0.9298709034919739,645,293
160,5333,19,0.6034010648727417,0.5433935523033142,0.05382627248764038,0.05680730566382408,579,293
160,5333,20,0.6755799055099487,0.5413668751716614,-0.11406128853559494,0.9244216680526733,648,292
160,5333,21,0.6038287281990051,0.5392338037490845,0.06175166368484497,0.04985491558909416,579,291
160,5333,22,0.6728922128677368,0.5340712666511536,-0.09981866925954819,0.8759915828704834,645,288
160,5333,23,0.61607825756073,0.5110171437263489,0.05924318730831146,0.9999461770057678,591,275
160,5333,24,0.6195462346076965,0.5100384950637817,-0.05936233326792717,0.9999773502349854,594,275
160,5333,25,0.6474329829216003,0.6230093240737915,0.10876424610614777,0.5370488166809082,621,336
160,5333,26,0.5975906848907471,0.6357361674308777,-0.020697927102446556,0.9493353962898254,573,343
160,5333,27,0.6818759441375732,0.7417618632316589,0.15285423398017883,0.7842410206794739,654,400
160,5333,28,0.5694422125816345,0.7584587335586548,0.016758406534790993,0.9737839102745056,546,409
160,5333,29,0.6840776801109314,0.7720263600349426,0.15307900309562683,0.7832866907119751,656,416
160,5333,30,0.5593790411949158,0.7824305891990662,0.01833443157374859,0.8480113744735718,537,422
160,5333,31,0.7129786014556885,0.7307363748550415,0.11649782955646515,0.794756293296814,684,394
160,5333,32,0.5997051000595093,0.7908710837364197,-0.029577989131212234,0.9400090575218201,575,427
161,5366,0,0.6395836472511292,0.28134551644325256,0.011687773279845715,0.9980970621109009,614,151
161,5366,1,0.6377472281455994,0.26980629563331604,0.01129572931677103,0.9967729449272156,612,145
161,5366,2,0.6358692049980164,0.268679678440094,0.011177684180438519,0.9959767460823059,610,145
161,5366,3,0.6337463855743408,0.26757901906967163,0.011237487196922302,0.9970606565475464,608,144
161,5366,4,0.6416546106338501,0.271237850189209,-0.0037480900064110756,0.9981447458267212,615,146
161,5366,5,0.6426816582679749,0.27120351791381836,-0.0039170971140265465,0.9985790848731995,616,146
161,5366,6,0.6438779234886169,0.27117323875427246,-0.003971824888139963,0.9990371465682983,618,146
161,5366,7,0.6273842453956604,0.27174198627471924,0.01219469215720892,0.9976902008056641,602,146
161,5366,8,0.6432698369026184,0.27716299891471863,-0.05702950060367584,0.9984639883041382,617,149
161,5366,9,0.6356977224349976,0.2902350127696991,0.016148271039128304,0.9969532489776611,610,156
161,5366,10,0.6385000944137573,0.29185983538627625,-0.004872514866292477,0.9982201457023621,612,157
161,5366,11,0.6065590381622314,0.33838018774986267,0.05315784364938736,0.9997829794883728,582,182
161,5366,12,0.634815514087677,0.34577199816703796,-0.11113782972097397,0.9999656081199646,609,186
161,5366,13,0.5990868806838989,0.43596214056015015,0.08409912139177322,0.055664654821157455,575,235
161,5366,14,0.6408417820930481,0.4457414746284485,-0.1284049153327942,0.990329384803772,615,240
161,5366,15,0.6016854047775269,0.5177092552185059,0.06543590128421783,0.05584748089313507,577,279
161,5366,16,0.6676809787750244,0.5207178592681885,-0.09922140091657639,0.9643368124961853,640,281
161,5366,17,0.6015528440475464,0.5431106090545654,0.06606318056583405,0.07195170223712921,577,293
161,5366,18,0.6739314198493958,0.5456153750419617,-0.11483485251665115,0.9359205961227417,646,294
161,5366,19,0.6040699481964111,0.5451557636260986,0.05129926651716232,0.0703984722495079,579,294
161,5366,20,0.6770848631858826,0.5430616140365601,-0.1118726059794426,0.9308903813362122,650,293
161,5366,21,0.6049996018409729,0.542210578918457,0.05954351648688316,0.05927101895213127,580,292
161,5366,22,0.6746358871459961,0.5356488227844238,-0.09742643684148788,0.8858323097229004,647,289
161,5366,23,0.6167217493057251,0.5146718621253967,0.057986874133348465,0.9999486207962036,592,277
161,5366,24,0.6217064261436462,0.5131452679634094,-0.058100905269384384,0.9999784231185913,596,277
161,5366,25,0.649519145488739,0.6291689276695251,0.11666605621576309,0.5534348487854004,623,339
161,5366,26,0.5978251695632935,0.6373142004013062,-0.02235623076558113,0.9530249238014221,573,344
161,5366,27,0.6827062964439392,0.7445776462554932,0.17184235155582428,0.7963833808898926,655,402
161,5366,28,0.5699892640113831,0.7583659291267395,0.017396973446011543,0.9749019145965576,547,409
161,5366,29,0.6863542795181274,0.7740124464035034,0.17360970377922058,0.7925316691398621,658,417
161,5366,30,0.559545636177063,0.781857967376709,0.018869025632739067,0.8492380976676941,537,422
161,5366,31,0.7136027812957764,0.7309059500694275,0.1379915326833725,0.8041776418685913,685,394
161,5366,32,0.5993459224700928,0.7915727496147156,-0.028717247769236565,0.9419701099395752,575,427
162,5400,0,0.6478742361068726,0.2831967771053314,0.0006340882973745465,0.998260498046875,621,152
162,5400,1,0.6463335156440735,0.2725123465061188,0.001718385610729456,0.997045636177063,620,147
162,5400,2,0.6446406841278076,0.27158021926879883,0.0015983827179297805,0.9963070154190063,618,146
162,5400,3,0.6427096128463745,0.2706708312034607,0.0016493970761075616,0.9972987771034241,617,146
162,5400,4,0.649844229221344,0.2734638452529907,-0.014800811186432838,0.9983000159263611,623,147
162,5400,5,0.6508370637893677,0.2733132839202881,-0.014969108626246452,0.9986956119537354,624,147
162,5400,6,0.6518924832344055,0.2731650471687317,-0.015027466230094433,0.9991161227226257,625,147
162,5400,7,0.635578989982605,0.27525919675827026,0.009629829786717892,0.9978691935539246,610,148
162,5400,8,0.6507024765014648,0.2788405120372772,-0.06512313336133957,0.9985861778259277,624,150
162,5400,9,0.6438173055648804,0.2924385964870453,0.008022296242415905,0.9971879124641418,618,157
162,5400,10,0.6468139290809631,0.2935105562210083,-0.01484730001538992,0.9983569979667664,620,158
162,5400,11,0.6128708124160767,0.34046491980552673,0.05344980210065842,0.9997978210449219,588,183
162,5400,12,0.6422935724258423,0.3491173982620239,-0.11628973484039307,0.9999681115150452,616,188
162,5400,13,0.6045323610305786,0.4365430772304535,0.08468882739543915,0.06580447405576706,580,235
162,5400,14,0.6511638164520264,0.449577659368515,-0.13080380856990814,0.9911466240882874,625,242
162,5400,15,0.6054672002792358,0.5191624164581299,0.06660734862089157,0.06479395180940628,581,280
162,5400,16,0.6774080991744995,0.5229023098945618,-0.10284406691789627,0.9671643376350403,650,282
162,5400,17,0.6034969687461853,0.5443401336669922,0.06667402386665344,0.07989449054002762,579,293
162,5400,18,0.6828499436378479,0.5475189685821533,-0.11737117171287537,0.9399658441543579,655,295
162,5400,19,0.6059393286705017,0.5465943813323975,0.05209651216864586,0.0775691568851471,581,295
162,5400,20,0.6862059831619263,0.545564591884613,-0.11621379852294922,0.9351490139961243,658,294
162,5400,21,0.6072904467582703,0.5429421663284302,0.06074904650449753,0.0643305554986,582,293
162,5400,22,0.6835799813270569,0.5385221242904663,-0.10165717452764511,0.8913135528564453,656,290
162,5400,23,0.6248619556427002,0.5145825147628784,0.05853952094912529,0.999948263168335,599,277
162,5400,24,0.6282514929771423,0.5141886472702026,-0.058653417974710464,0.9999780654907227,603,277
162,5400,25,0.6603118777275085,0.6286332607269287,0.11115381866693497,0.5627908706665039,633,339
162,5400,26,0.6044386029243469,0.6392083168029785,-0.022483056411147118,0.9548129439353943,580,345
162,5400,27,0.687599778175354,0.7490304708480835,0.14837567508220673,0.8012917637825012,660,404
162,5400,28,0.5708112716674805,0.7585577368736267,0.012013101950287819,0.9739417433738708,547,409
162,5400,29,0.6876696348190308,0.7795150279998779,0.14864110946655273,0.7976842522621155,660,420
162,5400,30,0.5596299767494202,0.7817331552505493,0.013206209056079388,0.8411628603935242,537,422
162,5400,31,0.7169829607009888,0.7362557053565979,0.1134028211236,0.8052023649215698,688,397
162,5400,32,0.6001769304275513,0.7924684882164001,-0.033115800470113754,0.9385532140731812,576,427
163,5433,0,0.6480703353881836,0.28479307889938354,0.03540831059217453,0.9983947277069092,622,153
163,5433,1,0.6461641788482666,0.27340248227119446,0.03301958367228508,0.9972545504570007,620,147
163,5433,2,0.6442211866378784,0.27235570549964905,0.03290845826268196,0.9965497255325317,618,147
163,5433,3,0.6420133709907532,0.2713254988193512,0.03295811265707016,0.9974675178527832,616,146
163,5433,4,0.6504217386245728,0.27470138669013977,0.018181515857577324,0.998424232006073,624,148
163,5433,5,0.6515899896621704,0.27468034625053406,0.01801702007651329,0.9987915754318237,625,148
163,5433,6,0.6529005765914917,0.2746945023536682,0.017963919788599014,0.9991827011108398,626,148
163,5433,7,0.6352617144584656,0.27597784996032715,0.024442613124847412,0.997998058795929,609,149
163,5433,8,0.6531843543052673,0.28112396597862244,-0.04387360438704491,0.9986941814422607,627,151
163,5433,9,0.6441329121589661,0.2937815487384796,0.036585841327905655,0.9974019527435303,618,158
163,5433,10,0.6473750472068787,0.29549726843833923,0.015826022252440453,0.9984853267669678,621,159
163,5433,11,0.6144082546234131,0.34183579683303833,0.05758751928806305,0.9998133778572083,589,184
163,5433,12,0.6445146203041077,0.34894147515296936,-0.10404259711503983,0.9999708533287048,618,188
163,5433,13,0.6046493053436279,0.4372153580188751,0.08865589648485184,0.08738264441490173,580,236
163,5433,14,0.6521111130714417,0.44905951619148254,-0.12539787590503693,0.9919223785400391,626,242
163,5433,15,0.6059744954109192,0.5223851799964905,0.07474477589130402,0.08773507177829742,581,282
163,5433,16,0.6782227754592896,0.523253321647644,-0.10321703553199768,0.9701935648918152,651,282
163,5433,17,0.6035146117210388,0.5458904504776001,0.07439447194337845,0.10028702765703201,579,294
163,5433,18,0.6836466193199158,0.5478640794754028,-0.11926515400409698,0.9451127052307129,656,295
163,5433,19,0.6064310669898987,0.5484443306922913,0.06102995574474335,0.09635477513074875,582,296
163,5433,20,0.6869027018547058,0.5462704300880432,-0.11699383705854416,0.9406734108924866,659,294
163,5433,21,0.6070873737335205,0.5424812436103821,0.06954168528318405,0.07783428579568863,582,292
163,5433,22,0.6850630640983582,0.5390052795410156,-0.10173917561769485,0.8998339176177979,657,291
163,5433,23,0.6271007061004639,0.5154762268066406,0.058451298624277115,0.9999499320983887,602,278
163,5433,24,0.632071316242218,0.5141918063163757,-0.0585637167096138,0.99997878074646,606,277
163,5433,25,0.6619868874549866,0.6301500201225281,0.11147664487361908,0.5738154053688049,635,340
163,5433,26,0.6062416434288025,0.6393455266952515,-0.03351469337940216,0.9572182297706604,581,345
163,5433,27,0.6881821155548096,0.7521044611930847,0.15894167125225067,0.8054407238960266,660,406
163,5433,28,0.5715050101280212,0.7584945559501648,0.0028941561467945576,0.9728149771690369,548,409
163,5433,29,0.6885729432106018,0.7815759778022766,0.16052259504795074,0.8022156953811646,661,422
163,5433,30,0.5595722794532776,0.7817025780677795,0.00475480267778039,0.8333912491798401,537,422
163,5433,31,0.71848064661026,0.7367657423019409,0.126529723405838,0.802809476852417,689,397
163,5433,32,0.5999614000320435,0.793869137763977,-0.04211046174168587,0.9339794516563416,575,428
164,5466,0,0.6547576785087585,0.28591370582580566,0.013917534612119198,0.9985164403915405,628,154
164,5466,1,0.6528586149215698,0.2746709883213043,0.013727952726185322,0.9974529147148132,626,148
164,5466,2,0.651044487953186,0.2736794948577881,0.01360355131328106,0.9967859387397766,625,147
164,5466,3,0.6490816473960876,0.2726674973964691,0.013651772402226925,0.997637152671814,623,147
164,5466,4,0.6568125486373901,0.27580228447914124,-0.001827620668336749,0.9985382556915283,630,148
164,5466,5,0.658069908618927,0.27569860219955444,-0.0019977472256869078,0.9988782405853271,631,148
164,5466,6,0.6594432592391968,0.27535873651504517,-0.002057113917544484,0.9992413520812988,633,148
164,5466,7,0.6428762078285217,0.2772069573402405,0.01672661118209362,0.9981193542480469,617,149
164,5466,8,0.6586007475852966,0.2815195620059967,-0.05328591540455818,0.998781144618988,632,152
164,5466,9,0.6511574387550354,0.29471564292907715,0.019833309575915337,0.9975706338882446,625,159
164,5466,10,0.6542627215385437,0.2961527407169342,-0.0016161866951733828,0.9985827803611755,628,159
164,5466,11,0.6217050552368164,0.3431912958621979,0.05720957741141319,0.9998242855072021,596,185
164,5466,12,0.6508922576904297,0.34848883748054504,-0.10794523358345032,0.9999728202819824,624,188
164,5466,13,0.6138115525245667,0.43793153762817383,0.09160646051168442,0.08965975791215897,589,236
164,5466,14,0.6584680676460266,0.4486753046512604,-0.13601073622703552,0.9925541877746582,632,242
164,5466,15,0.6140624284744263,0.5227155089378357,0.07801196724176407,0.08913727104663849,589,282
164,5466,16,0.6831312775611877,0.5234327912330627,-0.11478209495544434,0.972263753414154,655,282
164,5466,17,0.6110430359840393,0.5454798340797424,0.07845507562160492,0.10124088823795319,586,294
164,5466,18,0.6896489858627319,0.5478344559669495,-0.13162696361541748,0.947857677936554,662,295
164,5466,19,0.6138973236083984,0.5476523041725159,0.0642671287059784,0.09699281305074692,589,295
164,5466,20,0.692775309085846,0.5462679862976074,-0.12788009643554688,0.9435490965843201,665,294
164,5466,21,0.6152382493019104,0.5416245460510254,0.07245122641324997,0.07789590209722519,590,292
164,5466,22,0.6899200677871704,0.5391589403152466,-0.11264457553625107,0.9029610753059387,662,291
164,5466,23,0.6337886452674866,0.5152884125709534,0.059527985751628876,0.9999514818191528,608,278
164,5466,24,0.6384759545326233,0.5141227841377258,-0.059644803404808044,0.9999792575836182,612,277
164,5466,25,0.6687187552452087,0.6301171779632568,0.09501189738512039,0.5832451581954956,641,340
164,5466,26,0.6128780841827393,0.6400612592697144,-0.04078449681401253,0.95953369140625,588,345
164,5466,27,0.6917185187339783,0.7546001672744751,0.1253669410943985,0.8140963315963745,664,407
164,5466,28,0.5725781917572021,0.7566536068916321,-0.012830647639930248,0.9732844233512878,549,408
164,5466,29,0.6908160448074341,0.7840925455093384,0.12497356534004211,0.8103629350662231,663,423
164,5466,30,0.5595683455467224,0.7784298658370972,-0.011760563589632511,0.8319860100746155,537,420
164,5466,31,0.7249782681465149,0.7474486827850342,0.08508824557065964,0.8104091286659241,695,403
164,5466,32,0.5999900102615356,0.7939736247062683,-0.060664113610982895,0.9351736307144165,575,428
165,5500,0,0.6562366485595703,0.2856540083885193,0.02157372608780861,0.9986146092414856,629,154
165,5500,1,0.6540958285331726,0.2742104232311249,0.021262284368276596,0.9976099133491516,627,148
165,5500,2,0.6521101593971252,0.27319541573524475,0.02114364318549633,0.9969626665115356,626,147
165,5500,3,0.6498878598213196,0.2721899151802063,0.021195584908127785,0.997763454914093,623,146
165,5500,4,0.6582236886024475,0.2754211723804474,0.005457822699099779,0.9986301064491272,631,148
165,5500,5,0.659311830997467,0.2753325402736664,0.005282450933009386,0.9989480972290039,632,148
165,5500,6,0.6605505347251892,0.27509593963623047,0.005218996200710535,0.9992895722389221,634,148
165,5500,7,0.6431459188461304,0.27668917179107666,0.021666966378688812,0.9982175827026367,617,149
165,5500,8,0.6599671840667725,0.28141745924949646,-0.05068918317556381,0.9988570809364319,633,151
165,5500,9,0.6522848010063171,0.29467588663101196,0.025946198031306267,0.9977262616157532,626,159
165,5500,10,0.6553470492362976,0.296231746673584,0.003936494700610638,0.9986724853515625,629,159
165,5500,11,0.6239833831787109,0.3430025279521942,0.05974399298429489,0.9998350739479065,599,185
165,5500,12,0.6519175171852112,0.3483870327472687,-0.10791237652301788,0.9999746680259705,625,188
165,5500,13,0.6152995228767395,0.439583957195282,0.09332020580768585,0.09715192019939423,590,237
165,5500,14,0.6594573855400085,0.4484885334968567,-0.1341407746076584,0.9931221604347229,633,242
165,5500,15,0.6128235459327698,0.5274658203125,0.08060907572507858,0.0943334698677063,588,284
165,5500,16,0.683456301689148,0.5236026048660278,-0.11400584131479263,0.9742608666419983,656,282
165,5500,17,0.6104966998100281,0.5490760207176208,0.08069589734077454,0.10547374188899994,586,296
165,5500,18,0.6892868280410767,0.5479840636253357,-0.13095086812973022,0.9506726861000061,661,295
165,5500,19,0.6124239563941956,0.5522647500038147,0.06756288558244705,0.10053539276123047,587,298
165,5500,20,0.693131148815155,0.5464721918106079,-0.1273757815361023,0.9465062618255615,665,295
165,5500,21,0.6144790053367615,0.547427237033844,0.07546047121286392,0.07992573827505112,589,295
165,5500,22,0.6900544762611389,0.539290726184845,-0.11202605068683624,0.9064592123031616,662,291
165,5500,23,0.6373850107192993,0.5157846212387085,0.059547971934080124,0.9999534487724304,611,278
165,5500,24,0.641846776008606,0.5140616297721863,-0.059664126485586166,0.9999799132347107,616,277
165,5500,25,0.6714402437210083,0.6295767426490784,0.09745363146066666,0.5928390622138977,644,339
165,5500,26,0.6154057383537292,0.6397844552993774,-0.04350506514310837,0.961635172367096,590,345
165,5500,27,0.6922721862792969,0.7551490068435669,0.1361844539642334,0.8195706605911255,664,407
165,5500,28,0.5740935206413269,0.7551667094230652,-0.007449405267834663,0.9727737307548523,551,407
165,5500,29,0.6904974579811096,0.7838025689125061,0.1367790848016739,0.8156120777130127,662,423
165,5500,30,0.5600392818450928,0.7760300636291504,-0.0054914639331400394,0.8262767791748047,537,419
165,5500,31,0.7256253957748413,0.7534987330436707,0.10022132843732834,0.8119864463806152,696,406
165,5500,32,0.6001295447349548,0.7940699458122253,-0.0531717874109745,0.9331778287887573,576,428
166,5533,0,0.6637626886367798,0.2858206629753113,0.012671971693634987,0.9987450838088989,637,154
166,5533,1,0.6619470119476318,0.27450165152549744,0.012600501999258995,0.9978345036506653,635,148
166,5533,2,0.6601464152336121,0.27358052134513855,0.012478508986532688,0.9972457885742188,633,147
166,5533,3,0.6582586169242859,0.2725938856601715,0.012535464018583298,0.9979712963104248,631,147
166,5533,4,0.6657760739326477,0.27557656168937683,-0.004039857070893049,0.9987587332725525,639,148
166,5533,5,0.6669450998306274,0.2754536271095276,-0.004189940635114908,0.9990465641021729,640,148
166,5533,6,0.6682506203651428,0.27520889043807983,-0.004232950508594513,0.9993557333946228,641,148
166,5533,7,0.652032732963562,0.2773984968662262,0.012890542857348919,0.9983830451965332,625,149
166,5533,8,0.667405903339386,0.2816004753112793,-0.06337631493806839,0.9989627003669739,640,152
166,5533,9,0.660026490688324,0.2951948046684265,0.015847187489271164,0.9979380369186401,633,159
166,5533,10,0.662972092628479,0.2963515520095825,-0.007362124044448137,0.998795211315155,636,160
166,5533,11,0.6306629776954651,0.34517088532447815,0.05025327205657959,0.9998492002487183,605,186
166,5533,12,0.6600046157836914,0.3504752814769745,-0.11948797851800919,0.999976634979248,633,189
166,5533,13,0.6226698756217957,0.44101682305336,0.08475041389465332,0.1298494189977646,597,238
166,5533,14,0.6679297089576721,0.45170506834983826,-0.14860256016254425,0.9937170743942261,641,243
166,5533,15,0.6184307336807251,0.5265387296676636,0.07263048738241196,0.1297598034143448,593,284
166,5533,16,0.6916259527206421,0.5256156921386719,-0.1322685182094574,0.9763197302818298,663,283
166,5533,17,0.6160136461257935,0.5486127734184265,0.07031603902578354,0.13726596534252167,591,296
166,5533,18,0.697259247303009,0.5500787496566772,-0.15080170333385468,0.9539070725440979,669,297
166,5533,19,0.6176773905754089,0.5519281625747681,0.05723119527101517,0.13107092678546906,592,298
166,5533,20,0.7002770900726318,0.5493725538253784,-0.1479765623807907,0.9499728679656982,672,296
166,5533,21,0.6199817657470703,0.5463085174560547,0.06761311739683151,0.10414265841245651,595,295
166,5533,22,0.6977186799049377,0.541863203048706,-0.13084277510643005,0.9115805625915527,669,292
166,5533,23,0.6463167071342468,0.5156800150871277,0.06014927476644516,0.999956488609314,620,278
166,5533,24,0.6496375203132629,0.514156699180603,-0.06025112420320511,0.9999809861183167,623,277
166,5533,25,0.6774263978004456,0.6295937299728394,0.10419264435768127,0.6182971000671387,650,339
166,5533,26,0.6234466433525085,0.640144407749176,-0.045818012207746506,0.9648237824440002,598,345
166,5533,27,0.6955030560493469,0.7551755309104919,0.1500740796327591,0.8329023718833923,667,407
166,5533,28,0.5780370235443115,0.7514035701751709,-0.005177665967494249,0.9744299650192261,554,405
166,5533,29,0.6920632719993591,0.7838088870048523,0.15105023980140686,0.8275586366653442,664,423
166,5533,30,0.5624091625213623,0.7657413482666016,-0.0028647601138800383,0.8328471779823303,539,413
166,5533,31,0.727796733379364,0.7614983916282654,0.10545934736728668,0.8247014880180359,698,411
166,5533,32,0.600163996219635,0.7939615249633789,-0.05260414630174637,0.9371824860572815,576,428
167,5566,0,0.6666964888572693,0.2854747176170349,0.0047211130149662495,0.9988579154014587,640,154
167,5566,1,0.6647433042526245,0.27410900592803955,0.00606011925265193,0.998030424118042,638,148
167,5566,2,0.6626999974250793,0.27320197224617004,0.005933571141213179,0.9974905252456665,636,147
167,5566,3,0.6607133150100708,0.27225738763809204,0.005997789092361927,0.998152494430542,634,147
167,5566,4,0.6681166887283325,0.27518925070762634,-0.009814327582716942,0.9988707304000854,641,148
167,5566,5,0.6689295172691345,0.27507245540618896,-0.009975267574191093,0.9991316795349121,642,148
167,5566,6,0.6698909401893616,0.2748391628265381,-0.010008255951106548,0.9994131922721863,643,148
167,5566,7,0.6539042592048645,0.277010440826416,0.01254232320934534,0.998525857925415,627,149
167,5566,8,0.6682345867156982,0.2812291979789734,-0.064146988093853,0.9990527629852295,641,151
167,5566,9,0.6626816987991333,0.2951167821884155,0.011051025241613388,0.99811851978302,636,159
167,5566,10,0.6653567552566528,0.29621508717536926,-0.011275765486061573,0.9988983273506165,638,159
167,5566,11,0.633899986743927,0.3451562225818634,0.05051597207784653,0.9998608231544495,608,186
167,5566,12,0.6609794497489929,0.35030966997146606,-0.11535333842039108,0.999978244304657,634,189
167,5566,13,0.622741162776947,0.44186294078826904,0.08473493158817291,0.1324569284915924,597,238
167,5566,14,0.6698518395423889,0.4547041654586792,-0.1317058652639389,0.9942173957824707,643,245
167,5566,15,0.6180515885353088,0.5276663899421692,0.07230856269598007,0.13699693977832794,593,284
167,5566,16,0.6928853392601013,0.5273497700691223,-0.10126170516014099,0.9780197739601135,665,284
167,5566,17,0.6150621175765991,0.5493685007095337,0.07046540826559067,0.14491797983646393,590,296
167,5566,18,0.6989975571632385,0.5534821152687073,-0.11567064374685287,0.9564437866210938,671,298
167,5566,19,0.6165862679481506,0.5532934069633484,0.05836385488510132,0.1378287672996521,591,298
167,5566,20,0.7018375992774963,0.5515716671943665,-0.11462385207414627,0.9526881575584412,673,297
167,5566,21,0.6187638640403748,0.5471514463424683,0.06755007803440094,0.10800126940011978,594,295
167,5566,22,0.6995295882225037,0.5440698266029358,-0.10001640766859055,0.9153673648834229,671,293
167,5566,23,0.6520564556121826,0.5162303447723389,0.059478774666786194,0.9999596476554871,625,278
167,5566,24,0.652157723903656,0.5142267346382141,-0.059588827192783356,0.9999822378158569,626,277
167,5566,25,0.6790438294410706,0.6298038363456726,0.09968966990709305,0.6264188885688782,651,340
167,5566,26,0.6261834502220154,0.6399590969085693,-0.046592842787504196,0.9671763181686401,601,345
167,5566,27,0.6953091025352478,0.7552480697631836,0.14535988867282867,0.8419386148452759,667,407
167,5566,28,0.5784310698509216,0.7470662593841553,-0.0031891611870378256,0.9755874276161194,555,403
167,5566,29,0.6895807385444641,0.7842373847961426,0.1464325338602066,0.8352864980697632,661,423
167,5566,30,0.5633353590965271,0.7603409886360168,-0.0005543545703403652,0.8367956876754761,540,410
167,5566,31,0.726104736328125,0.7650184035301208,0.10564861446619034,0.8347858786582947,697,413
167,5566,32,0.6001011729240417,0.7940692901611328,-0.048906005918979645,0.9407839775085449,576,428
168,5600,0,0.671174943447113,0.285324364900589,-0.022600146010518074,0.998950183391571,644,154
168,5600,1,0.6700764298439026,0.27382752299308777,-0.018727699294686317,0.9981920719146729,643,147
168,5600,2,0.6687027812004089,0.27294257283210754,-0.018867390230298042,0.9976929426193237,641,147
168,5600,3,0.6671102046966553,0.272087424993515,-0.018805498257279396,0.9983018040657043,640,146
168,5600,4,0.6731661558151245,0.27499866485595703,-0.0338423065841198,0.9989619255065918,646,148
168,5600,5,0.6741846799850464,0.2749157249927521,-0.03402381390333176,0.9992008805274963,647,148
168,5600,6,0.6753820180892944,0.27471858263015747,-0.034091755747795105,0.9994587898254395,648,148
168,5600,7,0.6614111661911011,0.27717652916908264,0.0029571279883384705,0.9986441731452942,634,149
168,5600,8,0.6749231815338135,0.28099051117897034,-0.06754504889249802,0.9991227388381958,647,151
168,5600,9,0.668051540851593,0.29490113258361816,-0.010948387905955315,0.9982644319534302,641,159
168,5600,10,0.6704642176628113,0.29603081941604614,-0.032078564167022705,0.9989785552024841,643,159
168,5600,11,0.6444014310836792,0.34500959515571594,0.04951911419630051,0.9998698830604553,618,186
168,5600,12,0.6640775203704834,0.350338876247406,-0.11265380680561066,0.9999791979789734,637,189
168,5600,13,0.634212076663971,0.441652774810791,0.0841573029756546,0.13198022544384003,608,238
168,5600,14,0.6736345887184143,0.45404982566833496,-0.12966899573802948,0.9946131706237793,646,245
168,5600,15,0.625793993473053,0.5258691906929016,0.07196425646543503,0.1468908041715622,600,283
168,5600,16,0.6976054906845093,0.5276129245758057,-0.10529083758592606,0.9793444275856018,669,284
168,5600,17,0.6239014267921448,0.5489534735679626,0.06970515102148056,0.15838459134101868,598,296
168,5600,18,0.7028953433036804,0.5534169673919678,-0.1204715222120285,0.9585514068603516,674,298
168,5600,19,0.6248742938041687,0.5525129437446594,0.057814694941043854,0.15075178444385529,599,298
168,5600,20,0.7059169411659241,0.5519989728927612,-0.11852617561817169,0.9549722075462341,677,298
168,5600,21,0.6265484690666199,0.5453347563743591,0.06688625365495682,0.11688612401485443,601,294
168,5600,22,0.7038169503211975,0.5441412329673767,-0.10387147963047028,0.918701708316803,675,293
168,5600,23,0.6599945425987244,0.5177051424980164,0.057633087038993835,0.9999625086784363,633,279
168,5600,24,0.6568526029586792,0.5158597826957703,-0.05774121358990669,0.9999833106994629,630,278
168,5600,25,0.685292661190033,0.629534125328064,0.09356794506311417,0.6342797875404358,657,339
168,5600,26,0.6359446048736572,0.6420871019363403,-0.04499788209795952,0.9696384072303772,610,346
168,5600,27,0.6974987387657166,0.755484402179718,0.14029720425605774,0.8529060482978821,669,407
168,5600,28,0.5828505754470825,0.7429133057594299,0.002858127932995558,0.9772889018058777,559,401
168,5600,29,0.6914130449295044,0.7846607565879822,0.14130523800849915,0.8443642854690552,663,423
168,5600,30,0.5686876773834229,0.752461850643158,0.007395622320473194,0.8452905416488647,545,406
168,5600,31,0.7275390625,0.7682482600212097,0.10068356245756149,0.8472028374671936,698,414
168,5600,32,0.6002709269523621,0.7952395677566528,-0.03457479923963547,0.9454895257949829,576,429
169,5633,0,0.6738539338111877,0.2852594256401062,-0.03043663501739502,0.9990352988243103,646,154
169,5633,1,0.6721028089523315,0.2737107574939728,-0.02567862533032894,0.9983341693878174,645,147
169,5633,2,0.6706483960151672,0.27285194396972656,-0.025817880406975746,0.9978715181350708,643,147
169,5633,3,0.6690928936004639,0.27203643321990967,-0.025760075077414513,0.998432457447052,642,146
169,5633,4,0.6750114560127258,0.27493852376937866,-0.04229767993092537,0.9990432858467102,648,148
169,5633,5,0.6758440136909485,0.27477654814720154,-0.042475342750549316,0.9992637038230896,648,148
169,5633,6,0.6768770217895508,0.27466657757759094,-0.04254494979977608,0.9994997978210449,649,148
169,5633,7,0.6629416346549988,0.27695897221565247,0.0002496115048415959,0.9987480640411377,636,149
169,5633,8,0.6753295063972473,0.2813255786895752,-0.07539178431034088,0.9991873502731323,648,151
169,5633,9,0.6702613234519958,0.2949623465538025,-0.017286095768213272,0.9983968138694763,643,159
169,5633,10,0.6724416017532349,0.29634350538253784,-0.040346842259168625,0.9990535974502563,645,160
169,5633,11,0.6459484100341797,0.34482449293136597,0.04971463605761528,0.9998783469200134,620,186
169,5633,12,0.6640137434005737,0.3500884175300598,-0.1179761067032814,0.9999803900718689,637,189
169,5633,13,0.6332605481147766,0.4414326548576355,0.08421101421117783,0.13602221012115479,607,238
169,5633,14,0.6743529438972473,0.45376256108283997,-0.13905192911624908,0.9950771331787109,647,245
169,5633,15,0.6253913044929504,0.5264411568641663,0.07165899127721786,0.1664285659790039,600,284
169,5633,16,0.6977968215942383,0.5274289846420288,-0.11977078020572662,0.9811878204345703,669,284
169,5633,17,0.6237447261810303,0.5497236847877502,0.06895972788333893,0.1808207929134369,598,296
169,5633,18,0.7028168439865112,0.5537880063056946,-0.13757626712322235,0.9620659351348877,674,299
169,5633,19,0.6249025464057922,0.553709089756012,0.05642271414399147,0.1729852855205536,599,299
169,5633,20,0.7073373198509216,0.5518285632133484,-0.13474909961223602,0.958798885345459,679,297
169,5633,21,0.6264485716819763,0.5463760495185852,0.06658220291137695,0.1342511773109436,601,295
169,5633,22,0.7050251364707947,0.5438199639320374,-0.11816560477018356,0.9252761602401733,676,293
169,5633,23,0.6627254486083984,0.5173171758651733,0.057732149958610535,0.9999642968177795,636,279
169,5633,24,0.6602671146392822,0.5157790780067444,-0.05783899500966072,0.9999839663505554,633,278
169,5633,25,0.6890310049057007,0.626154899597168,0.08907537162303925,0.6225629448890686,661,338
169,5633,26,0.6380245685577393,0.6438872814178467,-0.048763129860162735,0.9714066386222839,612,347
169,5633,27,0.6977512240409851,0.7547986507415771,0.1321578472852707,0.8565305471420288,669,407
169,5633,28,0.5842532515525818,0.7418431043624878,-0.007447445765137672,0.978437066078186,560,400
169,5633,29,0.6910011172294617,0.7837387919425964,0.13283151388168335,0.8478553295135498,663,423
169,5633,30,0.5689681172370911,0.7508994340896606,-0.0042515648528933525,0.8507891297340393,546,405
169,5633,31,0.728429913520813,0.7684048414230347,0.0930122509598732,0.8550992608070374,699,414
169,5633,32,0.6004687547683716,0.7965651154518127,-0.047409556806087494,0.9492917656898499,576,430
170,5666,0,0.6803682446479797,0.28439295291900635,-0.013638807460665703,0.9990691542625427,653,153
170,5666,1,0.6786827445030212,0.2731316387653351,-0.009683600626885891,0.9983745813369751,651,147
170,5666,2,0.6769481301307678,0.27238044142723083,-0.00981204304844141,0.9979080557823181,649,147
170,5666,3,0.6749454140663147,0.271658331155777,-0.00975402258336544,0.9984503984451294,647,146
170,5666,4,0.6826544404029846,0.2739083468914032,-0.02505999244749546,0.9990764856338501,655,147
170,5666,5,0.6839269995689392,0.2736644744873047,-0.025251593440771103,0.9992918968200684,656,147
170,5666,6,0.6852003931999207,0.27344706654548645,-0.025334538891911507,0.9995177984237671,657,147
170,5666,7,0.6693277359008789,0.27666446566581726,0.01201504748314619,0.9987748861312866,642,149
170,5666,8,0.6838037371635437,0.2800613343715668,-0.05936535820364952,0.9992235898971558,656,151
170,5666,9,0.6768600344657898,0.29424014687538147,-0.0015514560509473085,0.9984428882598877,649,158
170,5666,10,0.6800081729888916,0.2952806353569031,-0.022984255105257034,0.9990843534469604,652,159
170,5666,11,0.6498956680297852,0.3440554141998291,0.06058606877923012,0.9998828172683716,623,185
170,5666,12,0.6755258440971375,0.34996986389160156,-0.10288242995738983,0.9999812841415405,648,188
170,5666,13,0.6407052874565125,0.43244457244873047,0.09155672043561935,0.12997199594974518,615,233
170,5666,14,0.682849645614624,0.45317867398262024,-0.12111090123653412,0.9954427480697632,655,244
170,5666,15,0.6398681998252869,0.5179086327552795,0.07710593193769455,0.15751948952674866,614,279
170,5666,16,0.7012836933135986,0.5272997617721558,-0.09815404564142227,0.9825092554092407,673,284
170,5666,17,0.6372398734092712,0.5477456450462341,0.07600196450948715,0.1726900041103363,611,295
170,5666,18,0.7058526873588562,0.5539724230766296,-0.11377333104610443,0.9642616510391235,677,299
170,5666,19,0.6384851932525635,0.5511889457702637,0.06313583254814148,0.16484640538692474,612,297
170,5666,20,0.711486279964447,0.5517246127128601,-0.11068444699048996,0.9611887335777283,683,297
170,5666,21,0.6412503719329834,0.5460141897201538,0.07198435813188553,0.12763066589832306,615,294
170,5666,22,0.7092677354812622,0.5436463356018066,-0.09618911892175674,0.9290737509727478,680,293
170,5666,23,0.6670673489570618,0.5167287588119507,0.057108402252197266,0.999966561794281,640,279
170,5666,24,0.6690406799316406,0.5154721140861511,-0.05722158029675484,0.9999849200248718,642,278
170,5666,25,0.6926937103271484,0.6276534199714661,0.08549731224775314,0.6362204551696777,664,338
170,5666,26,0.657133936882019,0.6436386108398438,-0.06748776882886887,0.9736652970314026,630,347
170,5666,27,0.6978947520256042,0.7556237578392029,0.13031920790672302,0.8662304282188416,669,408
170,5666,28,0.5942749381065369,0.7334015965461731,-0.011719489470124245,0.9798309206962585,570,396
170,5666,29,0.6908977627754211,0.7838215231895447,0.13135524094104767,0.8563770055770874,663,423
170,5666,30,0.5787302851676941,0.7363884449005127,-0.0069266934879124165,0.8591095805168152,555,397
170,5666,31,0.7281151413917542,0.773067057132721,0.09492149949073792,0.8648470640182495,698,417
170,5666,32,0.6012130379676819,0.7956417798995972,-0.04635722562670708,0.9530308246612549,577,429
171,5700,0,0.6822488307952881,0.2843387722969055,0.018344448879361153,0.9990421533584595,654,153
171,5700,1,0.6803295016288757,0.2729663848876953,0.020333604887127876,0.9983236193656921,653,147
171,5700,2,0.6783561706542969,0.27223747968673706,0.020202966406941414,0.997807502746582,651,147
171,5700,3,0.6763716340065002,0.27153486013412476,0.020244885236024857,0.9983911514282227,649,146
171,5700,4,0.6840116381645203,0.27368342876434326,0.0061594839207828045,0.9990549683570862,656,147
171,5700,5,0.6850506067276001,0.27346569299697876,0.005970207042992115,0.9992703795433044,657,147
171,5700,6,0.6862319111824036,0.27326688170433044,0.005893676076084375,0.9995014071464539,658,147
171,5700,7,0.6702003479003906,0.27643412351608276,0.03232827037572861,0.9987701177597046,643,149
171,5700,8,0.6850210428237915,0.2797325849533081,-0.033202432096004486,0.9992059469223022,657,151
171,5700,9,0.6785504817962646,0.2941265404224396,0.02646104246377945,0.9984395503997803,651,158
171,5700,10,0.6813342571258545,0.2952267825603485,0.0065938387997448444,0.9990684390068054,654,159
171,5700,11,0.6518822312355042,0.3418537974357605,0.07177185267210007,0.9998874068260193,625,184
171,5700,12,0.6761302947998047,0.3474135398864746,-0.07988978922367096,0.9999815225601196,649,187
171,5700,13,0.6419426202774048,0.4326326847076416,0.09676685929298401,0.12722422182559967,616,233
171,5700,14,0.6830257773399353,0.44943922758102417,-0.0985933318734169,0.9957151412963867,655,242
171,5700,15,0.6398086547851562,0.5180240869522095,0.08017854392528534,0.15425920486450195,614,279
171,5700,16,0.7011334300041199,0.5262514352798462,-0.07452657073736191,0.9832364320755005,673,284
171,5700,17,0.6370812654495239,0.5475798845291138,0.07869157940149307,0.17042914032936096,611,295
171,5700,18,0.7054736614227295,0.5516766905784607,-0.08693111687898636,0.9651494026184082,677,297
171,5700,19,0.6378419995307922,0.5507615208625793,0.06869038194417953,0.16194285452365875,612,297
171,5700,20,0.710001528263092,0.5503500699996948,-0.085667185485363,0.9621889591217041,681,297
171,5700,21,0.6396434903144836,0.543883740901947,0.07623028010129929,0.12445921450853348,614,293
171,5700,22,0.7079330682754517,0.5416384935379028,-0.07314945012331009,0.9304482340812683,679,292
171,5700,23,0.6706395745277405,0.5140330791473389,0.05592507869005203,0.9999688267707825,643,277
171,5700,24,0.6702362298965454,0.5112416744232178,-0.05605257675051689,0.9999858140945435,643,276
171,5700,25,0.6936107873916626,0.6288720369338989,0.08639088273048401,0.6462501883506775,665,339
171,5700,26,0.6616341471672058,0.6435793042182922,-0.08248724788427353,0.9758691787719727,635,347
171,5700,27,0.6984583139419556,0.7557922601699829,0.12818162143230438,0.8746129274368286,670,408
171,5700,28,0.5961188673973083,0.7296697497367859,-0.041379161179065704,0.9811738133430481,572,394
171,5700,29,0.6909223198890686,0.7841299176216125,0.12898319959640503,0.8639926314353943,663,423
171,5700,30,0.5794578194618225,0.7305466532707214,-0.037446003407239914,0.8667740821838379,556,394
171,5700,31,0.7284259796142578,0.7735366821289062,0.09582802653312683,0.8729751110076904,699,417
171,5700,32,0.6013049483299255,0.7947821021080017,-0.06993046402931213,0.9565661549568176,577,429
172,5733,0,0.6902284026145935,0.2820156216621399,0.015202833339571953,0.9990264773368835,662,152
172,5733,1,0.6881495714187622,0.27060985565185547,0.01265342254191637,0.998292088508606,660,146
172,5733,2,0.6864316463470459,0.27007022500038147,0.012528474442660809,0.9977487325668335,658,145
172,5733,3,0.6845764517784119,0.26959526538848877,0.012586005963385105,0.9983443021774292,657,145
172,5733,4,0.6917757391929626,0.2709733545780182,-0.00025628588628023863,0.9990553259849548,664,146
172,5733,5,0.6926626563072205,0.27077290415763855,-0.0004105614498257637,0.9992688298225403,664,146
172,5733,6,0.6935551166534424,0.2706384062767029,-0.0004335087724030018,0.9994960427284241,665,146
172,5733,7,0.6781972646713257,0.27470916509628296,0.026753518730401993,0.9987505674362183,651,148
172,5733,8,0.6915348768234253,0.2767099142074585,-0.04539958015084267,0.9992069602012634,663,149
172,5733,9,0.6864529252052307,0.29210007190704346,0.018652575090527534,0.9983503222465515,658,157
172,5733,10,0.6893817186355591,0.29240965843200684,-0.00014022587856743485,0.9990136623382568,661,157
172,5733,11,0.6615715622901917,0.3380361795425415,0.0796831026673317,0.9998827576637268,635,182
172,5733,12,0.6848104000091553,0.34665367007255554,-0.0815918818116188,0.9999808669090271,657,187
172,5733,13,0.6579787731170654,0.43295806646347046,0.10422983765602112,0.11766891926527023,631,233
172,5733,14,0.6910580396652222,0.449413001537323,-0.11126528680324554,0.9959044456481934,663,242
172,5733,15,0.6748292446136475,0.5187092423439026,0.0806736946105957,0.1411661058664322,647,280
172,5733,16,0.7057613134384155,0.5271610021591187,-0.08626241236925125,0.982759952545166,677,284
172,5733,17,0.6761670708656311,0.5412295460700989,0.08210839331150055,0.15698997676372528,649,292
172,5733,18,0.7100880146026611,0.5528185367584229,-0.10220936685800552,0.9631484746932983,681,298
172,5733,19,0.6780977845191956,0.5403569340705872,0.0689328983426094,0.1491028070449829,650,291
172,5733,20,0.7149216532707214,0.5519717931747437,-0.10035315901041031,0.960090696811676,686,298
172,5733,21,0.678625226020813,0.5322551131248474,0.07534262537956238,0.11500914394855499,651,287
172,5733,22,0.7123825550079346,0.5426401495933533,-0.08517047017812729,0.9272466897964478,683,293
172,5733,23,0.6736823320388794,0.512793242931366,0.05956520885229111,0.9999710917472839,646,276
172,5733,24,0.6784263849258423,0.5108310580253601,-0.059702690690755844,0.9999867081642151,651,275
172,5733,25,0.6971157789230347,0.6288402676582336,0.10125953704118729,0.671110212802887,669,339
172,5733,26,0.6786389946937561,0.6416603922843933,-0.0977366641163826,0.9781600832939148,651,346
172,5733,27,0.6983252763748169,0.7573307752609253,0.14479830861091614,0.8861579298973083,670,408
172,5733,28,0.6122898459434509,0.7262691855430603,-0.04494662955403328,0.9828744530677795,587,392
172,5733,29,0.6900956034660339,0.784721851348877,0.14544004201889038,0.8760358095169067,662,423
172,5733,30,0.5965853333473206,0.7206574082374573,-0.03969452902674675,0.8782208561897278,572,389
172,5733,31,0.7279970645904541,0.775306224822998,0.11962055414915085,0.8840718865394592,698,418
172,5733,32,0.6067644357681274,0.7912684082984924,-0.06605638563632965,0.9605215191841125,582,427
173,5766,0,0.6912041306495667,0.27993354201316833,0.008338823914527893,0.9989372491836548,663,151
173,5766,1,0.6889128088951111,0.26866817474365234,0.008692671544849873,0.9981220960617065,661,145
173,5766,2,0.6871147155761719,0.268148273229599,0.008564148098230362,0.9975112080574036,659,144
173,5766,3,0.6848249435424805,0.26766613125801086,0.008611617609858513,0.9981579780578613,657,144
173,5766,4,0.6925168633460999,0.26934078335762024,-0.005931228864938021,0.9989948868751526,664,145
173,5766,5,0.6933655142784119,0.2693275511264801,-0.006105472799390554,0.9992265105247498,665,145
173,5766,6,0.6942408084869385,0.26930010318756104,-0.0061628851108253,0.9994617104530334,666,145
173,5766,7,0.6786156296730042,0.2734453082084656,0.022818392142653465,0.9986745119094849,651,147
173,5766,8,0.6922236084938049,0.27618303894996643,-0.04936910793185234,0.999188244342804,664,149
173,5766,9,0.686795175075531,0.29053688049316406,0.01508721336722374,0.9982306361198425,659,156
173,5766,10,0.6898631453514099,0.29120302200317383,-0.005506239831447601,0.998951256275177,662,157
173,5766,11,0.6630260944366455,0.3377144932746887,0.07290997356176376,0.9998769760131836,636,182
173,5766,12,0.6866484880447388,0.3466975688934326,-0.09337017685174942,0.9999804496765137,659,187
173,5766,13,0.6611410975456238,0.43302345275878906,0.09032869338989258,0.10935165733098984,634,233
173,5766,14,0.6926863789558411,0.4501860737800598,-0.11124702543020248,0.9961180686950684,664,243
173,5766,15,0.6766328811645508,0.5188172459602356,0.05246539041399956,0.1295122653245926,649,280
173,5766,16,0.7058981657028198,0.5274854898452759,-0.0752495601773262,0.9833220839500427,677,284
173,5766,17,0.6784636378288269,0.5409916043281555,0.05204344913363457,0.14507116377353668,651,292
173,5766,18,0.7097091674804688,0.5533924102783203,-0.08641679584980011,0.963827908039093,681,298
173,5766,19,0.6810786724090576,0.539989173412323,0.039648596197366714,0.13758233189582825,653,291
173,5766,20,0.7135613560676575,0.5526718497276306,-0.08635284751653671,0.9608612656593323,685,298
173,5766,21,0.6809824109077454,0.5322455167770386,0.04676590859889984,0.10639356821775436,653,287
173,5766,22,0.7116972804069519,0.5432256460189819,-0.0741862952709198,0.9286389350891113,683,293
173,5766,23,0.6751429438591003,0.5125203728675842,0.057795848697423935,0.9999734163284302,648,276
173,5766,24,0.6796709299087524,0.5107576251029968,-0.05794502794742584,0.9999876618385315,652,275
173,5766,25,0.7001144886016846,0.6288204789161682,0.10165008157491684,0.7002575993537903,672,339
173,5766,26,0.6802106499671936,0.6402593851089478,-0.08917942643165588,0.9802752733230591,653,345
173,5766,27,0.6985498070716858,0.7578215599060059,0.1468852162361145,0.897265613079071,670,409
173,5766,28,0.6149359345436096,0.7260453104972839,-0.041754964739084244,0.984511137008667,590,392
173,5766,29,0.6900820136070251,0.7849558591842651,0.1475239247083664,0.8878384828567505,662,423
173,5766,30,0.5984631776809692,0.7197508811950684,-0.0371977798640728,0.8894092440605164,574,388
173,5766,31,0.7280628085136414,0.7755425572395325,0.12000877410173416,0.8950331807136536,698,418
173,5766,32,0.6089528203010559,0.7910153269767761,-0.0649726539850235,0.964273989200592,584,427
174,5800,0,0.6967961192131042,0.2794145345687866,0.005239374935626984,0.9986734390258789,668,150
174,5800,1,0.695381224155426,0.2683762013912201,0.00656608073040843,0.9976121187210083,667,144
174,5800,2,0.6939463019371033,0.26782068610191345,0.0064374241046607494,0.9968177676200867,666,144
174,5800,3,0.6923074722290039,0.2673042416572571,0.006488026585429907,0.9976481199264526,664,144
174,5800,4,0.6987335681915283,0.2689226269721985,-0.008667378686368465,0.9987406134605408,670,145
174,5800,5,0.6997390985488892,0.2687895596027374,-0.008847367018461227,0.9990286827087402,671,145
174,5800,6,0.7008782029151917,0.2686295211315155,-0.008914061821997166,0.9993076324462891,672,145
174,5800,7,0.6867154240608215,0.2728671729564667,0.020913202315568924,0.998392641544342,659,147
174,5800,8,0.699952244758606,0.27502116560935974,-0.04788339510560036,0.998964250087738,671,148
174,5800,9,0.6930602192878723,0.28950247168540955,0.013103852979838848,0.9977195858955383,665,156
174,5800,10,0.6955804824829102,0.29018595814704895,-0.007559031248092651,0.998618483543396,667,156
174,5800,11,0.6666465401649475,0.3342456519603729,0.07000558078289032,0.9998626708984375,639,180
174,5800,12,0.6920843720436096,0.3435814380645752,-0.09101967513561249,0.9999761581420898,664,185
174,5800,13,0.66019207239151,0.4316119849681854,0.07467499375343323,0.10183621942996979,633,233
174,5800,14,0.6964548230171204,0.4501531720161438,-0.10825583338737488,0.9959390163421631,668,243
174,5800,15,0.6654826998710632,0.5133708715438843,0.031817477196455,0.11876418441534042,638,277
174,5800,16,0.7072309851646423,0.5289823412895203,-0.08051736652851105,0.9802476763725281,678,285
174,5800,17,0.6648253798484802,0.535616397857666,0.02753441408276558,0.1341165155172348,638,289
174,5800,18,0.7098674178123474,0.554474413394928,-0.09262952208518982,0.9575994610786438,681,299
174,5800,19,0.6674573421478271,0.540252149105072,0.01726527139544487,0.12706375122070312,640,291
174,5800,20,0.7136706709861755,0.5542221665382385,-0.09287970513105392,0.9543592929840088,685,299
174,5800,21,0.6681683659553528,0.5321153402328491,0.026884641498327255,0.09825196117162704,641,287
174,5800,22,0.7122795581817627,0.5448476672172546,-0.07969360053539276,0.9182858467102051,683,294
174,5800,23,0.678380012512207,0.5141189694404602,0.05642763152718544,0.9999747276306152,651,277
174,5800,24,0.6863276362419128,0.5118795037269592,-0.056575436145067215,0.9999880194664001,658,276
174,5800,25,0.7010844945907593,0.6293017864227295,0.08639435470104218,0.706037700176239,673,339
174,5800,26,0.695435106754303,0.6395975947380066,-0.08202381432056427,0.9818737506866455,667,345
174,5800,27,0.6978746652603149,0.7601650357246399,0.11815811693668365,0.9048656225204468,669,410
174,5800,28,0.6313296556472778,0.7234796285629272,-0.03596804663538933,0.9854497313499451,606,390
174,5800,29,0.6893622279167175,0.78565913438797,0.11765492707490921,0.8951436281204224,661,424
174,5800,30,0.615611732006073,0.7211846113204956,-0.025067461654543877,0.8959250450134277,590,389
174,5800,31,0.7269331812858582,0.7780711650848389,0.08926472812891006,0.9016965627670288,697,420
174,5800,32,0.6301359534263611,0.789283812046051,-0.03657564893364906,0.9666230082511902,604,426
175,5833,0,0.6985971331596375,0.27936381101608276,0.007947239093482494,0.9978705048561096,670,150
175,5833,1,0.6965062618255615,0.2682485580444336,0.008673668839037418,0.9960052967071533,668,144
175,5833,2,0.6948689222335815,0.2676278054714203,0.008541757240891457,0.994742751121521,667,144
175,5833,3,0.6930603384971619,0.2670515775680542,0.008570521138608456,0.9962394833564758,665,144
175,5833,4,0.7000756859779358,0.2689080238342285,-0.006429618690162897,0.9979071021080017,672,145
175,5833,5,0.7009128928184509,0.2687910497188568,-0.006613046396523714,0.9983700513839722,672,145
175,5833,6,0.7018594145774841,0.2686472535133362,-0.00669070752337575,0.9988126158714294,673,145
175,5833,7,0.6860173940658569,0.27167579531669617,0.020089229568839073,0.9976690411567688,658,146
175,5833,8,0.6995511651039124,0.27488720417022705,-0.04907089099287987,0.9982656836509705,671,148
175,5833,9,0.6943800449371338,0.2892954349517822,0.01543897669762373,0.9967103004455566,666,156
175,5833,10,0.6970759034156799,0.29009774327278137,-0.005351226311177015,0.9979015588760376,669,156
175,5833,11,0.6680482625961304,0.3336661756038666,0.068869449198246,0.9998505711555481,641,180
175,5833,12,0.6919509768486023,0.3417879343032837,-0.09342958778142929,0.999967634677887,664,184
175,5833,13,0.6616995930671692,0.4289616048336029,0.07621795684099197,0.09497249871492386,635,231
175,5833,14,0.6960517168045044,0.4491097629070282,-0.11198343336582184,0.9951754212379456,668,242
175,5833,15,0.6662255525588989,0.505230724811554,0.041828472167253494,0.10910752415657043,639,272
175,5833,16,0.708055853843689,0.5288811326026917,-0.08574751019477844,0.9721900224685669,679,285
175,5833,17,0.6660628914833069,0.5296886563301086,0.039148032665252686,0.12410369515419006,639,286
175,5833,18,0.7103579640388489,0.5543586015701294,-0.09863200038671494,0.9424848556518555,681,299
175,5833,19,0.6685045957565308,0.5292423367500305,0.028824089094996452,0.11745081841945648,641,285
175,5833,20,0.7135422825813293,0.5541145205497742,-0.09819771349430084,0.9385986328125,685,299
175,5833,21,0.6696006059646606,0.5213249921798706,0.03711102902889252,0.09080266207456589,642,281
175,5833,22,0.7121590375900269,0.5447492003440857,-0.0846511572599411,0.8949059844017029,683,294
175,5833,23,0.6797679662704468,0.5140604376792908,0.05587337911128998,0.9999753832817078,652,277
175,5833,24,0.6884325742721558,0.5118836164474487,-0.05601097270846367,0.999987781047821,660,276
175,5833,25,0.7000095248222351,0.6292677521705627,0.0864114984869957,0.7024245262145996,672,339
175,5833,26,0.6956480741500854,0.6384453177452087,-0.08814480900764465,0.9829580783843994,667,344
175,5833,27,0.6978102922439575,0.7598909735679626,0.11830883473157883,0.9107048511505127,669,410
175,5833,28,0.6332245469093323,0.7214807868003845,-0.03211439028382301,0.9856956601142883,607,389
175,5833,29,0.688861608505249,0.785786509513855,0.11774875968694687,0.900115966796875,661,424
175,5833,30,0.618462860584259,0.7189311385154724,-0.017997469753026962,0.8983320593833923,593,388
175,5833,31,0.7271934151649475,0.7794721126556396,0.08806013315916061,0.9056380391120911,698,420
175,5833,32,0.6304572224617004,0.7879183888435364,-0.030156271532177925,0.9674126505851746,605,425
176,5866,0,0.708696722984314,0.27490127086639404,-0.04431717097759247,0.997918426990509,680,148
176,5866,1,0.7065954804420471,0.26354679465293884,-0.03826749697327614,0.9961308836936951,678,142
176,5866,2,0.7046876549720764,0.2629750669002533,-0.03840484097599983,0.9949180483818054,676,142
176,5866,3,0.703029990196228,0.26251021027565,-0.0383649542927742,0.9963696002960205,674,141
176,5866,4,0.7100640535354614,0.26428765058517456,-0.05679470673203468,0.9979621171951294,681,142
176,5866,5,0.7109400033950806,0.2642051577568054,-0.0569772832095623,0.9984046816825867,682,142
176,5866,6,0.7109802961349487,0.2640789747238159,-0.05706367641687393,0.9988377690315247,682,142
176,5866,7,0.6968116760253906,0.2674023509025574,-0.004514002241194248,0.9977310299873352,668,144
176,5866,8,0.7081761956214905,0.2694624364376068,-0.08810091763734818,0.998295783996582,679,145
176,5866,9,0.7045255303382874,0.28575918078422546,-0.027705373242497444,0.996739387512207,676,154
176,5866,10,0.707027018070221,0.28599029779434204,-0.05297629162669182,0.9979071617126465,678,154
176,5866,11,0.6794967651367188,0.331755667924881,0.061171360313892365,0.9998418688774109,652,179
176,5866,12,0.6987226605415344,0.33896228671073914,-0.12398697435855865,0.9999600052833557,670,183
176,5866,13,0.6790003180503845,0.42942509055137634,0.07825711369514465,0.0911749079823494,651,231
176,5866,14,0.7017977237701416,0.4446844756603241,-0.14030109345912933,0.9949872493743896,673,240
176,5866,15,0.6920355558395386,0.5068989992141724,0.04298674687743187,0.10434307157993317,664,273
176,5866,16,0.7106666564941406,0.5289327502250671,-0.10740288347005844,0.9711557626724243,682,285
176,5866,17,0.6945833563804626,0.5393075346946716,0.041618216782808304,0.12039870023727417,666,291
176,5866,18,0.7107616662979126,0.5554240345954895,-0.12094048410654068,0.9393642544746399,682,299
176,5866,19,0.694857656955719,0.5310091376304626,0.026291407644748688,0.11416958272457123,667,286
176,5866,20,0.7141748070716858,0.5558566451072693,-0.12060820311307907,0.9351147413253784,685,300
176,5866,21,0.6949370503425598,0.5221509337425232,0.03603086620569229,0.08905254304409027,667,281
176,5866,22,0.7136102914810181,0.5463404655456543,-0.1063004657626152,0.8901143074035645,685,295
176,5866,23,0.6891295313835144,0.5142618417739868,0.05690596625208855,0.9999745488166809,661,277
176,5866,24,0.6939059495925903,0.5118916034698486,-0.05705247446894646,0.9999865889549255,666,276
176,5866,25,0.7051670551300049,0.6327990889549255,0.08714397251605988,0.7159048318862915,676,341
176,5866,26,0.7015290856361389,0.6367182731628418,-0.04366918280720711,0.9835705757141113,673,343
176,5866,27,0.6978172063827515,0.7596064805984497,0.12083431333303452,0.9166538119316101,669,410
176,5866,28,0.6527380347251892,0.7235086560249329,0.03256355971097946,0.9863419532775879,626,390
176,5866,29,0.689527690410614,0.7856641411781311,0.12258627265691757,0.9044333696365356,661,424
176,5866,30,0.6292361617088318,0.7137753963470459,0.039824794977903366,0.9030548334121704,604,385
176,5866,31,0.7042598128318787,0.7931629419326782,0.09095726162195206,0.9109728336334229,676,428
176,5866,32,0.6480297446250916,0.7824984788894653,0.01319816056638956,0.9689058065414429,622,422
177,5900,0,0.7098883986473083,0.2726688086986542,-0.04120897501707077,0.9978165030479431,681,147
177,5900,1,0.7067665457725525,0.26156410574913025,-0.03797801211476326,0.996113657951355,678,141
177,5900,2,0.704939067363739,0.26101815700531006,-0.038103535771369934,0.9949786067008972,676,140
177,5900,3,0.7030795216560364,0.26054492592811584,-0.038069117814302444,0.9964253306388855,674,140
177,5900,4,0.7108803987503052,0.2626635730266571,-0.05507296323776245,0.997909665107727,682,141
177,5900,5,0.7118257880210876,0.26278385519981384,-0.05525596812367439,0.9983638525009155,683,141
177,5900,6,0.7127052545547485,0.26279178261756897,-0.055324986577034,0.9988095164299011,684,141
177,5900,7,0.6964051127433777,0.26482629776000977,-0.014293349348008633,0.9977937340736389,668,143
177,5900,8,0.7077875733375549,0.26737186312675476,-0.09128344804048538,0.9982858896255493,679,144
177,5900,9,0.7054128050804138,0.2842061221599579,-0.02795541100203991,0.9968069195747375,677,153
177,5900,10,0.708424985408783,0.284865140914917,-0.0512622706592083,0.997930645942688,680,153
177,5900,11,0.680945634841919,0.33057811856269836,0.04623891040682793,0.9998375177383423,653,178
177,5900,12,0.6997871398925781,0.33754822611808777,-0.12215041369199753,0.9999510645866394,671,182
177,5900,13,0.6797692179679871,0.4294632375240326,0.06435694545507431,0.09527337551116943,652,231
177,5900,14,0.7016665935516357,0.443574994802475,-0.13540829718112946,0.9941168427467346,673,239
177,5900,15,0.6955411434173584,0.5096033215522766,0.018247829750180244,0.10840034484863281,667,275
177,5900,16,0.7122737169265747,0.5288951396942139,-0.1065625250339508,0.9705795049667358,683,285
177,5900,17,0.7029174566268921,0.5458940267562866,0.014625996351242065,0.1272064596414566,674,294
177,5900,18,0.7123779058456421,0.5554259419441223,-0.12011773139238358,0.9387931823730469,683,299
177,5900,19,0.7031242251396179,0.5363034009933472,-0.0034495932050049305,0.12089131772518158,674,289
177,5900,20,0.7157328128814697,0.5562754273414612,-0.12027604877948761,0.9341498613357544,687,300
177,5900,21,0.70325767993927,0.5253797769546509,0.009787146002054214,0.09544914215803146,675,283
177,5900,22,0.7153871655464172,0.5470613837242126,-0.10572194308042526,0.8890585899353027,686,295
177,5900,23,0.6895180940628052,0.5140404105186462,0.05592824146151543,0.9999719262123108,661,277
177,5900,24,0.6960795521736145,0.5121259093284607,-0.05607282370328903,0.9999842643737793,668,276
177,5900,25,0.7076352834701538,0.6340415477752686,0.07559869438409805,0.739098072052002,679,342
177,5900,26,0.7066801190376282,0.6371212601661682,-0.031016189604997635,0.9842122793197632,678,344
177,5900,27,0.6562313437461853,0.7270566821098328,0.11333148926496506,0.9238055348396301,629,392
177,5900,28,0.6864739656448364,0.7428979873657227,0.05096197873353958,0.9872409701347351,659,401
177,5900,29,0.6431141495704651,0.7281742691993713,0.11415472626686096,0.9108851552009583,617,393
177,5900,30,0.682783305644989,0.7676669359207153,0.05792909115552902,0.9095104932785034,655,414
177,5900,31,0.6637988686561584,0.7893494367599487,0.07425650209188461,0.9180395603179932,637,426
177,5900,32,0.6905672550201416,0.7827864289283752,0.02245236746966839,0.9707260727882385,662,422
178,5933,0,0.715778112411499,0.27165669202804565,-0.03750941902399063,0.997810423374176,687,146
178,5933,1,0.7132197022438049,0.2598952353000641,-0.03313766419887543,0.9960456490516663,684,140
178,5933,2,0.7113057971000671,0.25948163866996765,-0.033281948417425156,0.9949233531951904,682,140
178,5933,3,0.7094040513038635,0.25915342569351196,-0.03325682505965233,0.996407687664032,681,139
178,5933,4,0.7171017527580261,0.26086482405662537,-0.051298584789037704,0.997882068157196,688,140
178,5933,5,0.718051016330719,0.26094040274620056,-0.05148087069392204,0.9983353614807129,689,140
178,5933,6,0.7190458178520203,0.2606814205646515,-0.05155881121754646,0.9987688064575195,690,140
178,5933,7,0.7032774090766907,0.26433485746383667,-0.007345242891460657,0.9978139996528625,675,142
178,5933,8,0.7150663137435913,0.26635023951530457,-0.08873974531888962,0.998224139213562,686,143
178,5933,9,0.7115088105201721,0.2836979329586029,-0.023573698475956917,0.9967315196990967,683,153
178,5933,10,0.7145212292671204,0.28392767906188965,-0.04839330166578293,0.9978369474411011,685,153
178,5933,11,0.6873050332069397,0.3307493329048157,0.04684861749410629,0.9998332262039185,659,178
178,5933,12,0.7066709399223328,0.3369862735271454,-0.13046661019325256,0.9999455213546753,678,181
178,5933,13,0.6906037926673889,0.4296517074108124,0.06984914839267731,0.08913195878267288,662,232
178,5933,14,0.7088715434074402,0.44307956099510193,-0.15289899706840515,0.9942141175270081,680,239
178,5933,15,0.7011737823486328,0.5107579827308655,0.03260922431945801,0.09924740344285965,673,275
178,5933,16,0.7153586745262146,0.5288325548171997,-0.1200898140668869,0.9659854173660278,686,285
178,5933,17,0.7026261687278748,0.5457187294960022,0.030105147510766983,0.1172625944018364,674,294
178,5933,18,0.712994396686554,0.5555900931358337,-0.13337387144565582,0.9295862913131714,684,300
178,5933,19,0.7058385610580444,0.5368463397026062,0.014665430411696434,0.11146961152553558,677,289
178,5933,20,0.7177415490150452,0.5563231706619263,-0.13387519121170044,0.9247070550918579,689,300
178,5933,21,0.7059534788131714,0.5266426801681519,0.02566436119377613,0.08828721940517426,677,284
178,5933,22,0.7180985808372498,0.5469736456871033,-0.11949674785137177,0.8761393427848816,689,295
178,5933,23,0.6954732537269592,0.5146574378013611,0.060394953936338425,0.9999734163284302,667,277
178,5933,24,0.7030025720596313,0.5126023888587952,-0.060530826449394226,0.999984860420227,674,276
178,5933,25,0.7074068784713745,0.6338654160499573,0.11451496183872223,0.7452098727226257,679,342
178,5933,26,0.7225960493087769,0.6373037695884705,-0.05349474772810936,0.9855539202690125,693,344
178,5933,27,0.6854841709136963,0.7449676394462585,0.15099996328353882,0.9298102259635925,658,402
178,5933,28,0.67238450050354,0.7247658371925354,0.018649764358997345,0.9882346391677856,645,391
178,5933,29,0.6742533445358276,0.7675015926361084,0.15063825249671936,0.9174044728279114,647,414
178,5933,30,0.65831059217453,0.7270215153694153,0.025753799825906754,0.9162046313285828,631,392
178,5933,31,0.7150410413742065,0.7867652177810669,0.1254415363073349,0.9239996671676636,686,424
178,5933,32,0.670779287815094,0.7829464673995972,-0.0021614553406834602,0.9730433821678162,643,422
179,5966,0,0.7176253199577332,0.27009227871894836,-0.03278646618127823,0.9977338910102844,688,145
179,5966,1,0.714505136013031,0.2590081989765167,-0.029292043298482895,0.9959015250205994,685,139
179,5966,2,0.7122071981430054,0.2586135268211365,-0.029439236968755722,0.994768500328064,683,139
179,5966,3,0.7101667523384094,0.25836196541786194,-0.029417233541607857,0.9963325262069702,681,139
179,5966,4,0.7182875871658325,0.2600587010383606,-0.04610196501016617,0.9978007674217224,689,140
179,5966,5,0.7191017270088196,0.26028937101364136,-0.046282149851322174,0.9982563257217407,690,140
179,5966,6,0.7200095057487488,0.2602936625480652,-0.04635697230696678,0.9986987709999084,691,140
179,5966,7,0.703157365322113,0.2631419599056244,-0.007050986401736736,0.9978048205375671,675,142
179,5966,8,0.7163731455802917,0.26579561829566956,-0.08326198905706406,0.9981234669685364,687,143
179,5966,9,0.7128434777259827,0.282546728849411,-0.020529113709926605,0.9966126680374146,684,152
179,5966,10,0.7163214087486267,0.28309518098831177,-0.04360928013920784,0.9977104663848877,687,152
179,5966,11,0.6890364289283752,0.33046847581863403,0.048274923115968704,0.9998311996459961,661,178
179,5966,12,0.7072702646255493,0.33703944087028503,-0.12428255379199982,0.9999404549598694,678,182
179,5966,13,0.6882144808769226,0.42966920137405396,0.06554053723812103,0.0839148610830307,660,232
179,5966,14,0.7094854116439819,0.44285744428634644,-0.14599066972732544,0.9941931366920471,681,239
179,5966,15,0.699643075466156,0.5147034525871277,0.03358897194266319,0.09163983911275864,671,277
179,5966,16,0.7168257832527161,0.5292654037475586,-0.10996421426534653,0.9636404514312744,688,285
179,5966,17,0.7023013830184937,0.5454249978065491,0.03212833032011986,0.10926426202058792,674,294
179,5966,18,0.7151679396629333,0.5563954710960388,-0.12029004842042923,0.9250234961509705,686,300
179,5966,19,0.7055360674858093,0.5382505059242249,0.018328052014112473,0.1038208082318306,677,290
179,5966,20,0.7202856540679932,0.557451069355011,-0.12329994142055511,0.9200752973556519,691,301
179,5966,21,0.705609142780304,0.5281273722648621,0.027398835867643356,0.0824316143989563,677,285
179,5966,22,0.7200158834457397,0.5481576919555664,-0.11061635613441467,0.869948148727417,691,296
179,5966,23,0.6969442963600159,0.514968991279602,0.06033874303102493,0.9999746680259705,669,278
179,5966,24,0.7046673893928528,0.5130249857902527,-0.0604742206633091,0.9999853372573853,676,277
179,5966,25,0.7107975482940674,0.6335325241088867,0.12349818646907806,0.7482887506484985,682,342
179,5966,26,0.7242200374603271,0.6377224922180176,-0.05457175523042679,0.9867293834686279,695,344
179,5966,27,0.6897569298744202,0.7495118975639343,0.16396348178386688,0.9351524710655212,662,404
179,5966,28,0.668691098690033,0.7197983264923096,0.012312456965446472,0.9891010522842407,641,388
179,5966,29,0.681113600730896,0.777877688407898,0.16401752829551697,0.9230199456214905,653,420
179,5966,30,0.653764009475708,0.7165631651878357,0.018691549077630043,0.9220617413520813,627,386
179,5966,31,0.7243911027908325,0.7860347032546997,0.14115563035011292,0.9292796850204468,695,424
179,5966,32,0.6672834753990173,0.7828988432884216,-0.00010252862557535991,0.9751112461090088,640,422
180,6000,0,0.7205551862716675,0.2692092955112457,-0.02969275787472725,0.9974832534790039,691,145
180,6000,1,0.7179629802703857,0.2580402195453644,-0.02641124278306961,0.995400607585907,689,139
180,6000,2,0.7160423398017883,0.25765952467918396,-0.026554858312010765,0.9941244125366211,687,139
180,6000,3,0.7140306830406189,0.2573695480823517,-0.026533544063568115,0.9959281086921692,685,138
180,6000,4,0.7221851944923401,0.2588998079299927,-0.04306617006659508,0.9975510239601135,693,139
180,6000,5,0.7233486175537109,0.2590661644935608,-0.043245650827884674,0.998047411441803,694,139
180,6000,6,0.7245120406150818,0.25911077857017517,-0.043320175260305405,0.9985589981079102,695,139
180,6000,7,0.7082173228263855,0.26181429624557495,-0.0053568435832858086,0.9975882172584534,679,141
180,6000,8,0.7221542000770569,0.2644956707954407,-0.08070282638072968,0.9979047179222107,693,142
180,6000,9,0.7167924046516418,0.28095537424087524,-0.017940858379006386,0.9963230490684509,688,151
180,6000,10,0.7201452851295471,0.28136035799980164,-0.040778759866952896,0.9975300431251526,691,151
180,6000,11,0.6936017274856567,0.3274402916431427,0.05011913925409317,0.9998225569725037,665,176
180,6000,12,0.7133817076683044,0.33341941237449646,-0.12238772213459015,0.999940037727356,684,180
180,6000,13,0.6949189305305481,0.4272962808609009,0.06648494303226471,0.0798552930355072,667,230
180,6000,14,0.7113715410232544,0.43880486488342285,-0.14232394099235535,0.9943337440490723,682,236
180,6000,15,0.7067809700965881,0.512965738773346,0.03246425837278366,0.0851486325263977,678,277
180,6000,16,0.7194995284080505,0.528598964214325,-0.1130196824669838,0.9653456211090088,690,285
180,6000,17,0.7097703218460083,0.5451915860176086,0.03093469887971878,0.1023988202214241,681,294
180,6000,18,0.7180740237236023,0.5557109117507935,-0.12664049863815308,0.9280322194099426,689,300
180,6000,19,0.7113469243049622,0.5362221598625183,0.016115771606564522,0.09737459570169449,682,289
180,6000,20,0.7244731783866882,0.5572862029075623,-0.12828224897384644,0.9234196543693542,695,300
180,6000,21,0.7115247249603271,0.5303374528884888,0.025750350207090378,0.07756981253623962,683,286
180,6000,22,0.7242172956466675,0.5480852127075195,-0.11321055889129639,0.8750771880149841,695,295
180,6000,23,0.699088454246521,0.5096834301948547,0.06009383872151375,0.9999704957008362,671,275
180,6000,24,0.7078329920768738,0.5092669129371643,-0.06022726371884346,0.9999831914901733,679,275
180,6000,25,0.7158361673355103,0.6228469610214233,0.11597464233636856,0.7082895636558533,687,336
180,6000,26,0.7384478449821472,0.6320083141326904,-0.05524410679936409,0.985203742980957,708,341
180,6000,27,0.6964464783668518,0.7403863072395325,0.15399900078773499,0.9206514358520508,668,399
180,6000,28,0.6925073862075806,0.7208548188209534,0.0028580324724316597,0.9871392250061035,664,389
180,6000,29,0.6844691634178162,0.7605153918266296,0.1542094647884369,0.9106345176696777,657,410
180,6000,30,0.6777685284614563,0.7198796272277832,0.008070588111877441,0.9174253344535828,650,388
180,6000,31,0.7232073545455933,0.7802905440330505,0.12932749092578888,0.9138096570968628,694,421
180,6000,32,0.6983163952827454,0.7829231023788452,-0.003465562593191862,0.9720397591590881,670,422
181,6033,0,0.7219120860099792,0.26683324575424194,-0.031515758484601974,0.9975625872612,693,144
181,6033,1,0.7196598649024963,0.255710244178772,-0.02910143882036209,0.9955243468284607,690,138
181,6033,2,0.7178201079368591,0.25528091192245483,-0.029244745150208473,0.9942817091941833,689,137
181,6033,3,0.7158933281898499,0.2549045979976654,-0.029232507571578026,0.9960619211196899,687,137
181,6033,4,0.7237595915794373,0.256675660610199,-0.045257311314344406,0.9976223707199097,694,138
181,6033,5,0.7244320511817932,0.2568572461605072,-0.045436643064022064,0.9980992674827576,695,138
181,6033,6,0.7254788279533386,0.256973534822464,-0.04549824818968773,0.9985990524291992,696,138
181,6033,7,0.7099027037620544,0.25934526324272156,-0.009865269996225834,0.9976629018783569,681,140
181,6033,8,0.722750723361969,0.2634057402610779,-0.08245932310819626,0.9979220628738403,693,142
181,6033,9,0.7176132202148438,0.27852439880371094,-0.020059144124388695,0.996358335018158,688,150
181,6033,10,0.7206944227218628,0.2795388996601105,-0.042186129838228226,0.9975440502166748,691,150
181,6033,11,0.6948537826538086,0.3265950381755829,0.04803423583507538,0.9998218417167664,667,176
181,6033,12,0.7136844396591187,0.333437442779541,-0.12178537249565125,0.9999408721923828,685,180
181,6033,13,0.698011577129364,0.42704468965530396,0.06330081820487976,0.07534544169902802,670,230
181,6033,14,0.7139565348625183,0.43812859058380127,-0.14181937277317047,0.994423508644104,685,236
181,6033,15,0.7077752351760864,0.5114072561264038,0.029776008799672127,0.07806359231472015,679,276
181,6033,16,0.7210057973861694,0.5262811183929443,-0.10973551869392395,0.9651625752449036,692,284
181,6033,17,0.7079542875289917,0.5364729762077332,0.02795955166220665,0.09429403394460678,679,289
181,6033,18,0.7199605107307434,0.554269015789032,-0.12256477773189545,0.9275756478309631,691,299
181,6033,19,0.71339350938797,0.5331147909164429,0.013484050519764423,0.08968210220336914,684,287
181,6033,20,0.7266997694969177,0.5552217960357666,-0.12761643528938293,0.9231734871864319,697,299
181,6033,21,0.7139316201210022,0.5262943506240845,0.023160826414823532,0.07161321491003036,685,284
181,6033,22,0.7265380024909973,0.545546293258667,-0.11132685095071793,0.8746495246887207,697,294
181,6033,23,0.7009174823760986,0.5059273838996887,0.059936586767435074,0.9999690651893616,672,273
181,6033,24,0.708285927772522,0.5065006017684937,-0.06007042154669762,0.9999825358390808,679,273
181,6033,25,0.718228280544281,0.6214661002159119,0.11146293580532074,0.6718595623970032,689,335
181,6033,26,0.7394314408302307,0.6308212876319885,-0.05513400211930275,0.9844386577606201,709,340
181,6033,27,0.6969425678253174,0.7418420910835266,0.1412114053964615,0.9074853658676147,669,400
181,6033,28,0.6940261721611023,0.7210692167282104,-0.010902132838964462,0.9859081506729126,666,389
181,6033,29,0.6860371828079224,0.7624410390853882,0.13968823850154877,0.9031270146369934,658,411
181,6033,30,0.6784554719924927,0.7230622172355652,-0.0077405353076756,0.9156863689422607,651,390
181,6033,31,0.7228510975837708,0.7773391008377075,0.1238277480006218,0.900945782661438,693,419
181,6033,32,0.7015804648399353,0.7786099910736084,-0.0242567528039217,0.9701295495033264,673,420
182,6066,0,0.7272174954414368,0.2674671709537506,-0.025133276358246803,0.9976822733879089,698,144
182,6066,1,0.7257631421089172,0.2563178837299347,-0.022002385929226875,0.9958113431930542,696,138
182,6066,2,0.7241097688674927,0.2558380365371704,-0.022125491872429848,0.994648814201355,695,138
182,6066,3,0.7222684621810913,0.2553914189338684,-0.02209911309182644,0.9963134527206421,693,137
182,6066,4,0.7294585704803467,0.25727540254592896,-0.03650461509823799,0.997763454914093,700,138
182,6066,5,0.7304056882858276,0.2574221193790436,-0.03669172525405884,0.998207688331604,701,139
182,6066,6,0.7314151525497437,0.25750216841697693,-0.03675629571080208,0.9986823201179504,702,139
182,6066,7,0.7170341610908508,0.25992900133132935,-0.0007471097633242607,0.9978001117706299,688,140
182,6066,8,0.7312725186347961,0.2638489902019501,-0.06680725514888763,0.9980394244194031,702,142
182,6066,9,0.723379373550415,0.2785937190055847,-0.013035311363637447,0.9965367913246155,694,150
182,6066,10,0.726344645023346,0.27954772114753723,-0.033118654042482376,0.9976681470870972,697,150
182,6066,11,0.7001965045928955,0.3234091103076935,0.05602997541427612,0.9998165965080261,672,174
182,6066,12,0.7209346890449524,0.33084702491760254,-0.09900452196598053,0.9999370574951172,692,178
182,6066,13,0.7016083002090454,0.4185922145843506,0.07504317909479141,0.0746520608663559,673,226
182,6066,14,0.7192996740341187,0.4333946108818054,-0.11964982002973557,0.9915017485618591,690,234
182,6066,15,0.717473030090332,0.5015483498573303,0.030313732102513313,0.07918950170278549,688,270
182,6066,16,0.7232611775398254,0.5170642137527466,-0.10383456200361252,0.9598787426948547,694,279
182,6066,17,0.7195127606391907,0.5201708674430847,0.02884778380393982,0.09764067083597183,690,280
182,6066,18,0.7217748761177063,0.5439363121986389,-0.11744276434183121,0.9192971587181091,692,293
182,6066,19,0.7234521508216858,0.5188218355178833,0.01601315103471279,0.09309179335832596,694,280
182,6066,20,0.7272480130195618,0.5446126461029053,-0.11930646747350693,0.9141082167625427,698,294
182,6066,21,0.7230516672134399,0.5129035115242004,0.02483241632580757,0.0748399868607521,694,276
182,6066,22,0.7273260354995728,0.5317687392234802,-0.10445371270179749,0.8631709814071655,698,287
182,6066,23,0.7040473222732544,0.5065657496452332,0.055019207298755646,0.9999687075614929,675,273
182,6066,24,0.7156339883804321,0.5068832039833069,-0.055157966911792755,0.9999820590019226,687,273
182,6066,25,0.7256113886833191,0.6348742842674255,0.08199215680360794,0.6840982437133789,696,342
182,6066,26,0.7326075434684753,0.6277449727058411,-0.053833913058042526,0.9834411144256592,703,338
182,6066,27,0.7081617712974548,0.7356595396995544,0.13937313854694366,0.9073984622955322,679,397
182,6066,28,0.7078052163124084,0.7217990756034851,0.017105672508478165,0.9848200082778931,679,389
182,6066,29,0.7018941044807434,0.7462372183799744,0.13971391320228577,0.8990118503570557,673,402
182,6066,30,0.6995193362236023,0.7262114882469177,0.023830655962228775,0.913759708404541,671,392
182,6066,31,0.7216132879257202,0.7722213864326477,0.12060410529375076,0.8994616270065308,692,416
182,6066,32,0.7209047079086304,0.7717107534408569,0.0026188711635768414,0.9682417511940002,692,416
183,6100,0,0.7290782928466797,0.2678605616092682,-0.02485799789428711,0.9977003335952759,699,144
183,6100,1,0.7273488640785217,0.25673872232437134,-0.02172180637717247,0.995880126953125,698,138
183,6100,2,0.7257210612297058,0.2562311291694641,-0.02184724435210228,0.994744062423706,696,138
183,6100,3,0.724012553691864,0.25574609637260437,-0.021820323541760445,0.9963763952255249,695,138
183,6100,4,0.7309238314628601,0.2576296031475067,-0.036467473953962326,0.9977899193763733,701,139
183,6100,5,0.7319341897964478,0.2577161490917206,-0.03665394335985184,0.9982224702835083,702,139
183,6100,6,0.7330262064933777,0.2577003240585327,-0.0367191806435585,0.9986943006515503,703,139
183,6100,7,0.7187328934669495,0.26018333435058594,-0.0010244325967505574,0.997835099697113,689,140
183,6100,8,0.7327366471290588,0.26407691836357117,-0.06705160439014435,0.9980573058128357,703,142
183,6100,9,0.7252827882766724,0.2789526879787445,-0.012839901261031628,0.9965529441833496,696,150
183,6100,10,0.7280711531639099,0.27986031770706177,-0.033171772956848145,0.9976827502250671,698,151
183,6100,11,0.7010566592216492,0.32216906547546387,0.05610289424657822,0.9998091459274292,673,173
183,6100,12,0.7209853529930115,0.33079424500465393,-0.10231504589319229,0.9999333620071411,692,178
183,6100,13,0.7024260759353638,0.41711440682411194,0.07596706598997116,0.07384428381919861,674,225
183,6100,14,0.7202746868133545,0.43205583095550537,-0.12338149547576904,0.9909858107566833,691,233
183,6100,15,0.7163203954696655,0.5016284584999084,0.03601038083434105,0.07728502154350281,687,270
183,6100,16,0.7250756025314331,0.5179861187934875,-0.10870135575532913,0.9597838521003723,696,279
183,6100,17,0.717897355556488,0.5212063789367676,0.036425452679395676,0.09626810997724533,689,281
183,6100,18,0.7239976525306702,0.5446521639823914,-0.12292062491178513,0.9186757802963257,695,294
183,6100,19,0.721133828163147,0.5205081105232239,0.02205529995262623,0.09189553558826447,692,281
183,6100,20,0.7291768193244934,0.5452799797058105,-0.12317473441362381,0.9135509133338928,700,294
183,6100,21,0.7210089564323425,0.5143564939498901,0.029788481071591377,0.07424718141555786,692,277
183,6100,22,0.7292359471321106,0.5333828330039978,-0.10849588364362717,0.8623287081718445,700,288
183,6100,23,0.703505277633667,0.5055611729621887,0.05519583448767662,0.9999645352363586,675,273
183,6100,24,0.7182052731513977,0.5066971778869629,-0.055332355201244354,0.9999791979789734,689,273
183,6100,25,0.720176637172699,0.6294674873352051,0.09723956137895584,0.6674932241439819,691,339
183,6100,26,0.7412436604499817,0.6267885565757751,-0.054079387336969376,0.9803909659385681,711,338
183,6100,27,0.7069891691207886,0.7307743430137634,0.15107016265392303,0.8981422185897827,678,394
183,6100,28,0.7101610898971558,0.7198797464370728,0.01937207579612732,0.9808555245399475,681,388
183,6100,29,0.7007036805152893,0.7508147358894348,0.15271224081516266,0.8904626965522766,672,405
183,6100,30,0.7012325525283813,0.722959578037262,0.02626350335776806,0.9064622521400452,673,390
183,6100,31,0.7207328677177429,0.7698922753334045,0.13660258054733276,0.8864569664001465,691,415
183,6100,32,0.7208711504936218,0.7686722278594971,0.011069152504205704,0.960766077041626,692,415
184,6133,0,0.737164318561554,0.26835834980010986,-0.038841258734464645,0.9977350831031799,707,144
184,6133,1,0.7351054549217224,0.2568603754043579,-0.03309188783168793,0.9958965182304382,705,138
184,6133,2,0.7335782647132874,0.2562933564186096,-0.033232688903808594,0.9948490262031555,704,138
184,6133,3,0.7320502996444702,0.25588685274124146,-0.033201880753040314,0.996416449546814,702,138
184,6133,4,0.7382346391677856,0.2577696740627289,-0.05184972286224365,0.9977754950523376,708,139
184,6133,5,0.7389666438102722,0.2577563226222992,-0.05203630402684212,0.9982290267944336,709,139
184,6133,6,0.7397793531417847,0.2578335702419281,-0.052120108157396317,0.9986775517463684,710,139
184,6133,7,0.7261531352996826,0.2604214549064636,-0.001786206616088748,0.9978882074356079,697,140
184,6133,8,0.7363650798797607,0.26434528827667236,-0.08490929007530212,0.9980664253234863,706,142
184,6133,9,0.732715368270874,0.27898579835891724,-0.022596074268221855,0.9965507984161377,703,150
184,6133,10,0.734977662563324,0.2799716293811798,-0.048246681690216064,0.9976726770401001,705,151
184,6133,11,0.7096961736679077,0.32260340452194214,0.058714013546705246,0.9998078346252441,681,174
184,6133,12,0.7230203747749329,0.3295505940914154,-0.12594445049762726,0.9999327063560486,694,177
184,6133,13,0.7131723761558533,0.41776061058044434,0.07549957931041718,0.07422873377799988,684,225
184,6133,14,0.7192046642303467,0.4328743815422058,-0.15994016826152802,0.9913195371627808,690,233
184,6133,15,0.7238884568214417,0.5029963850975037,0.02718355692923069,0.0753818079829216,694,271
184,6133,16,0.7279072999954224,0.5180345773696899,-0.1458100825548172,0.9595648646354675,698,279
184,6133,17,0.725841224193573,0.5239077210426331,0.024797718971967697,0.09537448734045029,696,282
184,6133,18,0.7273995280265808,0.544947624206543,-0.16400562226772308,0.9186220765113831,698,294
184,6133,19,0.7302412390708923,0.5214417576789856,0.007649641018360853,0.09142604470252991,701,281
184,6133,20,0.7320885062217712,0.5450714230537415,-0.16151727735996246,0.9135282039642334,702,294
184,6133,21,0.7298790216445923,0.5156988501548767,0.019195301458239555,0.07455328106880188,700,278
184,6133,22,0.7322526574134827,0.5336132645606995,-0.14464855194091797,0.8621140122413635,702,288
184,6133,23,0.7111585736274719,0.5059782266616821,0.06058426573872566,0.9999634623527527,682,273
184,6133,24,0.7227290868759155,0.508388876914978,-0.06070191413164139,0.9999786615371704,693,274
184,6133,25,0.7210710644721985,0.6334638595581055,0.12314809113740921,0.6733282208442688,692,342
184,6133,26,0.753340482711792,0.6270934343338013,-0.054514702409505844,0.9816772937774658,723,338
184,6133,27,0.7077085375785828,0.7440012693405151,0.17414411902427673,0.9044045209884644,679,401
184,6133,28,0.7148398756980896,0.739852249622345,0.013280557468533516,0.9823002815246582,686,399
184,6133,29,0.7013913989067078,0.7514024376869202,0.17553825676441193,0.8958245515823364,673,405
184,6133,30,0.7035638689994812,0.749319314956665,0.018313836306333542,0.9125901460647583,675,404
184,6133,31,0.72115558385849,0.7766501903533936,0.1486729234457016,0.8936288952827454,692,419
184,6133,32,0.7276802062988281,0.7843570709228516,-0.010472755879163742,0.9636430740356445,698,423
185,6166,0,0.7380855083465576,0.26883360743522644,-0.03781388700008392,0.9978448748588562,708,145
185,6166,1,0.7358346581459045,0.2571203410625458,-0.035267189145088196,0.9960989356040955,706,138
185,6166,2,0.7339093685150146,0.25655069947242737,-0.035413630306720734,0.995120644569397,704,138
185,6166,3,0.7319319248199463,0.2560724914073944,-0.03538300842046738,0.9965975284576416,702,138
185,6166,4,0.7395647764205933,0.25796547532081604,-0.052241113036870956,0.9978745579719543,709,139
185,6166,5,0.7404012680053711,0.25792598724365234,-0.052428510040044785,0.9983081221580505,710,139
185,6166,6,0.7412889003753662,0.2579761743545532,-0.05250106379389763,0.9987316131591797,711,139
185,6166,7,0.7257562279701233,0.2603166401386261,-0.014458863995969296,0.9979977607727051,696,140
185,6166,8,0.7373434901237488,0.2645356059074402,-0.09035871922969818,0.9981447458267212,707,142
185,6166,9,0.7333795428276062,0.2790403962135315,-0.024787815287709236,0.9966456294059753,704,150
185,6166,10,0.736309289932251,0.2801581621170044,-0.048239242285490036,0.9977321624755859,706,151
185,6166,11,0.7088417410850525,0.32260146737098694,0.04630783572793007,0.9998072385787964,680,174
185,6166,12,0.7270602583885193,0.32958248257637024,-0.12747369706630707,0.9999316930770874,697,177
185,6166,13,0.7098280787467957,0.4187721610069275,0.057250503450632095,0.0714748278260231,681,226
185,6166,14,0.7215338945388794,0.4331352412700653,-0.15602178871631622,0.9908235669136047,692,233
185,6166,15,0.7213979363441467,0.5038348436355591,0.01492038182914257,0.07050210982561111,692,272
185,6166,16,0.7297593355178833,0.5184669494628906,-0.13617080450057983,0.9539510011672974,700,279
185,6166,17,0.7229350209236145,0.5245446562767029,0.012150087393820286,0.08991525322198868,694,283
185,6166,18,0.7292953133583069,0.5450760722160339,-0.15139685571193695,0.9094198942184448,700,294
185,6166,19,0.7284852266311646,0.524142324924469,-0.0025607424322515726,0.08617399632930756,699,283
185,6166,20,0.733374834060669,0.5452346801757812,-0.15099571645259857,0.9040400385856628,704,294
185,6166,21,0.7281025648117065,0.5197606682777405,0.00797460786998272,0.07041781395673752,698,280
185,6166,22,0.7329407930374146,0.534402072429657,-0.13561734557151794,0.8490146994590759,703,288
185,6166,23,0.7130012512207031,0.5066732168197632,0.06060250848531723,0.9999630451202393,684,273
185,6166,24,0.7264384627342224,0.5100049376487732,-0.06072903051972389,0.9999784827232361,697,275
185,6166,25,0.719096839427948,0.6334629654884338,0.1409459412097931,0.6725963950157166,690,342
185,6166,26,0.762283980846405,0.6275694370269775,-0.04656226187944412,0.9819735288619995,731,338
185,6166,27,0.707671046257019,0.7450545430183411,0.19103886187076569,0.9068635106086731,679,402
185,6166,28,0.720720112323761,0.7410790920257568,0.011222046799957752,0.9827426671981812,691,400
185,6166,29,0.6987529397010803,0.7593558430671692,0.19246236979961395,0.8982047438621521,670,410
185,6166,30,0.7070786952972412,0.757686972618103,0.016652094200253487,0.9143775701522827,678,409
185,6166,31,0.7207351922988892,0.7767879366874695,0.17358890175819397,0.895344078540802,691,419
185,6166,32,0.7445739507675171,0.7871636152267456,-0.010323136113584042,0.964313268661499,714,425
186,6200,0,0.7422700524330139,0.26939111948013306,-0.03663571923971176,0.997866690158844,712,145
186,6200,1,0.7411292791366577,0.2577877640724182,-0.03307855501770973,0.9961267113685608,711,139
186,6200,2,0.7394653558731079,0.25720569491386414,-0.033218592405319214,0.9951956272125244,709,138
186,6200,3,0.7375472784042358,0.25667548179626465,-0.03317917510867119,0.9966049194335938,708,138
186,6200,4,0.7447733283042908,0.2583770751953125,-0.05031736567616463,0.9978905320167542,714,139
186,6200,5,0.7458264231681824,0.25818321108818054,-0.050511207431554794,0.998340368270874,715,139
186,6200,6,0.7469639182090759,0.258081316947937,-0.050593215972185135,0.9987567067146301,717,139
186,6200,7,0.7313460111618042,0.2615833580493927,-0.014004967175424099,0.9979751110076904,702,141
186,6200,8,0.7445923686027527,0.26485535502433777,-0.08680032193660736,0.998195469379425,714,143
186,6200,9,0.7382962703704834,0.27918118238449097,-0.022823281586170197,0.9966275095939636,708,150
186,6200,10,0.7410520315170288,0.2803250253200531,-0.046508051455020905,0.9977529048919678,711,151
186,6200,11,0.7152730822563171,0.32254788279533386,0.05190826207399368,0.9997871518135071,686,174
186,6200,12,0.7333986163139343,0.3298664689064026,-0.1255168318748474,0.999933660030365,704,178
186,6200,13,0.7199741005897522,0.41959530115127563,0.0679679661989212,0.07091975957155228,691,226
186,6200,14,0.7251285314559937,0.43351930379867554,-0.1508771926164627,0.9913634657859802,696,234
186,6200,15,0.7277871966362,0.49971070885658264,0.0240175761282444,0.06906319409608841,698,269
186,6200,16,0.7339728474617004,0.5186363458633423,-0.14113840460777283,0.9575197100639343,704,280
186,6200,17,0.7323183417320251,0.5256719589233398,0.022093314677476883,0.08913826197385788,703,283
186,6200,18,0.7337284684181213,0.5462431311607361,-0.15927179157733917,0.9162023663520813,704,294
186,6200,19,0.7362198233604431,0.5253344774246216,-0.00010476011811988428,0.08589205890893936,706,283
186,6200,20,0.7402623891830444,0.5460578203201294,-0.15860214829444885,0.911226212978363,710,294
186,6200,21,0.7362100481987,0.5201565623283386,0.014470161870121956,0.07065466046333313,706,280
186,6200,22,0.7403441667556763,0.5349044799804688,-0.1406436711549759,0.8595308065414429,710,288
186,6200,23,0.7192674279212952,0.5080647468566895,0.05964694172143936,0.9999601244926453,690,274
186,6200,24,0.7312115430831909,0.511181116104126,-0.059782519936561584,0.9999778270721436,701,276
186,6200,25,0.7151086330413818,0.6302340030670166,0.13418440520763397,0.6854468584060669,686,340
186,6200,26,0.7659663558006287,0.6247604489326477,-0.04319605603814125,0.9822437763214111,735,337
186,6200,27,0.7060280442237854,0.744856059551239,0.17655669152736664,0.9129617214202881,677,402
186,6200,28,0.7459169626235962,0.7403035163879395,0.019202308729290962,0.9837172031402588,716,399
186,6200,29,0.6972512006759644,0.7601044178009033,0.17709870636463165,0.9034851789474487,669,410
186,6200,30,0.7321292757987976,0.7564319372177124,0.02439296804368496,0.9187660217285156,702,408
186,6200,31,0.7210026383399963,0.7759519219398499,0.16904772818088531,0.9020251035690308,692,419
186,6200,32,0.7663685083389282,0.7870593070983887,-0.007387463469058275,0.9661293625831604,735,425
187,6233,0,0.743428111076355,0.2695716917514801,-0.042493175715208054,0.997959554195404,713,145
187,6233,1,0.7420080304145813,0.25795218348503113,-0.03741273656487465,0.9962220788002014,712,139
187,6233,2,0.7404329776763916,0.2573276162147522,-0.03755281865596771,0.9953662157058716,710,138
187,6233,3,0.7387145757675171,0.25670984387397766,-0.037505634129047394,0.9966703057289124,709,138
187,6233,4,0.7452256083488464,0.2585933208465576,-0.05617138370871544,0.9979484677314758,715,139
187,6233,5,0.7460471391677856,0.25841575860977173,-0.05637098103761673,0.9984099864959717,716,139
187,6233,6,0.7469260692596436,0.2583215534687042,-0.05646078661084175,0.9988005757331848,717,139
187,6233,7,0.7324095964431763,0.2614264190196991,-0.011254357174038887,0.9980010390281677,703,141
187,6233,8,0.7446287870407104,0.2649974822998047,-0.0904819667339325,0.9982749819755554,714,143
187,6233,9,0.7395309805870056,0.27937808632850647,-0.026085685938596725,0.9966070652008057,709,150
187,6233,10,0.7419229745864868,0.28049588203430176,-0.05179903656244278,0.9977830648422241,712,151
187,6233,11,0.7174408435821533,0.32260528206825256,0.056624334305524826,0.9997686743736267,688,174
187,6233,12,0.7315094470977783,0.3290961980819702,-0.12917910516262054,0.9999366402626038,702,177
187,6233,13,0.7175408005714417,0.42008328437805176,0.07703103125095367,0.06836064159870148,688,226
187,6233,14,0.7266737222671509,0.4329310953617096,-0.1610119640827179,0.9919722080230713,697,233
187,6233,15,0.7275556325912476,0.5007687211036682,0.04146551340818405,0.06490981578826904,698,270
187,6233,16,0.7337188720703125,0.5187679529190063,-0.1531284749507904,0.9610991477966309,704,280
187,6233,17,0.7277838587760925,0.5250162482261658,0.041893623769283295,0.08464876562356949,698,283
187,6233,18,0.7325347065925598,0.5463707447052002,-0.17276565730571747,0.9231908917427063,703,295
187,6233,19,0.7331213355064392,0.5269350409507751,0.021350674331188202,0.08178107440471649,703,284
187,6233,20,0.7388608455657959,0.5465391278266907,-0.16944541037082672,0.918639600276947,709,295
187,6233,21,0.7337731122970581,0.5214026570320129,0.03259947896003723,0.06779424846172333,704,281
187,6233,22,0.7394581437110901,0.5359290838241577,-0.15158715844154358,0.8707700371742249,709,289
187,6233,23,0.7202028632164001,0.5080667734146118,0.060244131833314896,0.9999565482139587,691,274
187,6233,24,0.7311040759086609,0.5108386278152466,-0.06038642302155495,0.9999773502349854,701,275
187,6233,25,0.7147707343101501,0.6284014582633972,0.12526880204677582,0.6869250535964966,686,339
187,6233,26,0.768587052822113,0.6231206059455872,-0.044496338814496994,0.9823809862136841,737,336
187,6233,27,0.7051715850830078,0.7445655465126038,0.17263518273830414,0.9164485335350037,676,402
187,6233,28,0.7444940209388733,0.7393280863761902,0.01829330436885357,0.9845952391624451,714,399
187,6233,29,0.6965600848197937,0.7605634927749634,0.1744580715894699,0.9073945879936218,668,410
187,6233,30,0.7348230481147766,0.7544316649436951,0.023797711357474327,0.9233320355415344,705,407
187,6233,31,0.7223322987556458,0.7758995294570923,0.15711747109889984,0.9065269827842712,693,418
187,6233,32,0.7647768259048462,0.786761462688446,-0.000849957054015249,0.9677639603614807,734,424
188,6266,0,0.7496924996376038,0.27121055126190186,-0.017480840906500816,0.998092532157898,719,146
188,6266,1,0.7481957077980042,0.25964999198913574,-0.01850052736699581,0.9964930415153503,718,140
188,6266,2,0.7461717128753662,0.25897377729415894,-0.018622538074851036,0.995704710483551,716,139
188,6266,3,0.7440822720527649,0.2583019733428955,-0.01858212985098362,0.9969141483306885,714,139
188,6266,4,0.7523313760757446,0.260116308927536,-0.03405940905213356,0.9980868101119995,722,140
188,6266,5,0.7534284591674805,0.25982511043548584,-0.03424423560500145,0.9985169172286987,723,140
188,6266,6,0.7545853853225708,0.25962314009666443,-0.03430454060435295,0.9988833069801331,724,140
188,6266,7,0.7383968234062195,0.2632651925086975,-0.009757784195244312,0.9981378316879272,708,142
188,6266,8,0.7532860040664673,0.26669517159461975,-0.08401615917682648,0.9983878135681152,723,144
188,6266,9,0.7452999949455261,0.28055596351623535,-0.009968165308237076,0.996839702129364,715,151
188,6266,10,0.7486258745193481,0.28163668513298035,-0.03152623772621155,0.9979286193847656,718,152
188,6266,11,0.7187830209732056,0.32323434948921204,0.046132881194353104,0.999776303768158,690,174
188,6266,12,0.7435252070426941,0.3317417502403259,-0.11926255375146866,0.9999382495880127,713,179
188,6266,13,0.7158690690994263,0.4284140467643738,0.07110188156366348,0.072404645383358,687,231
188,6266,14,0.7389379143714905,0.4392138421535492,-0.14477863907814026,0.9912710785865784,709,237
188,6266,15,0.7267467379570007,0.5138285160064697,0.04304644837975502,0.06640469282865524,697,277
188,6266,16,0.742053747177124,0.5244441032409668,-0.12926261126995087,0.9600939154624939,712,283
188,6266,17,0.7267938256263733,0.5370702743530273,0.04341460391879082,0.08681956678628922,697,290
188,6266,18,0.7406237125396729,0.5515843033790588,-0.14250651001930237,0.9217626452445984,710,297
188,6266,19,0.7338935136795044,0.5364801287651062,0.02644115872681141,0.08395123481750488,704,289
188,6266,20,0.7466887831687927,0.5509953498840332,-0.14433851838111877,0.916693389415741,716,297
188,6266,21,0.7346896529197693,0.5307440757751465,0.03577103838324547,0.06947719305753708,705,286
188,6266,22,0.7470709085464478,0.5404418110847473,-0.12952746450901031,0.8675529956817627,717,291
188,6266,23,0.7210894227027893,0.5130413174629211,0.057695817202329636,0.9999564290046692,692,277
188,6266,24,0.7413684725761414,0.5150066018104553,-0.05786580964922905,0.9999774694442749,711,278
188,6266,25,0.7147001624107361,0.6284399032592773,0.13054190576076508,0.6997878551483154,686,339
188,6266,26,0.7745398283004761,0.6233362555503845,-0.005981162656098604,0.9816109538078308,743,336
188,6266,27,0.7046326398849487,0.745703935623169,0.1726698875427246,0.9206600785255432,676,402
188,6266,28,0.7728550434112549,0.7485648393630981,0.036644697189331055,0.9851125478744507,741,404
188,6266,29,0.6960557103157043,0.7644476890563965,0.1737990379333496,0.9116507768630981,668,412
188,6266,30,0.7613661885261536,0.776971697807312,0.03897221013903618,0.9273532032966614,730,419
188,6266,31,0.7203760743141174,0.7715668678283691,0.14995093643665314,0.9093495011329651,691,416
188,6266,32,0.8001168370246887,0.7865471243858337,0.0033481279388070107,0.9673498868942261,768,424
189,6300,0,0.7513659000396729,0.27455297112464905,-0.01985694281756878,0.9979379177093506,721,148
189,6300,1,0.7492809295654297,0.2625349760055542,-0.02092103101313114,0.9963078498840332,719,141
189,6300,2,0.7473450303077698,0.26169514656066895,-0.02104146033525467,0.9955552816390991,717,141
189,6300,3,0.7452519536018372,0.26096123456954956,-0.020997149869799614,0.9967703819274902,715,140
189,6300,4,0.7538217306137085,0.2636707127094269,-0.03462379053235054,0.9979590773582458,723,142
189,6300,5,0.7549641728401184,0.26360663771629333,-0.03481167554855347,0.9984390139579773,724,142
189,6300,6,0.7561817169189453,0.2636759281158447,-0.034874603152275085,0.9988304376602173,725,142
189,6300,7,0.7394666075706482,0.26492947340011597,-0.01681804656982422,0.9980427622795105,709,143
189,6300,8,0.7540109753608704,0.26990827918052673,-0.08653002232313156,0.9983333349227905,723,145
189,6300,9,0.7468034029006958,0.28359255194664,-0.012722575105726719,0.9967254996299744,716,153
189,6300,10,0.7503057718276978,0.28530484437942505,-0.03203989192843437,0.9978554844856262,720,154
189,6300,11,0.7208475470542908,0.32527944445610046,0.038619596511125565,0.9997636675834656,692,175
189,6300,12,0.7440454959869385,0.33485522866249084,-0.11986088007688522,0.9999346137046814,714,180
189,6300,13,0.7156502604484558,0.4307078719139099,0.06353948265314102,0.06964682042598724,687,232
189,6300,14,0.7404901385307312,0.4427780508995056,-0.14263541996479034,0.9894012808799744,710,239
189,6300,15,0.7275365591049194,0.5140519142150879,0.037306442856788635,0.06304776668548584,698,277
189,6300,16,0.7440385222434998,0.5262707471847534,-0.12473591417074203,0.9592875838279724,714,284
189,6300,17,0.7268561720848083,0.5383022427558899,0.038002271205186844,0.0839146301150322,697,290
189,6300,18,0.7435663342475891,0.5524832606315613,-0.13788123428821564,0.921867847442627,713,298
189,6300,19,0.7336753010749817,0.5392706990242004,0.02229287661612034,0.08121170103549957,704,291
189,6300,20,0.748591423034668,0.5521907210350037,-0.13954877853393555,0.9165835976600647,718,298
189,6300,21,0.7341057658195496,0.5333320498466492,0.030717650428414345,0.06726094335317612,704,287
189,6300,22,0.7484436631202698,0.5417651534080505,-0.12489538639783859,0.8668927550315857,718,292
189,6300,23,0.7222409844398499,0.5146870017051697,0.05621231719851494,0.9999514222145081,693,277
189,6300,24,0.738997757434845,0.5162906050682068,-0.05638859048485756,0.9999750256538391,709,278
189,6300,25,0.7144398093223572,0.6291183829307556,0.1271543800830841,0.7074544429779053,685,339
189,6300,26,0.7754170894622803,0.623779833316803,-0.005543478298932314,0.9789895415306091,744,336
189,6300,27,0.7043526768684387,0.7464165687561035,0.1694135218858719,0.9241107106208801,676,403
189,6300,28,0.7758522033691406,0.7512515187263489,0.051449213176965714,0.9847996234893799,744,405
189,6300,29,0.6954261660575867,0.7695115208625793,0.17055988311767578,0.9147812724113464,667,415
189,6300,30,0.7646360993385315,0.7789912819862366,0.055330704897642136,0.928893506526947,734,420
189,6300,31,0.7216212153434753,0.7716294527053833,0.14963826537132263,0.9106282591819763,692,416
189,6300,32,0.8027206659317017,0.786526620388031,0.020545093342661858,0.9642365574836731,770,424
190,6333,0,0.7596124410629272,0.2761146128177643,-0.04062875360250473,0.9978834390640259,729,149
190,6333,1,0.7582562565803528,0.26385238766670227,-0.0374821238219738,0.9962725043296814,727,142
190,6333,2,0.7564111351966858,0.26291030645370483,-0.03761138767004013,0.9955255389213562,726,141
190,6333,3,0.7544538378715515,0.26206016540527344,-0.037562474608421326,0.9967159628868103,724,141
190,6333,4,0.7623810172080994,0.26512807607650757,-0.054921139031648636,0.9979506134986877,731,143
190,6333,5,0.7634247541427612,0.26506173610687256,-0.05510978028178215,0.9984450936317444,732,143
190,6333,6,0.7644346952438354,0.26506009697914124,-0.05519569665193558,0.9988465309143066,733,143
190,6333,7,0.7482753396034241,0.2659015953540802,-0.017339901998639107,0.9979796409606934,718,143
190,6333,8,0.7622343301773071,0.270926296710968,-0.0963323563337326,0.9983681440353394,731,146
190,6333,9,0.754986047744751,0.28546231985092163,-0.027713460847735405,0.9967492818832397,724,154
190,6333,10,0.7580655813217163,0.2867822051048279,-0.05171794444322586,0.9978955388069153,727,154
190,6333,11,0.7289796471595764,0.3282025158405304,0.042161501944065094,0.9997416138648987,699,177
190,6333,12,0.7480925917625427,0.33668917417526245,-0.1331641525030136,0.9999351501464844,718,181
190,6333,13,0.7300878167152405,0.4316204786300659,0.06527512520551682,0.06732647866010666,700,233
190,6333,14,0.7432222962379456,0.4426409602165222,-0.15831176936626434,0.9895066618919373,713,239
190,6333,15,0.7406014800071716,0.5131121873855591,0.03632856160402298,0.06098513305187225,710,277
190,6333,16,0.7484251260757446,0.5277430415153503,-0.14334385097026825,0.9620333909988403,718,284
190,6333,17,0.7403146028518677,0.5381773114204407,0.03669637069106102,0.08330179005861282,710,290
190,6333,18,0.7471656203269958,0.5540621876716614,-0.16100965440273285,0.9271414875984192,717,299
190,6333,19,0.7451244592666626,0.5392254590988159,0.018499596044421196,0.08106859028339386,715,291
190,6333,20,0.7545844316482544,0.55390465259552,-0.16111749410629272,0.9221257567405701,724,299
190,6333,21,0.7465216517448425,0.5304856300354004,0.028652381151914597,0.06760962307453156,716,286
190,6333,22,0.7548089623451233,0.5442686080932617,-0.1429479718208313,0.8751473426818848,724,293
190,6333,23,0.7309291958808899,0.5165438055992126,0.05793341249227524,0.9999457597732544,701,278
190,6333,24,0.7439454197883606,0.5181443095207214,-0.05810261517763138,0.9999731779098511,714,279
190,6333,25,0.7161683440208435,0.6292803883552551,0.1381404548883438,0.7035640478134155,687,339
190,6333,26,0.767360508441925,0.6344360709190369,-0.0062006316147744656,0.9761229157447815,736,342
190,6333,27,0.7041603326797485,0.7461598515510559,0.1933930367231369,0.9242982864379883,675,402
190,6333,28,0.7902323007583618,0.7489802837371826,0.0647873729467392,0.9839523434638977,758,404
190,6333,29,0.6953847408294678,0.7696425318717957,0.19560502469539642,0.9149116277694702,667,415
190,6333,30,0.7836707830429077,0.7729405164718628,0.06975146383047104,0.9289970993995667,752,417
190,6333,31,0.7240369915962219,0.7703548073768616,0.16329821944236755,0.909082293510437,695,415
190,6333,32,0.8180686831474304,0.7712606191635132,0.02891698107123375,0.9598402976989746,785,416
191,6366,0,0.7613111138343811,0.27744123339653015,-0.038298919796943665,0.9979763627052307,730,149
191,6366,1,0.7592681646347046,0.2650562822818756,-0.03567870333790779,0.9963987469673157,728,143
191,6366,2,0.7572273015975952,0.26396477222442627,-0.03580999746918678,0.9956474900245667,726,142
191,6366,3,0.7550018429756165,0.26299628615379333,-0.035756468772888184,0.9967902898788452,724,142
191,6366,4,0.76393061876297,0.2670326828956604,-0.05343247205018997,0.9980164766311646,733,144
191,6366,5,0.7651560306549072,0.26726242899894714,-0.053617674857378006,0.9984930753707886,734,144
191,6366,6,0.7664055228233337,0.26753443479537964,-0.05369378998875618,0.9988908767700195,735,144
191,6366,7,0.7486169338226318,0.26625651121139526,-0.017270024865865707,0.9979645013809204,718,143
191,6366,8,0.76469886302948,0.2733997404575348,-0.09916289150714874,0.9984099864959717,734,147
191,6366,9,0.7562558650970459,0.28691092133522034,-0.02637859247624874,0.9968611598014832,726,154
191,6366,10,0.7599561810493469,0.2889622747898102,-0.050916410982608795,0.9979908466339111,729,156
191,6366,11,0.7322238087654114,0.3294021487236023,0.0397927388548851,0.9997519850730896,702,177
191,6366,12,0.7498283982276917,0.33880266547203064,-0.14137586951255798,0.9999392032623291,719,182
191,6366,13,0.7309037446975708,0.43147918581962585,0.06408313661813736,0.06394057720899582,701,232
191,6366,14,0.7469449639320374,0.44249725341796875,-0.16188973188400269,0.9901544451713562,717,238
191,6366,15,0.7398912310600281,0.5129625797271729,0.03463496267795563,0.05771692469716072,710,276
191,6366,16,0.7496603727340698,0.52834552526474,-0.13830366730690002,0.9636481404304504,719,285
191,6366,17,0.739374041557312,0.5383564829826355,0.03510044515132904,0.07887675613164902,709,290
191,6366,18,0.7483322620391846,0.5554527640342712,-0.15535762906074524,0.9285590052604675,718,299
191,6366,19,0.7453022599220276,0.539116621017456,0.01653357595205307,0.07678619027137756,715,291
191,6366,20,0.7550683617591858,0.5554489493370056,-0.1557643562555313,0.9235066175460815,724,299
191,6366,21,0.7463446259498596,0.5341547131538391,0.026625696569681168,0.06408068537712097,716,288
191,6366,22,0.7552425265312195,0.5458804368972778,-0.1378864198923111,0.8754088282585144,725,294
191,6366,23,0.7358618974685669,0.5163058638572693,0.05893290415406227,0.9999470114707947,706,278
191,6366,24,0.7385307550430298,0.5178632140159607,-0.059078581631183624,0.999973714351654,708,279
191,6366,25,0.7715480327606201,0.6238343715667725,0.09776392579078674,0.691612958908081,740,336
191,6366,26,0.7235338091850281,0.6321060657501221,-0.0009779910324141383,0.9739280343055725,694,341
191,6366,27,0.7863772511482239,0.7433503270149231,0.14133936166763306,0.9199098944664001,754,401
191,6366,28,0.7142812013626099,0.7477663159370422,0.051989324390888214,0.9827923774719238,685,403
191,6366,29,0.7815200090408325,0.7678744196891785,0.14178594946861267,0.9049970507621765,750,414
191,6366,30,0.7050606608390808,0.7728466391563416,0.055279575288295746,0.9148204922676086,676,417
191,6366,31,0.8165051341056824,0.7690632939338684,0.09878382831811905,0.9051921963691711,783,415
191,6366,32,0.7424129843711853,0.7716044187545776,0.020915739238262177,0.9571495652198792,712,416
192,6400,0,0.7641011476516724,0.2792307734489441,-0.0059072463773190975,0.998042106628418,733,150
192,6400,1,0.7629654407501221,0.2676055431365967,-0.009938736446201801,0.9965802431106567,732,144
192,6400,2,0.7610963582992554,0.2663954198360443,-0.010062585584819317,0.9958695769309998,730,143
192,6400,3,0.7588602900505066,0.26523491740226746,-0.010021055117249489,0.9969649314880371,728,143
192,6400,4,0.7677842974662781,0.26966026425361633,-0.02197471261024475,0.9980905055999756,737,145
192,6400,5,0.7693405747413635,0.2698599696159363,-0.022149359807372093,0.9985413551330566,738,145
192,6400,6,0.770965039730072,0.27005961537361145,-0.0222138874232769,0.9989324808120728,740,145
192,6400,7,0.7540105581283569,0.268615186214447,-0.015793021768331528,0.9980809688568115,723,145
192,6400,8,0.7709981203079224,0.2761037349700928,-0.07195309549570084,0.9984726905822754,740,149
192,6400,9,0.7603219151496887,0.2880966067314148,-0.0029566457960754633,0.997006356716156,729,155
192,6400,10,0.7637622356414795,0.29006558656692505,-0.01975138857960701,0.9980500340461731,733,156
192,6400,11,0.7354392409324646,0.33066555857658386,0.028214506804943085,0.9997599720954895,706,178
192,6400,12,0.7603088021278381,0.3409395217895508,-0.09921907633543015,0.9999265074729919,729,184
192,6400,13,0.7347889542579651,0.43275243043899536,0.04764050617814064,0.07396567612886429,705,233
192,6400,14,0.7559158802032471,0.4436508119106293,-0.1135203018784523,0.9818562865257263,725,239
192,6400,15,0.7457008957862854,0.5236905813217163,0.023829706013202667,0.06234404444694519,715,282
192,6400,16,0.7569815516471863,0.5282394886016846,-0.09057348221540451,0.9421950578689575,726,285
192,6400,17,0.7461376786231995,0.5447932481765747,0.023004336282610893,0.08308010548353195,716,294
192,6400,18,0.7562932968139648,0.5543966889381409,-0.1013987809419632,0.8980016708374023,726,299
192,6400,19,0.7481821775436401,0.5398962497711182,0.008493199944496155,0.08063735067844391,718,291
192,6400,20,0.7582389116287231,0.5553507804870605,-0.1033196672797203,0.8904176354408264,727,299
192,6400,21,0.7481253147125244,0.5352649688720703,0.01766779087483883,0.06688502430915833,718,289
192,6400,22,0.7582955956459045,0.5457627177238464,-0.09069862961769104,0.835579514503479,727,294
192,6400,23,0.7343232035636902,0.5183934569358826,0.04230375960469246,0.9999468922615051,704,279
192,6400,24,0.7561954259872437,0.5184235572814941,-0.04245693236589432,0.999971330165863,725,279
192,6400,25,0.7403346300125122,0.6272429823875427,0.10440843552350998,0.7087292671203613,710,338
192,6400,26,0.7680210471153259,0.6197462677955627,0.036981046199798584,0.9560967087745667,737,334
192,6400,27,0.7242829203605652,0.7430291771888733,0.15086109936237335,0.9230485558509827,695,401
192,6400,28,0.7853603959083557,0.7144229412078857,0.1233120709657669,0.9730873703956604,753,385
192,6400,29,0.7157523036003113,0.7670260667800903,0.1543000191450119,0.9078394174575806,687,414
192,6400,30,0.7842857837677002,0.7337133288383484,0.13040050864219666,0.9082872271537781,752,396
192,6400,31,0.7355072498321533,0.7649456262588501,0.12887302041053772,0.9027686715126038,706,413
192,6400,32,0.7957483530044556,0.7221528887748718,0.11189468204975128,0.9339430928230286,763,389
193,6433,0,0.7671127319335938,0.28134486079216003,-0.011781060136854649,0.9979246854782104,736,151
193,6433,1,0.7657608389854431,0.26926612854003906,-0.014642174355685711,0.9963442087173462,735,145
193,6433,2,0.7639407515525818,0.2680472433567047,-0.014777053147554398,0.9955840110778809,733,144
193,6433,3,0.7619301676750183,0.26667243242263794,-0.014739553444087505,0.9967098236083984,731,144
193,6433,4,0.769830584526062,0.271618127822876,-0.02889261394739151,0.9979483485221863,739,146
193,6433,5,0.771077036857605,0.27203887701034546,-0.02907751314342022,0.9984282851219177,740,146
193,6433,6,0.7723878026008606,0.2725118398666382,-0.029144851490855217,0.9988626837730408,741,147
193,6433,7,0.7554080486297607,0.26947763562202454,-0.012314212508499622,0.9979020953178406,725,145
193,6433,8,0.772166907787323,0.2785482406616211,-0.0746837630867958,0.9983906745910645,741,150
193,6433,9,0.7630311846733093,0.29016751050949097,-0.006476374343037605,0.9967309832572937,732,156
193,6433,10,0.7662094831466675,0.29253900051116943,-0.026075512170791626,0.997897744178772,735,157
193,6433,11,0.737598180770874,0.33081141114234924,0.029343055561184883,0.9997413754463196,708,178
193,6433,12,0.759967029094696,0.3418601453304291,-0.10692700743675232,0.9999189972877502,729,184
193,6433,13,0.7379598021507263,0.4391300678253174,0.0493975430727005,0.07118837535381317,708,237
193,6433,14,0.7564427852630615,0.4435245990753174,-0.12535980343818665,0.9795511960983276,726,239
193,6433,15,0.7474347949028015,0.5236335396766663,0.031990330666303635,0.05974610149860382,717,282
193,6433,16,0.7593095898628235,0.5281890034675598,-0.10106097906827927,0.9370714426040649,728,285
193,6433,17,0.7479462027549744,0.5439819693565369,0.03336184844374657,0.0797819197177887,718,293
193,6433,18,0.7585704922676086,0.5520466566085815,-0.1139175072312355,0.8876942992210388,728,298
193,6433,19,0.7490066885948181,0.5376367568969727,0.018545061349868774,0.07746070623397827,719,290
193,6433,20,0.760570228099823,0.5542466044425964,-0.11332312226295471,0.8793073296546936,730,299
193,6433,21,0.7512738704681396,0.5353928208351135,0.025796731933951378,0.06439346075057983,721,289
193,6433,22,0.760458767414093,0.545651912689209,-0.10032406449317932,0.8193714618682861,730,294
193,6433,23,0.7368597388267517,0.5181563496589661,0.04615597799420357,0.9999340176582336,707,279
193,6433,24,0.7539382576942444,0.5182474255561829,-0.046306826174259186,0.999963641166687,723,279
193,6433,25,0.7437297105789185,0.634443461894989,0.11996160447597504,0.6917109489440918,713,342
193,6433,26,0.7636547684669495,0.6236762404441833,0.01165452878922224,0.9467548131942749,733,336
193,6433,27,0.7465313673019409,0.7422019243240356,0.17404502630233765,0.9142531156539917,716,400
193,6433,28,0.7807109951972961,0.7180148959159851,0.08052274584770203,0.9674283266067505,749,387
193,6433,29,0.7464132905006409,0.7636253833770752,0.17642971873283386,0.8967646360397339,716,412
193,6433,30,0.7744260430335999,0.7389506697654724,0.08574914187192917,0.892621636390686,743,399
193,6433,31,0.7405465841293335,0.7581851482391357,0.14594992995262146,0.891396701335907,710,409
193,6433,32,0.776443362236023,0.741369903087616,0.05702231451869011,0.9237532615661621,745,400
194,6466,0,0.7723535895347595,0.2836601138114929,-0.01556647289544344,0.9976643323898315,741,153
194,6466,1,0.7709638476371765,0.2717204689979553,-0.018426647409796715,0.9960541129112244,740,146
194,6466,2,0.7690321207046509,0.2705850601196289,-0.018561704084277153,0.995241105556488,738,146
194,6466,3,0.7669088840484619,0.2693937122821808,-0.018530333414673805,0.9964393973350525,736,145
194,6466,4,0.7755977511405945,0.27365970611572266,-0.030997445806860924,0.9977483153343201,744,147
194,6466,5,0.7769640684127808,0.27389320731163025,-0.031156331300735474,0.9982701539993286,745,147
194,6466,6,0.7783650159835815,0.274138480424881,-0.031242704018950462,0.9987655878067017,747,148
194,6466,7,0.761906623840332,0.2729014754295349,-0.015376923605799675,0.9977312684059143,731,147
194,6466,8,0.7782487869262695,0.279878705739975,-0.07714211940765381,0.9982773661613464,747,151
194,6466,9,0.7681847214698792,0.2924330532550812,-0.011957897804677486,0.9964892864227295,737,157
194,6466,10,0.7716693878173828,0.29449260234832764,-0.029955334961414337,0.997744083404541,740,159
194,6466,11,0.7436867356300354,0.3337990343570709,0.03174953535199165,0.9997264742851257,713,180
194,6466,12,0.7656487822532654,0.34484708309173584,-0.11066218465566635,0.9999108910560608,735,186
194,6466,13,0.7420651316642761,0.43815186619758606,0.05477282032370567,0.0724225640296936,712,236
194,6466,14,0.7617223262786865,0.44922909140586853,-0.12649650871753693,0.9775171875953674,731,242
194,6466,15,0.7534582614898682,0.52695232629776,0.035121478140354156,0.06475850194692612,723,284
194,6466,16,0.7633047103881836,0.5366044640541077,-0.10624493658542633,0.9391651749610901,732,289
194,6466,17,0.7551395893096924,0.5471224188804626,0.037630897015333176,0.08589262515306473,724,295
194,6466,18,0.7607278227806091,0.5628599524497986,-0.1205645427107811,0.8902552127838135,730,303
194,6466,19,0.7571669220924377,0.5389811992645264,0.021479401737451553,0.08365637809038162,726,291
194,6466,20,0.7667779922485352,0.5652711391448975,-0.11955296993255615,0.8819640874862671,736,305
194,6466,21,0.7574126124382019,0.5401211977005005,0.028523234650492668,0.06990346312522888,727,291
194,6466,22,0.7675190567970276,0.5561229586601257,-0.10532398521900177,0.8221576809883118,736,300
194,6466,23,0.7403411269187927,0.5183510184288025,0.04802655428647995,0.999923825263977,710,279
194,6466,24,0.7578690052032471,0.5188577175140381,-0.04817696288228035,0.9999570250511169,727,280
194,6466,25,0.7377546429634094,0.6330519914627075,0.13325676321983337,0.6814291477203369,708,341
194,6466,26,0.7704648375511169,0.6238598823547363,0.02418573573231697,0.9268574118614197,739,336
194,6466,27,0.7256093621253967,0.7286904454231262,0.1848304271697998,0.911713719367981,696,393
194,6466,28,0.7729135155677795,0.7223008275032043,0.09563806653022766,0.9608393907546997,741,390
194,6466,29,0.7285212874412537,0.7483425140380859,0.1871461719274521,0.8942438960075378,699,404
194,6466,30,0.767852783203125,0.7421110272407532,0.10104379057884216,0.8837200403213501,737,400
194,6466,31,0.7269655466079712,0.7506523132324219,0.15959493815898895,0.8830591440200806,697,405
194,6466,32,0.7882966995239258,0.7440900802612305,0.0713878720998764,0.9072422981262207,756,401
195,6500,0,0.774440586566925,0.28584545850753784,-0.017434174194931984,0.997515082359314,743,154
195,6500,1,0.7725124955177307,0.27311158180236816,-0.019782720133662224,0.9957723021507263,741,147
195,6500,2,0.77056485414505,0.272072434425354,-0.019912637770175934,0.9948602318763733,739,146
195,6500,3,0.7685237526893616,0.27102822065353394,-0.019880620762705803,0.9961463809013367,737,146
195,6500,4,0.7772766351699829,0.27522513270378113,-0.033015135675668716,0.997532308101654,746,148
195,6500,5,0.7785949110984802,0.27561721205711365,-0.033187322318553925,0.9980888962745667,747,148
195,6500,6,0.7799702882766724,0.2759820520877838,-0.03327395021915436,0.9986535310745239,748,149
195,6500,7,0.7629585266113281,0.27424994111061096,-0.013941687531769276,0.9975257515907288,732,148
195,6500,8,0.7784957885742188,0.28244054317474365,-0.07833575457334518,0.9981178045272827,747,152
195,6500,9,0.769627034664154,0.29494988918304443,-0.012080417014658451,0.9964203238487244,738,159
195,6500,10,0.7729660868644714,0.2974558174610138,-0.03127853944897652,0.9977153539657593,742,160
195,6500,11,0.7479025721549988,0.3370056748390198,0.03386848419904709,0.9997389316558838,717,181
195,6500,12,0.7643296718597412,0.34685054421424866,-0.11909544467926025,0.9999158382415771,733,187
195,6500,13,0.7473875284194946,0.43757304549217224,0.05651400238275528,0.07181529700756073,717,236
195,6500,14,0.7625693678855896,0.4496323764324188,-0.13006271421909332,0.9787840843200684,732,242
195,6500,15,0.7545004487037659,0.5222934484481812,0.041786178946495056,0.06637921929359436,724,282
195,6500,16,0.7625628709793091,0.5370292067527771,-0.10468613356351852,0.9423834085464478,732,289
195,6500,17,0.7568410634994507,0.5458101630210876,0.04463272914290428,0.08727496862411499,726,294
195,6500,18,0.7593345046043396,0.5618830323219299,-0.11783330887556076,0.8940004110336304,728,303
195,6500,19,0.7583646178245544,0.5397067666053772,0.02845090813934803,0.08490118384361267,728,291
195,6500,20,0.7647374868392944,0.5638689994812012,-0.11781875044107437,0.8859105706214905,734,304
195,6500,21,0.7592202425003052,0.5396842956542969,0.03515179082751274,0.0709770917892456,728,291
195,6500,22,0.7656278610229492,0.5553253293037415,-0.10433520376682281,0.8266019821166992,735,299
195,6500,23,0.752374529838562,0.5182334780693054,0.05105278640985489,0.9999276399612427,722,279
195,6500,24,0.7523952722549438,0.5203370451927185,-0.051204435527324677,0.9999592900276184,722,280
195,6500,25,0.7805835008621216,0.6132972836494446,0.14830602705478668,0.669313371181488,749,331
195,6500,26,0.731379508972168,0.6243851184844971,0.013107242994010448,0.9309418201446533,702,337
195,6500,27,0.7960368394851685,0.7033511400222778,0.23348760604858398,0.9082390069961548,764,379
195,6500,28,0.7111318707466125,0.723895788192749,0.07943926006555557,0.9632694721221924,682,390
195,6500,29,0.79022616147995,0.7201309204101562,0.2387041449546814,0.8838012218475342,758,388
195,6500,30,0.7017580270767212,0.7425822615623474,0.08507300168275833,0.8807052373886108,673,400
195,6500,31,0.8139238357543945,0.7430940270423889,0.20938517153263092,0.8795791268348694,781,401
195,6500,32,0.7332108616828918,0.7611178755760193,0.04221416637301445,0.9124574065208435,703,411
196,6533,0,0.7820942401885986,0.2859390377998352,-0.018017707392573357,0.9976244568824768,750,154
196,6533,1,0.781657338142395,0.27429068088531494,-0.01992342807352543,0.9960381984710693,750,148
196,6533,2,0.780271589756012,0.27348196506500244,-0.02005188539624214,0.99518221616745,749,147
196,6533,3,0.7787561416625977,0.27273523807525635,-0.020022263750433922,0.9964063763618469,747,147
196,6533,4,0.7851528525352478,0.27594074606895447,-0.03435085713863373,0.9976738095283508,753,149
196,6533,5,0.7861475348472595,0.2762225270271301,-0.03451870381832123,0.9981926679611206,754,149
196,6533,6,0.7871320843696594,0.2764703929424286,-0.03460905700922012,0.9987303614616394,755,149
196,6533,7,0.7734610438346863,0.27550381422042847,-0.011624371632933617,0.9976902008056641,742,148
196,6533,8,0.7847779393196106,0.28201091289520264,-0.07480911165475845,0.998207688331604,753,152
196,6533,9,0.7782946825027466,0.2952186167240143,-0.012755298055708408,0.9966285228729248,747,159
196,6533,10,0.7809308767318726,0.2971869111061096,-0.03279806673526764,0.9978216886520386,749,160
196,6533,11,0.7540521621704102,0.33854636549949646,0.04104628413915634,0.9997348189353943,723,182
196,6533,12,0.7710540890693665,0.34630075097084045,-0.1037069782614708,0.9999140501022339,740,187
196,6533,13,0.7534595727920532,0.43943288922309875,0.06257068365812302,0.0702700987458229,723,237
196,6533,14,0.7662752270698547,0.4501696228981018,-0.12011165916919708,0.9782614707946777,735,243
196,6533,15,0.7586306929588318,0.5247536301612854,0.04082907736301422,0.06284631788730621,728,283
196,6533,16,0.768905758857727,0.5378527641296387,-0.09701326489448547,0.9368908405303955,738,290
196,6533,17,0.7615635395050049,0.553902268409729,0.043460287153720856,0.08327408134937286,731,299
196,6533,18,0.7653667330741882,0.5625649690628052,-0.10855630040168762,0.8865976333618164,734,303
196,6533,19,0.7610427737236023,0.5481452941894531,0.026713073253631592,0.08094972372055054,730,295
196,6533,20,0.7705692052841187,0.5655372738838196,-0.11102963984012604,0.8773795366287231,739,305
196,6533,21,0.7618283033370972,0.5411205291748047,0.03413916751742363,0.06767219305038452,731,292
196,6533,22,0.7700693011283875,0.5555915236473083,-0.09722889959812164,0.8159142732620239,739,300
196,6533,23,0.7496393322944641,0.5217819809913635,0.05057351291179657,0.999932587146759,719,281
196,6533,24,0.7663679122924805,0.5234652161598206,-0.050745584070682526,0.9999620914459229,735,282
196,6533,25,0.7477951645851135,0.6290689706802368,0.13386373221874237,0.6878600716590881,717,339
196,6533,26,0.788765549659729,0.6246107220649719,0.00954173319041729,0.9353605508804321,757,337
196,6533,27,0.7164108753204346,0.7290143966674805,0.18353217840194702,0.9132958650588989,687,393
196,6533,28,0.815130352973938,0.7364282608032227,0.07740368694067001,0.9660749435424805,782,397
196,6533,29,0.7059726119041443,0.7437704205513,0.1854327768087387,0.8903112411499023,677,401
196,6533,30,0.8144075870513916,0.7600583434104919,0.07994779944419861,0.8904653787612915,781,410
196,6533,31,0.7319390773773193,0.7509451508522034,0.16567836701869965,0.8848311901092529,702,405
196,6533,32,0.8479002118110657,0.753587543964386,0.040594764053821564,0.9181485772132874,813,406
197,6566,0,0.7828538417816162,0.287061482667923,-0.012590066529810429,0.9976885914802551,751,155
197,6566,1,0.7814828157424927,0.27592039108276367,-0.014780006371438503,0.9962354898452759,750,148
197,6566,2,0.7797645926475525,0.2750016152858734,-0.014911415986716747,0.9954288005828857,748,148
197,6566,3,0.777372419834137,0.27402451634407043,-0.014886070974171162,0.9966281652450562,746,147
197,6566,4,0.7854464054107666,0.2780666947364807,-0.02811882272362709,0.9977505803108215,754,150
197,6566,5,0.7870545983314514,0.2787075638771057,-0.028295518830418587,0.9982385039329529,755,150
197,6566,6,0.7884050011634827,0.2792869210243225,-0.028357399627566338,0.9987671971321106,756,150
197,6566,7,0.7716130018234253,0.27630168199539185,-0.01150495745241642,0.997835099697113,740,149
197,6566,8,0.7867037653923035,0.2839542329311371,-0.07152267545461655,0.9982167482376099,755,153
197,6566,9,0.7785586714744568,0.2959432601928711,-0.006887374445796013,0.9968099594116211,747,159
197,6566,10,0.7819347381591797,0.2983945906162262,-0.02539316564798355,0.9978837370872498,750,161
197,6566,11,0.7540494799613953,0.3383982181549072,0.03954017162322998,0.9997469782829285,723,182
197,6566,12,0.773047149181366,0.34661027789115906,-0.09947000443935394,0.9999095797538757,742,187
197,6566,13,0.7525445818901062,0.4389292597770691,0.0603230744600296,0.07365461438894272,722,237
197,6566,14,0.7691324949264526,0.4499059021472931,-0.11829951405525208,0.9728849530220032,738,242
197,6566,15,0.7605001926422119,0.5245625376701355,0.03485912084579468,0.06180718541145325,730,283
197,6566,16,0.7722938656806946,0.53752601146698,-0.09856913238763809,0.9135572910308838,741,290
197,6566,17,0.7606602907180786,0.5517582297325134,0.03436773642897606,0.08158130198717117,730,297
197,6566,18,0.7719122767448425,0.5619111061096191,-0.11017509549856186,0.8573417663574219,741,303
197,6566,19,0.7623366117477417,0.5496853590011597,0.020828064531087875,0.07908783107995987,731,296
197,6566,20,0.7736586332321167,0.5645809173583984,-0.11217651516199112,0.8455166220664978,742,304
197,6566,21,0.7637643814086914,0.5476237535476685,0.029163280501961708,0.06582152098417282,733,295
197,6566,22,0.7737148404121399,0.5549452900886536,-0.09873513132333755,0.7789698839187622,742,299
197,6566,23,0.7503970265388489,0.5214692950248718,0.04942440986633301,0.9999372959136963,720,281
197,6566,24,0.770501971244812,0.5229811668395996,-0.04960130527615547,0.9999644160270691,739,282
197,6566,25,0.7380077838897705,0.6324663162231445,0.12837181985378265,0.6984261870384216,708,341
197,6566,26,0.7950156331062317,0.6245964765548706,0.01224677823483944,0.9369028806686401,763,337
197,6566,27,0.70637047290802,0.7378054857254028,0.17214518785476685,0.9152891039848328,678,398
197,6566,28,0.8205944299697876,0.7396634817123413,0.07006855309009552,0.9676613807678223,787,399
197,6566,29,0.6964226365089417,0.7524188160896301,0.17372803390026093,0.8941724300384521,668,406
197,6566,30,0.8200367093086243,0.7666259407997131,0.07079831510782242,0.8977685570716858,787,413
197,6566,31,0.7256441116333008,0.7558721303939819,0.15324543416500092,0.8845889568328857,696,408
197,6566,32,0.8535537719726562,0.7528204321861267,0.036916930228471756,0.9196373224258423,819,406
198,6600,0,0.7897010445594788,0.28785836696624756,-0.019736547023057938,0.9978511929512024,758,155
198,6600,1,0.7888166308403015,0.2769600749015808,-0.015875522047281265,0.9964529275894165,757,149
198,6600,2,0.7871727347373962,0.2760823369026184,-0.015998858958482742,0.9956564903259277,755,149
198,6600,3,0.7853299975395203,0.27518245577812195,-0.01594642736017704,0.9967948198318481,753,148
198,6600,4,0.792990505695343,0.27874359488487244,-0.03208857402205467,0.9978888034820557,761,150
198,6600,5,0.7943268418312073,0.27881258726119995,-0.03225969895720482,0.998341977596283,762,150
198,6600,6,0.7955582737922668,0.2791241407394409,-0.032316166907548904,0.9988424777984619,763,150
198,6600,7,0.7802278995513916,0.27814173698425293,-0.0028436838183552027,0.9978896379470825,749,150
198,6600,8,0.7939471006393433,0.28454020619392395,-0.07334256172180176,0.9983040690422058,762,153
198,6600,9,0.7859317660331726,0.29667994379997253,-0.008274620398879051,0.9969702959060669,754,160
198,6600,10,0.7889541983604431,0.2985411584377289,-0.030528010800480843,0.9980080127716064,757,161
198,6600,11,0.7645956873893738,0.34045669436454773,0.049852337688207626,0.9997583627700806,734,183
198,6600,12,0.7778735756874084,0.3469257354736328,-0.10602796822786331,0.9999167323112488,746,187
198,6600,13,0.7648918628692627,0.4408065974712372,0.07281409204006195,0.07033257931470871,734,238
198,6600,14,0.776714563369751,0.4501411020755768,-0.1334356814622879,0.9752026200294495,745,243
198,6600,15,0.7759393453598022,0.523986279964447,0.04631725326180458,0.06159428134560585,744,282
198,6600,16,0.7782788872718811,0.5387284159660339,-0.1163346916437149,0.9207693338394165,747,290
198,6600,17,0.7775495052337646,0.5492454767227173,0.04663677513599396,0.08122394233942032,746,296
198,6600,18,0.7760161757469177,0.5634216070175171,-0.13088932633399963,0.8677875995635986,744,304
198,6600,19,0.7784005403518677,0.5417783856391907,0.03041527047753334,0.0789683535695076,747,292
198,6600,20,0.7815781235694885,0.5662575364112854,-0.13143859803676605,0.856850802898407,750,305
198,6600,21,0.778908908367157,0.5381162762641907,0.03928046301007271,0.06577477604150772,747,290
198,6600,22,0.7824442386627197,0.5560561418533325,-0.11641187965869904,0.7932564616203308,751,300
198,6600,23,0.7668071985244751,0.5228521227836609,0.051100656390190125,0.9999393224716187,736,282
198,6600,24,0.7705166935920715,0.5242167115211487,-0.05127305909991264,0.9999659061431885,739,283
198,6600,25,0.7983980774879456,0.6297234296798706,0.10253264755010605,0.6862747073173523,766,340
198,6600,26,0.7494081258773804,0.6259956359863281,0.0011403134558349848,0.9394448399543762,719,338
198,6600,27,0.8168327212333679,0.7378281354904175,0.14724062383174896,0.91407310962677,784,398
198,6600,28,0.7150396704673767,0.7418283820152283,0.05225455388426781,0.9688307642936707,686,400
198,6600,29,0.8148098587989807,0.7608181834220886,0.14789851009845734,0.88844895362854,782,410
198,6600,30,0.7042997479438782,0.7652327418327332,0.05451890081167221,0.8888887166976929,676,413
198,6600,31,0.8419952392578125,0.7563298940658569,0.10941741615533829,0.8875316977500916,808,408
198,6600,32,0.7394895553588867,0.7710605263710022,0.010502466931939125,0.9237411022186279,709,416
199,6633,0,0.7932809591293335,0.28880608081817627,-0.02407907322049141,0.9979978799819946,761,155
199,6633,1,0.7917596697807312,0.2779649496078491,-0.018032114952802658,0.9966676235198975,760,150
199,6633,2,0.7900649309158325,0.27729207277297974,-0.01816065050661564,0.9958972930908203,758,149
199,6633,3,0.7882708311080933,0.27662742137908936,-0.018098166212439537,0.9969749450683594,756,149
199,6633,4,0.7953759431838989,0.27929675579071045,-0.03718547523021698,0.9980111122131348,763,150
199,6633,5,0.796288251876831,0.2794118821620941,-0.037353113293647766,0.9984335899353027,764,150
199,6633,6,0.7971858978271484,0.27967023849487305,-0.03741006180644035,0.9989050030708313,765,151
199,6633,7,0.7816317081451416,0.2790929675102234,-0.0003446994523983449,0.9979913830757141,750,150
199,6633,8,0.7940322756767273,0.284559428691864,-0.07766194641590118,0.9983900189399719,762,153
199,6633,9,0.7890274524688721,0.2986394762992859,-0.009762614034116268,0.9971426725387573,757,161
199,6633,10,0.7918107509613037,0.29988667368888855,-0.03582366555929184,0.9981215000152588,760,161
199,6633,11,0.7683917880058289,0.34107252955436707,0.0543026477098465,0.9997732639312744,737,184
199,6633,12,0.7772648334503174,0.34679359197616577,-0.12107224762439728,0.9999227523803711,746,187
199,6633,13,0.7702060341835022,0.4443047344684601,0.08031176030635834,0.06724535673856735,739,239
199,6633,14,0.7766412496566772,0.4488288164138794,-0.152778759598732,0.9770410656929016,745,242
199,6633,15,0.7818458676338196,0.5272282361984253,0.051485028117895126,0.061804987490177155,750,284
199,6633,16,0.7785564064979553,0.5388398170471191,-0.12987767159938812,0.9250176548957825,747,290
199,6633,17,0.7838958501815796,0.5495508313179016,0.052144549787044525,0.08179686963558197,752,296
199,6633,18,0.7739816308021545,0.5634129047393799,-0.1445656567811966,0.8722916841506958,743,304
199,6633,19,0.7832984924316406,0.5435143113136292,0.03504173085093498,0.07966898381710052,751,293
199,6633,20,0.7790860533714294,0.5663486123085022,-0.14472554624080658,0.8617961406707764,747,305
199,6633,21,0.7849042415618896,0.540679395198822,0.04382926970720291,0.06645192950963974,753,291
199,6633,22,0.7801991105079651,0.5579153895378113,-0.1297948807477951,0.7979979515075684,748,301
199,6633,23,0.7707063555717468,0.523199737071991,0.05574341118335724,0.9999436140060425,739,282
199,6633,24,0.7673997282981873,0.524275004863739,-0.055918190628290176,0.9999681711196899,736,283
199,6633,25,0.8039713501930237,0.6248632073402405,0.10416097939014435,0.6981198191642761,771,337
199,6633,26,0.7420416474342346,0.6283563375473022,-0.0043359193950891495,0.9433274865150452,712,339
199,6633,27,0.821831464767456,0.7373215556144714,0.15588071942329407,0.9194883704185486,788,398
199,6633,28,0.7075942158699036,0.7435216307640076,0.04744039103388786,0.9709052443504333,679,401
199,6633,29,0.8180248141288757,0.7613109946250916,0.15724188089370728,0.8935970067977905,785,411
199,6633,30,0.696524441242218,0.7642695903778076,0.05004924535751343,0.8880221843719482,668,412
199,6633,31,0.8472667932510376,0.7581291198730469,0.11694769561290741,0.8953443169593811,813,409
199,6633,32,0.7312670946121216,0.7769141793251038,-0.0015673066955059767,0.9291637539863586,702,419
200,6666,0,0.8026978373527527,0.28962481021881104,-0.01890430599451065,0.9979094862937927,770,156
200,6666,1,0.8009958267211914,0.2780090272426605,-0.015292677097022533,0.9963944554328918,768,150
200,6666,2,0.7988104224205017,0.2772521674633026,-0.015425864607095718,0.995489239692688,766,149
200,6666,3,0.7967748641967773,0.2765543758869171,-0.015365700237452984,0.9966965913772583,764,149
200,6666,4,0.8052853941917419,0.27937084436416626,-0.033111535012722015,0.9977861046791077,773,150
200,6666,5,0.8064311146736145,0.27946779131889343,-0.033289335668087006,0.9982340931892395,774,150
200,6666,6,0.8075545430183411,0.27962759137153625,-0.03335993364453316,0.998760461807251,775,150
200,6666,7,0.7915254831314087,0.2793154716491699,0.0017077506054192781,0.9977356195449829,759,150
200,6666,8,0.8053867816925049,0.2843157947063446,-0.07581601291894913,0.9981313943862915,773,153
200,6666,9,0.7980638742446899,0.2991821765899658,-0.007200753781944513,0.9969069957733154,766,161
200,6666,10,0.801713764667511,0.3000485897064209,-0.03172028437256813,0.9979265928268433,769,162
200,6666,11,0.7731611132621765,0.34319281578063965,0.05422155559062958,0.9997777938842773,742,185
200,6666,12,0.7920418977737427,0.34698596596717834,-0.12034297734498978,0.9999228715896606,760,187
200,6666,13,0.7720771431922913,0.44816359877586365,0.07671201229095459,0.06384700536727905,741,242
200,6666,14,0.7879842519760132,0.4504298269748688,-0.14835967123508453,0.9774390459060669,756,243
200,6666,15,0.7789673209190369,0.5290623903274536,0.04976804926991463,0.06003570556640625,747,285
200,6666,16,0.7868698835372925,0.5411268472671509,-0.12586292624473572,0.9139674305915833,755,292
200,6666,17,0.7794235348701477,0.5530197024345398,0.04771041497588158,0.07946714758872986,748,298
200,6666,18,0.7870636582374573,0.5660898089408875,-0.14174331724643707,0.8498232364654541,755,305
200,6666,19,0.7831608653068542,0.5509669184684753,0.03180234879255295,0.07740307599306107,751,297
200,6666,20,0.7890564799308777,0.5688315033912659,-0.14169542491436005,0.8385080099105835,757,307
200,6666,21,0.7817580699920654,0.5436801314353943,0.0418933667242527,0.06424340605735779,750,293
200,6666,22,0.7872974872589111,0.5594546794891357,-0.12566184997558594,0.7672867774963379,755,302
200,6666,23,0.7771967053413391,0.5250496864318848,0.05799029394984245,0.9999459981918335,746,283
200,6666,24,0.7768636345863342,0.5246961116790771,-0.05815289542078972,0.9999688863754272,745,283
200,6666,25,0.8141751885414124,0.6279003620147705,0.09184584021568298,0.6926076412200928,781,339
200,6666,26,0.7471026182174683,0.6306701302528381,-0.003960501868277788,0.9446431994438171,717,340
200,6666,27,0.8291285037994385,0.752973735332489,0.12557435035705566,0.9213775396347046,795,406
200,6666,28,0.7094541192054749,0.7430799603462219,0.047974225133657455,0.9712997078895569,681,401
200,6666,29,0.8253936767578125,0.7813904285430908,0.12496577948331833,0.893987238407135,792,421
200,6666,30,0.6969448924064636,0.7640830278396606,0.050784606486558914,0.878101110458374,669,412
200,6666,31,0.863514244556427,0.7645222544670105,0.07690837979316711,0.8985430598258972,828,412
200,6666,32,0.7330920100212097,0.7781552672386169,0.0010631915647536516,0.9303839206695557,703,420
201,6700,0,0.8037784695625305,0.2892659902572632,-0.006830119527876377,0.9979918599128723,771,156
201,6700,1,0.801748514175415,0.2777162194252014,-0.007256161887198687,0.9964878559112549,769,149
201,6700,2,0.7995771765708923,0.27691978216171265,-0.007393653970211744,0.9956044554710388,767,149
201,6700,3,0.7969167232513428,0.2761697769165039,-0.007338728290051222,0.9968014359474182,765,149
201,6700,4,0.8065673112869263,0.27926528453826904,-0.023586655035614967,0.9978083372116089,774,150
201,6700,5,0.8079158067703247,0.27949288487434387,-0.02375832200050354,0.9982427358627319,775,150
201,6700,6,0.8093308806419373,0.2797768712043762,-0.02380947209894657,0.9987637400627136,776,151
201,6700,7,0.790812611579895,0.2790365517139435,0.00019652889750432223,0.9978156089782715,759,150
201,6700,8,0.8079763650894165,0.28631290793418884,-0.07478552311658859,0.998123824596405,775,154
201,6700,9,0.7987854480743408,0.299099326133728,-0.00026325046201236546,0.9970691800117493,766,161
201,6700,10,0.8025876879692078,0.30041253566741943,-0.02283174730837345,0.9980083703994751,770,162
201,6700,11,0.775115430355072,0.34365713596343994,0.05105483904480934,0.9997952580451965,744,185
201,6700,12,0.7935234308242798,0.34939712285995483,-0.12011168897151947,0.9999273419380188,761,188
201,6700,13,0.7779738306999207,0.44968801736831665,0.07173154503107071,0.06466139853000641,746,242
201,6700,14,0.7896724343299866,0.4544248878955841,-0.1406702846288681,0.9783319234848022,758,245
201,6700,15,0.7870017290115356,0.5301440358161926,0.042632199823856354,0.06546985357999802,755,286
201,6700,16,0.7875730395317078,0.5443769693374634,-0.11010530591011047,0.9141817092895508,756,293
201,6700,17,0.7895820140838623,0.5601716637611389,0.040151700377464294,0.0846426859498024,757,302
201,6700,18,0.783951997756958,0.5671355724334717,-0.12293577194213867,0.8472307324409485,752,306
201,6700,19,0.7883440852165222,0.5553223490715027,0.024488678202033043,0.08227601647377014,756,299
201,6700,20,0.7864463329315186,0.5689811706542969,-0.12488394230604172,0.8357497453689575,754,307
201,6700,21,0.7891630530357361,0.5462096929550171,0.03511872515082359,0.06733101606369019,757,294
201,6700,22,0.7869430780410767,0.5610709190368652,-0.1107712984085083,0.7603007555007935,755,302
201,6700,23,0.7808334231376648,0.527129054069519,0.057809676975011826,0.9999489188194275,749,284
201,6700,24,0.7770574688911438,0.5270223617553711,-0.05796599015593529,0.9999697804450989,745,284
201,6700,25,0.813752293586731,0.6301802396774292,0.0966833159327507,0.6955121159553528,781,340
201,6700,26,0.7496365308761597,0.6315574645996094,0.0008814586908556521,0.9465969800949097,719,341
201,6700,27,0.8308703303337097,0.7570529580116272,0.13269378244876862,0.9248016476631165,797,408
201,6700,28,0.70975261926651,0.7427729368209839,0.058828048408031464,0.971809983253479,681,401
201,6700,29,0.8260586857795715,0.7854902744293213,0.1322249472141266,0.8968824744224548,793,424
201,6700,30,0.6972405910491943,0.7639302611351013,0.06220395863056183,0.8712487816810608,669,412
201,6700,31,0.8624695539474487,0.7680480480194092,0.08588911592960358,0.9034688472747803,827,414
201,6700,32,0.7339916825294495,0.7786104083061218,0.0012912030797451735,0.9322152733802795,704,420
202,6733,0,0.8090981841087341,0.2905181348323822,-0.010334455408155918,0.9980464577674866,776,156
202,6733,1,0.8076502680778503,0.2791571021080017,-0.009045381098985672,0.9965087175369263,775,150
202,6733,2,0.8057370781898499,0.27828487753868103,-0.009210550226271152,0.9956154823303223,773,150
202,6733,3,0.8034201264381409,0.27739980816841125,-0.00914513785392046,0.9968036413192749,771,149
202,6733,4,0.8120278120040894,0.2804454267024994,-0.02852822095155716,0.9978120923042297,779,151
202,6733,5,0.8134190440177917,0.28048133850097656,-0.028710143640637398,0.9982530474662781,780,151
202,6733,6,0.8148164749145508,0.28053954243659973,-0.028786955401301384,0.9987645149230957,782,151
202,6733,7,0.7980805039405823,0.2807784080505371,-0.0006767157465219498,0.9978059530258179,766,151
202,6733,8,0.8132202625274658,0.28664928674697876,-0.08079864084720612,0.9981309175491333,780,154
202,6733,9,0.8051778078079224,0.2998351752758026,-0.0021674486342817545,0.997098982334137,772,161
202,6733,10,0.8085716962814331,0.30107197165489197,-0.028348930180072784,0.9980282783508301,776,162
202,6733,11,0.7853386998176575,0.3443829119205475,0.05081433057785034,0.9998025894165039,753,185
202,6733,12,0.7994051575660706,0.35222411155700684,-0.13190002739429474,0.9999313950538635,767,190
202,6733,13,0.783763587474823,0.44849666953086853,0.07350920885801315,0.06243190914392471,752,242
202,6733,14,0.7924891710281372,0.4556305706501007,-0.15916475653648376,0.9801232218742371,760,246
202,6733,15,0.7883909940719604,0.5294235944747925,0.042686376720666885,0.06690111756324768,756,285
202,6733,16,0.7971224188804626,0.5449424386024475,-0.13131016492843628,0.9204073548316956,765,294
202,6733,17,0.7944222688674927,0.5602218508720398,0.040795791894197464,0.0866161435842514,762,302
202,6733,18,0.7957735657691956,0.5693234205245972,-0.14585469663143158,0.85631263256073,763,307
202,6733,19,0.7932243943214417,0.5537081956863403,0.02455795928835869,0.0843014270067215,761,299
202,6733,20,0.8001126646995544,0.5697907209396362,-0.1454334855079651,0.8455357551574707,768,307
202,6733,21,0.7952015995979309,0.5460952520370483,0.0350564606487751,0.06886841356754303,763,294
202,6733,22,0.8011611104011536,0.5607667565345764,-0.13076427578926086,0.7721333503723145,769,302
202,6733,23,0.7944868803024292,0.5329285264015198,0.059462860226631165,0.9999508261680603,762,287
202,6733,24,0.78593909740448,0.5312935709953308,-0.05962264910340309,0.9999703764915466,754,286
202,6733,25,0.8219051957130432,0.6301932334899902,0.09086047857999802,0.7081438899040222,789,340
202,6733,26,0.7553964853286743,0.6335388422012329,0.0025572036392986774,0.9484828114509583,725,342
202,6733,27,0.8324524164199829,0.7579649686813354,0.11901199817657471,0.9305020570755005,799,409
202,6733,28,0.7146941423416138,0.7376185059547424,0.061294879764318466,0.9729418754577637,686,398
202,6733,29,0.8277145624160767,0.7872449159622192,0.11761796474456787,0.9039993286132812,794,425
202,6733,30,0.7013813853263855,0.7524980306625366,0.06476403027772903,0.8697836995124817,673,406
202,6733,31,0.8682015538215637,0.7722808718681335,0.06795117259025574,0.9107562303543091,833,417
202,6733,32,0.7350162863731384,0.7786031365394592,0.007746300660073757,0.9354484677314758,705,420
203,6766,0,0.8117673397064209,0.29102474451065063,-0.02602975256741047,0.9979609251022339,779,157
203,6766,1,0.8099476099014282,0.27945074439048767,-0.020911622792482376,0.9961110949516296,777,150
203,6766,2,0.8080787658691406,0.2784848213195801,-0.02107592672109604,0.9951443076133728,775,150
203,6766,3,0.8060171008110046,0.2775318920612335,-0.02101832814514637,0.9964374303817749,773,149
203,6766,4,0.8144683837890625,0.28114381432533264,-0.0421542152762413,0.9975839257240295,781,151
203,6766,5,0.8157949447631836,0.28129497170448303,-0.04233662411570549,0.9981086254119873,783,151
203,6766,6,0.817194402217865,0.2813971936702728,-0.04242030158638954,0.998650312423706,784,151
203,6766,7,0.7993886470794678,0.2805337607860565,-0.0006523350020870566,0.9975351691246033,767,151
203,6766,8,0.8135524988174438,0.2871722877025604,-0.08835849910974503,0.9979861974716187,781,155
203,6766,9,0.8073326945304871,0.30048292875289917,-0.012354794889688492,0.9969884157180786,775,162
203,6766,10,0.8107210397720337,0.3021830916404724,-0.041019782423973083,0.9979814291000366,778,163
203,6766,11,0.7875493764877319,0.3445459306240082,0.057445768266916275,0.9998094439506531,756,186
203,6766,12,0.79674232006073,0.35207128524780273,-0.13742519915103912,0.9999353885650635,764,190
203,6766,13,0.7887371182441711,0.4478221535682678,0.08419845253229141,0.06006443500518799,757,241
203,6766,14,0.7912985682487488,0.4562643766403198,-0.16512824594974518,0.9818560481071472,759,246
203,6766,15,0.802596926689148,0.5342050790786743,0.04487568885087967,0.07053843885660172,770,288
203,6766,16,0.7971485257148743,0.5455162525177002,-0.14305634796619415,0.9275944828987122,765,294
203,6766,17,0.8015048503875732,0.5553979873657227,0.042950019240379333,0.09197558462619781,769,299
203,6766,18,0.7933575510978699,0.5704400539398193,-0.15955987572669983,0.8685511350631714,761,308
203,6766,19,0.8042686581611633,0.5527957677841187,0.02490471489727497,0.09010516107082367,772,298
203,6766,20,0.8011809587478638,0.5716559886932373,-0.15898115932941437,0.8587558269500732,769,308
203,6766,21,0.8060422539710999,0.5454919338226318,0.03625110164284706,0.07380525767803192,773,294
203,6766,22,0.802821695804596,0.5619441270828247,-0.1423531025648117,0.7903121113777161,770,303
203,6766,23,0.793329119682312,0.5319278240203857,0.06065082177519798,0.9999513030052185,761,287
203,6766,24,0.7872440814971924,0.5305952429771423,-0.060819949954748154,0.999970018863678,755,286
203,6766,25,0.8243533372879028,0.6296349763870239,0.07935034483671188,0.7181376814842224,791,340
203,6766,26,0.7600615620613098,0.6332762837409973,-0.0019681795965880156,0.9491523504257202,729,341
203,6766,27,0.8332229256629944,0.7567837834358215,0.10475718230009079,0.9353651404380798,799,408
203,6766,28,0.7159693837165833,0.7328110933303833,0.061032235622406006,0.9736689329147339,687,395
203,6766,29,0.8265401721000671,0.7865350246429443,0.10301001369953156,0.9097801446914673,793,424
203,6766,30,0.7028324604034424,0.7455857992172241,0.06468957662582397,0.8667612075805664,674,402
203,6766,31,0.8664891123771667,0.7736855745315552,0.050825513899326324,0.9171909689903259,831,417
203,6766,32,0.7341153025627136,0.7789908647537231,0.010471468791365623,0.9381793141365051,704,420
204,6800,0,0.819919228553772,0.29079335927963257,-0.029751010239124298,0.9978988766670227,787,157
204,6800,1,0.818260133266449,0.2793201208114624,-0.02544054016470909,0.9960108995437622,785,150
204,6800,2,0.8165532946586609,0.27837663888931274,-0.025612106546759605,0.9950103163719177,783,150
204,6800,3,0.8147411346435547,0.2774595320224762,-0.025563517585396767,0.996364951133728,782,149
204,6800,4,0.8227827548980713,0.28082457184791565,-0.04409574717283249,0.997474193572998,789,151
204,6800,5,0.8237262964248657,0.2808360159397125,-0.044276490807533264,0.9979965090751648,790,151
204,6800,6,0.8248279690742493,0.2807886600494385,-0.044361602514982224,0.9985557198524475,791,151
204,6800,7,0.8096083402633667,0.28048425912857056,-0.002257797634229064,0.9975233674049377,777,151
204,6800,8,0.8223869204521179,0.28619956970214844,-0.0866391658782959,0.9978417754173279,789,154
204,6800,9,0.8157985210418701,0.30026698112487793,-0.01674472726881504,0.9968937635421753,783,162
204,6800,10,0.8186560273170471,0.30208340287208557,-0.04231324419379234,0.9978572130203247,785,163
204,6800,11,0.7921675443649292,0.3445287048816681,0.05728485807776451,0.9998160600662231,760,186
204,6800,12,0.8084753751754761,0.35317304730415344,-0.1328943520784378,0.9999321103096008,776,190
204,6800,13,0.7922626733779907,0.44741782546043396,0.08172270655632019,0.05787878483533859,760,241
204,6800,14,0.8038934469223022,0.45675286650657654,-0.16400589048862457,0.9825122952461243,771,246
204,6800,15,0.8010343909263611,0.534609317779541,0.044359803199768066,0.0694868266582489,768,288
204,6800,16,0.8091126680374146,0.5454455614089966,-0.11866983771324158,0.9226139783859253,776,294
204,6800,17,0.8055027723312378,0.5608721971511841,0.042943842709064484,0.09104735404253006,773,302
204,6800,18,0.8085565567016602,0.5705103278160095,-0.13144336640834808,0.8560973405838013,776,308
204,6800,19,0.8077120184898376,0.559570848941803,0.026273824274539948,0.08899356424808502,775,302
204,6800,20,0.8121989965438843,0.5717416405677795,-0.13005340099334717,0.8456757664680481,779,308
204,6800,21,0.8074331879615784,0.5522405505180359,0.03627163916826248,0.0726393461227417,775,298
204,6800,22,0.8128005862236023,0.562911331653595,-0.11746170371770859,0.7726750373840332,780,303
204,6800,23,0.7995322942733765,0.5325329303741455,0.060347262769937515,0.9999542832374573,767,287
204,6800,24,0.7939342856407166,0.5324915647506714,-0.06050979718565941,0.999971330165863,762,287
204,6800,25,0.8233393430709839,0.6415320634841919,0.1277361661195755,0.723993182182312,790,346
204,6800,26,0.7743490934371948,0.6380628943443298,0.0013508269330486655,0.9527890086174011,743,344
204,6800,27,0.8295103311538696,0.756885290145874,0.18732309341430664,0.9399929642677307,796,408
204,6800,28,0.720791757106781,0.7268166542053223,0.08001435548067093,0.9756253361701965,691,392
204,6800,29,0.8236725926399231,0.7850357890129089,0.18903936445713043,0.9150434732437134,790,423
204,6800,30,0.707951545715332,0.7315605878829956,0.08590932935476303,0.8727646470069885,679,395
204,6800,31,0.8630218505859375,0.7793028354644775,0.14649717509746552,0.9230255484580994,828,420
204,6800,32,0.7330729961395264,0.7823677062988281,0.04391997307538986,0.9428650140762329,703,422
205,6833,0,0.8213920593261719,0.2906891107559204,-0.019004810601472855,0.9974706768989563,788,156
205,6833,1,0.8191348910331726,0.279265433549881,-0.016332071274518967,0.9951045513153076,786,150
205,6833,2,0.8172048330307007,0.2783133089542389,-0.01650022156536579,0.9939702749252319,784,150
205,6833,3,0.8151414394378662,0.27742859721183777,-0.016454648226499557,0.9956291317939758,782,149
205,6833,4,0.823837399482727,0.28065353631973267,-0.034735098481178284,0.9968045949935913,790,151
205,6833,5,0.8251808881759644,0.28064823150634766,-0.03490632027387619,0.9974885582923889,792,151
205,6833,6,0.8266245126724243,0.2806268334388733,-0.03499063104391098,0.9981440305709839,793,151
205,6833,7,0.8081884980201721,0.28023579716682434,0.0013890373520553112,0.9972043633460999,775,151
205,6833,8,0.8252092003822327,0.2861446142196655,-0.08265583217144012,0.9974334836006165,792,154
205,6833,9,0.8167568445205688,0.30008870363235474,-0.00832401029765606,0.9964264631271362,784,162
205,6833,10,0.8203287720680237,0.3018935024738312,-0.033692989498376846,0.9974625110626221,787,163
205,6833,11,0.7924540638923645,0.3439777195453644,0.05584670975804329,0.9998211860656738,760,185
205,6833,12,0.808963418006897,0.35295677185058594,-0.13119949400424957,0.999930739402771,776,190
205,6833,13,0.7937399744987488,0.4450618028640747,0.07941443473100662,0.05604208633303642,761,240
205,6833,14,0.8047467470169067,0.4573417007923126,-0.15743854641914368,0.9834349751472473,772,246
205,6833,15,0.7990029454231262,0.534072995185852,0.04332246258854866,0.06888939440250397,767,288
205,6833,16,0.8095188140869141,0.5451218485832214,-0.10746068507432938,0.9233335852622986,777,294
205,6833,17,0.7999719977378845,0.5606502294540405,0.041405148804187775,0.09044724702835083,767,302
205,6833,18,0.8087573647499084,0.5704068541526794,-0.11949305236339569,0.8543330430984497,776,308
205,6833,19,0.8018327355384827,0.5577853322029114,0.026096170768141747,0.0880102589726448,769,301
205,6833,20,0.8113775253295898,0.5719873309135437,-0.11857612431049347,0.8438440561294556,778,308
205,6833,21,0.8022758364677429,0.5514788627624512,0.035817135125398636,0.07150775194168091,770,297
205,6833,22,0.8118894696235657,0.5625468492507935,-0.10629748553037643,0.768505334854126,779,303
205,6833,23,0.7986780405044556,0.5319546461105347,0.06082217022776604,0.9999575018882751,766,287
205,6833,24,0.7948411107063293,0.5319033265113831,-0.06098126992583275,0.9999728202819824,763,287
205,6833,25,0.8266594409942627,0.6404378414154053,0.1311293989419937,0.7419942617416382,793,345
205,6833,26,0.7772954106330872,0.6387632489204407,-0.008978402242064476,0.956682562828064,746,344
205,6833,27,0.8304628133773804,0.7557231783866882,0.1899266391992569,0.9455406665802002,797,408
205,6833,28,0.7229655385017395,0.7250291109085083,0.07390591502189636,0.9776902198791504,694,391
205,6833,29,0.8238762617111206,0.7849216461181641,0.19139491021633148,0.9224748015403748,790,423
205,6833,30,0.7097910642623901,0.7288281917572021,0.0787789449095726,0.8811529278755188,681,393
205,6833,31,0.862606406211853,0.7777953743934631,0.1468394547700882,0.9298607110977173,828,420
205,6833,32,0.7343901991844177,0.7825862169265747,0.036377906799316406,0.9476436376571655,705,422
206,6866,0,0.8282248973846436,0.2885286211967468,-0.019397402182221413,0.9966696500778198,795,155
206,6866,1,0.8262201547622681,0.2770211696624756,-0.016512205824255943,0.9934442043304443,793,149
206,6866,2,0.8242835402488708,0.27601319551467896,-0.016672741621732712,0.9917526245117188,791,149
206,6866,3,0.8223214745521545,0.27513620257377625,-0.016627691686153412,0.9940199851989746,789,148
206,6866,4,0.8314231038093567,0.27851438522338867,-0.03396910801529884,0.9957435131072998,798,150
206,6866,5,0.832907497882843,0.27849236130714417,-0.03414446860551834,0.9966058731079102,799,150
206,6866,6,0.8342133164405823,0.2784413695335388,-0.034232016652822495,0.997527539730072,800,150
206,6866,7,0.8168659210205078,0.2775873839855194,0.0047449991106987,0.9961167573928833,784,149
206,6866,8,0.8318482637405396,0.2829001247882843,-0.07140757888555527,0.9965609908103943,798,152
206,6866,9,0.823858916759491,0.29794806241989136,-0.008439930155873299,0.9951360821723938,790,160
206,6866,10,0.8276453018188477,0.29951125383377075,-0.0324530228972435,0.9965879321098328,794,161
206,6866,11,0.7978677749633789,0.3437306582927704,0.055847372859716415,0.9997995495796204,765,185
206,6866,12,0.8160257339477539,0.35132285952568054,-0.10999789088964462,0.9999191164970398,783,189
206,6866,13,0.7936804890632629,0.4442424774169922,0.07652889937162399,0.05293203517794609,761,239
206,6866,14,0.8093261122703552,0.45673248171806335,-0.1373520940542221,0.9835830926895142,776,246
206,6866,15,0.8062484860420227,0.5300374031066895,0.04044328257441521,0.06586356461048126,773,286
206,6866,16,0.8144405484199524,0.544969916343689,-0.10892878472805023,0.9212168455123901,781,294
206,6866,17,0.8128107190132141,0.5596733093261719,0.03877449780702591,0.08678777515888214,780,302
206,6866,18,0.8123683333396912,0.5701114535331726,-0.12126399576663971,0.8480443954467773,779,307
206,6866,19,0.8127710223197937,0.5570560693740845,0.023664163425564766,0.08442303538322449,780,300
206,6866,20,0.8170653581619263,0.5716917514801025,-0.1206674575805664,0.8373576402664185,784,308
206,6866,21,0.813032329082489,0.5492801070213318,0.033255405724048615,0.06852191686630249,780,296
206,6866,22,0.8179019689559937,0.5622580647468567,-0.10813222080469131,0.7594541311264038,785,303
206,6866,23,0.8072294592857361,0.5315139293670654,0.05662156641483307,0.9999569654464722,774,287
206,6866,24,0.808586061000824,0.5315355658531189,-0.056783683598041534,0.999971866607666,776,287
206,6866,25,0.8294514417648315,0.6421065330505371,0.11114966869354248,0.7411564588546753,796,346
206,6866,26,0.789311408996582,0.6379483938217163,-0.009367314167320728,0.9585886001586914,757,344
206,6866,27,0.8329642415046692,0.7549193501472473,0.15906265377998352,0.948754608631134,799,407
206,6866,28,0.7305468916893005,0.714275598526001,0.07115166634321213,0.9789323210716248,701,385
206,6866,29,0.8249152898788452,0.7837105989456177,0.15930968523025513,0.9244716763496399,791,423
206,6866,30,0.7127816081047058,0.712898313999176,0.07771971821784973,0.8828497529029846,684,384
206,6866,31,0.8614652752876282,0.7771806716918945,0.11166508495807648,0.9337717294692993,827,419
206,6866,32,0.7362391352653503,0.7824044227600098,0.03308379277586937,0.9507360458374023,706,422
207,6900,0,0.8292692303657532,0.2884875237941742,-0.021572401747107506,0.9954537153244019,796,155
207,6900,1,0.8280165195465088,0.2768222987651825,-0.01722177490592003,0.9909136891365051,794,149
207,6900,2,0.8262439370155334,0.2758471667766571,-0.01739201880991459,0.98841392993927,793,148
207,6900,3,0.823897123336792,0.27498185634613037,-0.01735285297036171,0.9916143417358398,790,148
207,6900,4,0.8320046663284302,0.2780609428882599,-0.034043896943330765,0.994301438331604,798,150
207,6900,5,0.8331775665283203,0.2779597342014313,-0.03421250358223915,0.9954683780670166,799,150
207,6900,6,0.8343945741653442,0.27786874771118164,-0.034286018460989,0.9967201948165894,801,150
207,6900,7,0.8176774978637695,0.2773534655570984,0.004726874176412821,0.9946372509002686,784,149
207,6900,8,0.8316537141799927,0.282707542181015,-0.06897274404764175,0.9955008029937744,798,152
207,6900,9,0.8249508738517761,0.2978484630584717,-0.00924710649996996,0.9936364889144897,791,160
207,6900,10,0.8282632231712341,0.2992709279060364,-0.03255203738808632,0.9956042766571045,795,161
207,6900,11,0.8037629723548889,0.3427491784095764,0.05810565501451492,0.9997793436050415,771,185
207,6900,12,0.8162118792533875,0.3461085557937622,-0.1107240691781044,0.9999132752418518,783,186
207,6900,13,0.8043577671051025,0.4428669512271881,0.07886774092912674,0.0506921261548996,772,239
207,6900,14,0.8124226927757263,0.45591601729393005,-0.13773038983345032,0.9845213890075684,779,246
207,6900,15,0.8143419623374939,0.5278024673461914,0.049181561917066574,0.06380566209554672,781,285
207,6900,16,0.8150487542152405,0.5447289347648621,-0.1163787692785263,0.9253721833229065,782,294
207,6900,17,0.8195251822471619,0.5592162609100342,0.049495212733745575,0.08479137718677521,786,301
207,6900,18,0.8135693669319153,0.5699252486228943,-0.13060711324214935,0.8540038466453552,781,307
207,6900,19,0.8218746185302734,0.557296872138977,0.03410825878381729,0.08245493471622467,788,300
207,6900,20,0.8187154531478882,0.5716390609741211,-0.13010290265083313,0.8440330028533936,785,308
207,6900,21,0.8209950923919678,0.5497726202011108,0.04234188422560692,0.06700040400028229,788,296
207,6900,22,0.8188743591308594,0.5632473826408386,-0.11591468751430511,0.7679722905158997,786,304
207,6900,23,0.8119919300079346,0.5311068892478943,0.05664877966046333,0.999958336353302,779,286
207,6900,24,0.8060609698295593,0.5299244523048401,-0.05680603161454201,0.9999724626541138,773,286
207,6900,25,0.8340281844139099,0.641304075717926,0.11186988651752472,0.7441960573196411,800,346
207,6900,26,0.794265866279602,0.6374826431274414,-0.04259408265352249,0.9618983864784241,762,344
207,6900,27,0.83375084400177,0.7543150186538696,0.16368722915649414,0.9522362351417542,800,407
207,6900,28,0.7340155243873596,0.7109255790710449,0.04456942901015282,0.9803370237350464,704,383
207,6900,29,0.8245203495025635,0.7826887369155884,0.1646437793970108,0.9284191727638245,791,422
207,6900,30,0.7169433236122131,0.7077799439430237,0.0526568777859211,0.8877678513526917,688,382
207,6900,31,0.863633394241333,0.7775542736053467,0.12219499051570892,0.9379065632820129,829,419
207,6900,32,0.736445426940918,0.7797952890396118,0.019639259204268456,0.9542204737663269,706,421
208,6933,0,0.8359380960464478,0.2884509563446045,-0.009380463510751724,0.9941121935844421,802,155
208,6933,1,0.8345279097557068,0.2767814099788666,-0.007560476195067167,0.9882687330245972,801,149
208,6933,2,0.8325173854827881,0.2758132517337799,-0.007710217498242855,0.9848857522010803,799,148
208,6933,3,0.8303105235099792,0.2748565971851349,-0.007666319143027067,0.9888419508934021,797,148
208,6933,4,0.8393375873565674,0.2780330181121826,-0.022010130807757378,0.9928827881813049,805,150
208,6933,5,0.8409649133682251,0.2779439091682434,-0.02219623513519764,0.9943669438362122,807,150
208,6933,6,0.842648446559906,0.2778603136539459,-0.022290969267487526,0.9960022568702698,808,150
208,6933,7,0.8245952129364014,0.27726608514785767,0.006593568250536919,0.9929324388504028,791,149
208,6933,8,0.8414262533187866,0.2827291488647461,-0.05923360958695412,0.9946606755256653,807,152
208,6933,9,0.8319466710090637,0.29748260974884033,-0.0003902945318259299,0.9919923543930054,798,160
208,6933,10,0.8355591297149658,0.29894769191741943,-0.020411724224686623,0.9946721792221069,802,161
208,6933,11,0.805589497089386,0.3425186574459076,0.05553392693400383,0.9997508525848389,773,184
208,6933,12,0.8298670053482056,0.3494236469268799,-0.09680629521608353,0.9999028444290161,796,188
208,6933,13,0.8013851046562195,0.44104400277137756,0.0689038559794426,0.04889528080821037,769,238
208,6933,14,0.8235132694244385,0.4558230936527252,-0.11108308285474777,0.9845267534255981,790,246
208,6933,15,0.8135996460914612,0.5287883281707764,0.040492963045835495,0.06046633422374725,781,285
208,6933,16,0.8238942623138428,0.5446389317512512,-0.07904822379350662,0.9242724776268005,790,294
208,6933,17,0.8157680034637451,0.5572990775108337,0.04038970544934273,0.08057571202516556,783,300
208,6933,18,0.8223994970321655,0.5698437094688416,-0.0887407436966896,0.8489494919776917,789,307
208,6933,19,0.8185838460922241,0.5568627119064331,0.027062175795435905,0.07824240624904633,785,300
208,6933,20,0.8236798048019409,0.5719002485275269,-0.08943291753530502,0.8388972878456116,790,308
208,6933,21,0.8183220028877258,0.5493723750114441,0.03458451107144356,0.06359575688838959,785,296
208,6933,22,0.8244232535362244,0.5633558630943298,-0.07860054820775986,0.7617192268371582,791,304
208,6933,23,0.8164344429969788,0.5287168622016907,0.05111661180853844,0.9999586939811707,783,285
208,6933,24,0.8163923025131226,0.5289697051048279,-0.05127491056919098,0.9999725222587585,783,285
208,6933,25,0.8305141925811768,0.6404231786727905,0.10691584646701813,0.754736065864563,797,345
208,6933,26,0.8056698441505432,0.6374030113220215,-0.019100505858659744,0.963975727558136,773,344
208,6933,27,0.8349282741546631,0.7549849152565002,0.15996308624744415,0.9555818438529968,801,407
208,6933,28,0.7483789920806885,0.7064725160598755,0.06601693481206894,0.9815137386322021,718,381
208,6933,29,0.826289713382721,0.7821491956710815,0.1613818258047104,0.931032121181488,793,422
208,6933,30,0.732373833656311,0.7010484933853149,0.07319488376379013,0.8914062976837158,703,378
208,6933,31,0.8591645359992981,0.7783113718032837,0.11954270303249359,0.9411398768424988,824,420
208,6933,32,0.7417755722999573,0.7747639417648315,0.04083124175667763,0.9567270278930664,712,418
209,6966,0,0.8374273180961609,0.286947637796402,-0.010036010295152664,0.9939737915992737,803,154
209,6966,1,0.8353890180587769,0.27503207325935364,-0.00991785153746605,0.9881406426429749,801,148
209,6966,2,0.8332441449165344,0.27402010560035706,-0.010079379193484783,0.9848029017448425,799,147
209,6966,3,0.8309243321418762,0.2730579972267151,-0.010035580024123192,0.9888258576393127,797,147
209,6966,4,0.8406585454940796,0.27688270807266235,-0.02343263104557991,0.9927242994308472,807,149
209,6966,5,0.8423537015914917,0.2770944833755493,-0.02361954376101494,0.9942129254341125,808,149
209,6966,6,0.8441460728645325,0.2772505283355713,-0.023726055398583412,0.9958637952804565,810,149
209,6966,7,0.824599027633667,0.2757423520088196,-0.00030529143987223506,0.9930465221405029,791,148
209,6966,8,0.8425732851028442,0.28287118673324585,-0.06343307346105576,0.9944778680801392,808,152
209,6966,9,0.832848310470581,0.29688018560409546,-0.002848282689228654,0.9920110106468201,799,160
209,6966,10,0.836854875087738,0.29873737692832947,-0.022509779781103134,0.9945745468139648,803,161
209,6966,11,0.806338906288147,0.34208571910858154,0.04616003856062889,0.9997548460960388,774,184
209,6966,12,0.8294936418533325,0.35093429684638977,-0.10102376341819763,0.9998928904533386,796,189
209,6966,13,0.8067035675048828,0.4409554600715637,0.060674287378787994,0.04785262793302536,774,238
209,6966,14,0.8261818289756775,0.4570067524909973,-0.11138024926185608,0.9845744371414185,793,246
209,6966,15,0.8199546933174133,0.5348756909370422,0.03315705433487892,0.057641688734292984,787,288
209,6966,16,0.8273832201957703,0.5456773638725281,-0.07505176961421967,0.9168928861618042,794,294
209,6966,17,0.8211730718612671,0.5586353540420532,0.03229266777634621,0.07703134417533875,788,301
209,6966,18,0.8260772824287415,0.5703110694885254,-0.08456088602542877,0.8352405428886414,793,307
209,6966,19,0.8238587975502014,0.5588631629943848,0.01939736120402813,0.07464064657688141,790,301
209,6966,20,0.8265597224235535,0.5723350644111633,-0.08580572158098221,0.8245270252227783,793,309
209,6966,21,0.8236264586448669,0.5516961216926575,0.02748105488717556,0.0605948232114315,790,297
209,6966,22,0.8272050619125366,0.5636453628540039,-0.07486040890216827,0.7442337274551392,794,304
209,6966,23,0.8152738809585571,0.5272498726844788,0.05067625269293785,0.9999605417251587,782,284
209,6966,24,0.8159586787223816,0.5277982354164124,-0.0508352555334568,0.9999729990959167,783,285
209,6966,25,0.8306595683097839,0.6398610472679138,0.10702955722808838,0.7707543969154358,797,345
209,6966,26,0.8095853924751282,0.637446939945221,-0.0006862145964987576,0.9668982028961182,777,344
209,6966,27,0.8367233276367188,0.7556746602058411,0.16001367568969727,0.9593659043312073,803,408
209,6966,28,0.7515037655830383,0.7032932043075562,0.08774010092020035,0.9829956889152527,721,379
209,6966,29,0.8259531855583191,0.7835990190505981,0.16130444407463074,0.9357966780662537,792,423
209,6966,30,0.7360902428627014,0.6981486082077026,0.09518242627382278,0.8979659080505371,706,377
209,6966,31,0.8641663193702698,0.7784387469291687,0.12023843079805374,0.9457230567932129,829,420
209,6966,32,0.7447212934494019,0.770677924156189,0.06529580801725388,0.9600710868835449,714,416
210,7000,0,0.8470785617828369,0.2829853296279907,-0.012156912125647068,0.9939923882484436,813,152
210,7000,1,0.8449212312698364,0.271842896938324,-0.011706420220434666,0.9882530570030212,811,146
210,7000,2,0.842957079410553,0.27115052938461304,-0.011864189989864826,0.984798789024353,809,146
210,7000,3,0.8408146500587463,0.27049726247787476,-0.011819582432508469,0.9888221025466919,807,146
210,7000,4,0.8493221402168274,0.27310895919799805,-0.026113349944353104,0.9929460287094116,815,147
210,7000,5,0.8505839705467224,0.2732725441455841,-0.026301035657525063,0.9943878054618835,816,147
210,7000,6,0.8518551588058472,0.27336952090263367,-0.026397254317998886,0.9960321187973022,817,147
210,7000,7,0.8350193500518799,0.2744655907154083,0.004057061392813921,0.9928586483001709,801,148
210,7000,8,0.8497318625450134,0.2793515920639038,-0.05792183056473732,0.9946110844612122,815,150
210,7000,9,0.8428778052330017,0.2939060926437378,-0.00428329361602664,0.9917275309562683,809,158
210,7000,10,0.8463888764381409,0.2948361337184906,-0.024380216374993324,0.9945293664932251,812,159
210,7000,11,0.8189871907234192,0.3376171290874481,0.053015533834695816,0.9997218251228333,786,182
210,7000,12,0.8400222063064575,0.3480389416217804,-0.09088688343763351,0.9998952746391296,806,187
210,7000,13,0.8169869780540466,0.43006977438926697,0.06859160214662552,0.04420948773622513,784,232
210,7000,14,0.835120439529419,0.448725163936615,-0.10059202462434769,0.9848015308380127,801,242
210,7000,15,0.8281055092811584,0.5106710195541382,0.04228680953383446,0.05261683836579323,794,275
210,7000,16,0.8432248830795288,0.5368659496307373,-0.07441076636314392,0.9208638668060303,809,289
210,7000,17,0.8285953998565674,0.528101921081543,0.042347755283117294,0.07060204446315765,795,285
210,7000,18,0.8423394560813904,0.5588686466217041,-0.08539989590644836,0.8427205681800842,808,301
210,7000,19,0.8317898511886597,0.52778160572052,0.029165131971240044,0.06840132176876068,798,285
210,7000,20,0.8438356518745422,0.5612571835517883,-0.08581491559743881,0.8323656916618347,810,303
210,7000,21,0.8321800231933594,0.5217892527580261,0.036606911569833755,0.055633336305618286,798,281
210,7000,22,0.8440688848495483,0.5524498820304871,-0.07391586899757385,0.7542404532432556,810,298
210,7000,23,0.8161267638206482,0.5170755386352539,0.047174468636512756,0.9999600052833557,783,279
210,7000,24,0.8235178589820862,0.5143574476242065,-0.047334954142570496,0.9999732375144958,790,277
210,7000,25,0.8357366919517517,0.6332446932792664,0.07244075834751129,0.7689969539642334,802,341
210,7000,26,0.8249771595001221,0.6323973536491394,-0.0135957607999444,0.9676640629768372,791,341
210,7000,27,0.8366830945014954,0.756405770778656,0.09020395576953888,0.9599493741989136,803,408
210,7000,28,0.7671982645988464,0.706990122795105,0.04299820587038994,0.9834005832672119,736,381
210,7000,29,0.8269081711769104,0.7846663594245911,0.08827390521764755,0.933824360370636,793,423
210,7000,30,0.754845917224884,0.7043318152427673,0.047808289527893066,0.8986576795578003,724,380
210,7000,31,0.8432565331459045,0.7894461750984192,0.04845774173736572,0.9465200901031494,809,426
210,7000,32,0.7620398998260498,0.7643712162971497,0.02040850929915905,0.9616146683692932,731,412
211,7033,0,0.8523036241531372,0.2786112129688263,-0.04543639346957207,0.9944692850112915,818,150
211,7033,1,0.8493255972862244,0.2682926654815674,-0.04166972637176514,0.9893093705177307,815,144
211,7033,2,0.847591757774353,0.2676757276058197,-0.04181395843625069,0.986189603805542,813,144
211,7033,3,0.845755934715271,0.26713278889656067,-0.04177633300423622,0.9898449778556824,811,144
211,7033,4,0.8520728945732117,0.2695956826210022,-0.057795632630586624,0.9935691952705383,817,145
211,7033,5,0.8525024056434631,0.26983997225761414,-0.057982221245765686,0.9948857426643372,818,145
211,7033,6,0.853004515171051,0.2699851095676422,-0.058044854551553726,0.9963842034339905,818,145
211,7033,7,0.8387242555618286,0.27181553840637207,-0.016817452386021614,0.9935175180435181,805,146
211,7033,8,0.8494052290916443,0.2756780683994293,-0.08799164742231369,0.995078980922699,815,148
211,7033,9,0.8472053408622742,0.29028892517089844,-0.03222687914967537,0.992426335811615,813,156
211,7033,10,0.8496705889701843,0.29071423411369324,-0.054156918078660965,0.9949818253517151,815,156
211,7033,11,0.8224105834960938,0.33649688959121704,0.038459017872810364,0.9997251629829407,789,181
211,7033,12,0.8395313024520874,0.34803852438926697,-0.11024578660726547,0.9998967051506042,805,187
211,7033,13,0.8202333450317383,0.43137428164482117,0.06227690726518631,0.045057494193315506,787,232
211,7033,14,0.8360671997070312,0.4503924250602722,-0.10110913962125778,0.9839511513710022,802,243
211,7033,15,0.8320987820625305,0.5142464637756348,0.03298036754131317,0.05066922679543495,798,277
211,7033,16,0.8450584411621094,0.5364280939102173,-0.08007387071847916,0.9243634939193726,811,289
211,7033,17,0.833824872970581,0.533973753452301,0.033518414944410324,0.06926782429218292,800,288
211,7033,18,0.8440563082695007,0.5587447285652161,-0.09310278296470642,0.8518785834312439,810,301
211,7033,19,0.837530791759491,0.5327335000038147,0.017992563545703888,0.06708161532878876,804,287
211,7033,20,0.8471195101737976,0.5583115816116333,-0.0940295159816742,0.841559112071991,813,301
211,7033,21,0.8374052047729492,0.5272838473320007,0.026289934292435646,0.05524695664644241,803,284
211,7033,22,0.8458179831504822,0.5509877800941467,-0.08072958141565323,0.7673755884170532,811,297
211,7033,23,0.8191742300987244,0.513127863407135,0.0482884980738163,0.9999613761901855,786,277
211,7033,24,0.8272126913070679,0.5123727321624756,-0.048450253903865814,0.9999744892120361,794,276
211,7033,25,0.8337594270706177,0.633025586605072,0.08397360146045685,0.7891148924827576,800,341
211,7033,26,0.8345943093299866,0.6324220895767212,0.009724150411784649,0.9699591994285583,801,341
211,7033,27,0.7805187702178955,0.7062576413154602,0.1160111203789711,0.9628620147705078,749,381
211,7033,28,0.8333355784416199,0.7502015829086304,0.059930577874183655,0.9849019050598145,800,405
211,7033,29,0.7621506452560425,0.7095527648925781,0.11653879284858704,0.9379686117172241,731,383
211,7033,30,0.8232946395874023,0.778661847114563,0.06329570710659027,0.9077416658401489,790,420
211,7033,31,0.7709635496139526,0.7745110988616943,0.07986612617969513,0.9501895904541016,740,418
211,7033,32,0.8642095327377319,0.7738944292068481,0.02874235063791275,0.9648534059524536,829,417
212,7066,0,0.8531221747398376,0.278364896774292,0.012666208669543266,0.9949527978897095,818,150
212,7066,1,0.8504056334495544,0.2675439119338989,0.005294530186802149,0.9902955293655396,816,144
212,7066,2,0.8481023907661438,0.2667798399925232,0.005163426045328379,0.9874845147132874,814,144
212,7066,3,0.8457047939300537,0.26609471440315247,0.0052012852393090725,0.9907863736152649,811,143
212,7066,4,0.855334997177124,0.26910439133644104,-0.004569941200315952,0.99416184425354,821,145
212,7066,5,0.8567816615104675,0.269405335187912,-0.004744996782392263,0.9953650832176208,822,145
212,7066,6,0.8583346009254456,0.269673615694046,-0.004775473847985268,0.9967228174209595,824,145
212,7066,7,0.8399133086204529,0.2709469497203827,-0.012118339538574219,0.9941310286521912,806,146
212,7066,8,0.8592037558555603,0.27610042691230774,-0.05961041897535324,0.9955450892448425,824,149
212,7066,9,0.8485457301139832,0.2892259657382965,0.010517379269003868,0.9931327700614929,814,156
212,7066,10,0.8525372743606567,0.2904326021671295,-0.0032942115794867277,0.995451033115387,818,156
212,7066,11,0.8183836340904236,0.33659330010414124,0.01759442687034607,0.9997484087944031,785,181
212,7066,12,0.8535539507865906,0.348391592502594,-0.08267147094011307,0.9999060034751892,819,188
212,7066,13,0.8118638396263123,0.43084537982940674,0.03848624974489212,0.056081563234329224,779,232
212,7066,14,0.8504444360733032,0.45222577452659607,-0.07904090732336044,0.9833763837814331,816,244
212,7066,15,0.8231686353683472,0.5111191272735596,0.030402865260839462,0.055596668273210526,790,276
212,7066,16,0.8550992608070374,0.5367938280105591,-0.051275864243507385,0.9303937554359436,820,289
212,7066,17,0.8251957297325134,0.5306926369667053,0.03046521544456482,0.07852401584386826,792,286
212,7066,18,0.8556206226348877,0.5590474605560303,-0.05992746353149414,0.8643919229507446,821,301
212,7066,19,0.8280395269393921,0.530695915222168,0.017724191769957542,0.07589412480592728,794,286
212,7066,20,0.8569253087043762,0.5585989356040955,-0.06263548880815506,0.8548301458358765,822,301
212,7066,21,0.828088104724884,0.5240374803543091,0.025453519076108932,0.06247732415795326,794,282
212,7066,22,0.8563963174819946,0.5513601899147034,-0.05195293575525284,0.7863988876342773,822,297
212,7066,23,0.8215869665145874,0.5141739249229431,0.040428027510643005,0.9999639987945557,788,277
212,7066,24,0.8386605978012085,0.5161348581314087,-0.04059196263551712,0.999976634979248,805,278
212,7066,25,0.8328343629837036,0.6204689145088196,0.144816055893898,0.8006301522254944,799,335
212,7066,26,0.8440960049629211,0.6359786987304688,0.031497396528720856,0.9721606969833374,810,343
212,7066,27,0.7968353629112244,0.6829206943511963,0.22541317343711853,0.9640238285064697,764,368
212,7066,28,0.8360903859138489,0.7563649415969849,0.07693754881620407,0.9862424731254578,802,408
212,7066,29,0.7833545207977295,0.6913175582885742,0.23155972361564636,0.9408187866210938,752,373
212,7066,30,0.8265506625175476,0.7829761505126953,0.07985483109951019,0.9160454869270325,793,422
212,7066,31,0.7961848974227905,0.7273849844932556,0.2167702317237854,0.9506725072860718,764,392
212,7066,32,0.8705237507820129,0.7795182466506958,0.04308752343058586,0.9675392508506775,835,420
213,7100,0,0.8529543280601501,0.2785835862159729,0.02057064138352871,0.9951968789100647,818,150
213,7100,1,0.8504825830459595,0.26729777455329895,0.013241801410913467,0.9909784197807312,816,144
213,7100,2,0.848142683506012,0.26636046171188354,0.013101610355079174,0.9884389042854309,814,143
213,7100,3,0.8455567955970764,0.2654970586299896,0.013127709738910198,0.9914836883544922,811,143
213,7100,4,0.8557339906692505,0.26928338408470154,0.0018263825913891196,0.9945366978645325,821,145
213,7100,5,0.8574217557907104,0.2696712911128998,0.0016531066503375769,0.9956788420677185,823,145
213,7100,6,0.8592570424079895,0.26998811960220337,0.0016079439083114266,0.9969468116760254,824,145
213,7100,7,0.8393875360488892,0.26941773295402527,-0.009947191923856735,0.994609534740448,805,145
213,7100,8,0.8603760004043579,0.2761957049369812,-0.05904826149344444,0.9958551526069641,825,149
213,7100,9,0.8483101725578308,0.28931814432144165,0.01818147674202919,0.9936563968658447,814,156
213,7100,10,0.8525436520576477,0.29081660509109497,0.002335393102839589,0.9957793951034546,818,157
213,7100,11,0.8175748586654663,0.33666151762008667,0.017889028415083885,0.9997666478157043,784,181
213,7100,12,0.8540744185447693,0.3485230803489685,-0.088098905980587,0.9999118447303772,819,188
213,7100,13,0.8084760904312134,0.43162044882774353,0.03806430846452713,0.06437718868255615,776,233
213,7100,14,0.8538915514945984,0.45334064960479736,-0.08976700901985168,0.9814022779464722,819,244
213,7100,15,0.8196261525154114,0.509543776512146,0.029119709506630898,0.05844150483608246,786,275
213,7100,16,0.855096697807312,0.5370289087295532,-0.0596633106470108,0.9294888973236084,820,289
213,7100,17,0.8214391469955444,0.5305671691894531,0.02869768999516964,0.08202063292264938,788,286
213,7100,18,0.8564620614051819,0.5596922039985657,-0.0681358203291893,0.8649876117706299,822,302
213,7100,19,0.8242434859275818,0.5305320620536804,0.016898149624466896,0.07873163372278214,791,286
213,7100,20,0.8566531538963318,0.5591972470283508,-0.07111003994941711,0.854987621307373,822,301
213,7100,21,0.8243101835250854,0.522616982460022,0.024499280378222466,0.06475355476140976,791,282
213,7100,22,0.855467677116394,0.5521722435951233,-0.06032174825668335,0.7866861820220947,821,298
213,7100,23,0.8242362141609192,0.5150377154350281,0.04246615618467331,0.9999661445617676,791,278
213,7100,24,0.8427221775054932,0.5167821049690247,-0.04261934757232666,0.9999783635139465,809,279
213,7100,25,0.8349660038948059,0.6145579218864441,0.1550520360469818,0.8084374070167542,801,331
213,7100,26,0.8443852066993713,0.6363864541053772,0.025425700470805168,0.9737806916236877,810,343
213,7100,27,0.8003562688827515,0.6805242896080017,0.2378033697605133,0.9636721014976501,768,367
213,7100,28,0.8356698155403137,0.7588239908218384,0.07421980798244476,0.9872873425483704,802,409
213,7100,29,0.7884703278541565,0.6914987564086914,0.2440691888332367,0.9420326948165894,756,373
213,7100,30,0.826485276222229,0.7856786251068115,0.07774271070957184,0.922639787197113,793,424
213,7100,31,0.8008934855461121,0.7203502058982849,0.23217925429344177,0.9471083283424377,768,388
213,7100,32,0.8700498938560486,0.7808834910392761,0.04127690568566322,0.9690654277801514,835,421
214,7133,0,0.8597566485404968,0.2790582776069641,-0.011344870552420616,0.9953851103782654,825,150
214,7133,1,0.8577349781990051,0.2674988806247711,-0.013457221910357475,0.991509735584259,823,144
214,7133,2,0.8553653359413147,0.2664449214935303,-0.01356440782546997,0.9891141653060913,821,143
214,7133,3,0.8529626131057739,0.2655472755432129,-0.013533802703022957,0.9919488430023193,818,143
214,7133,4,0.8624052405357361,0.2694496214389801,-0.02699357643723488,0.9948564171791077,827,145
214,7133,5,0.863711953163147,0.269902765750885,-0.027153698727488518,0.9959131479263306,829,145
214,7133,6,0.8650457262992859,0.27018123865127563,-0.027225621044635773,0.9971370697021484,830,145
214,7133,7,0.8466678857803345,0.2696039080619812,-0.013140526600182056,0.9948368072509766,812,145
214,7133,8,0.863639235496521,0.2759817838668823,-0.07401005178689957,0.9960724115371704,829,149
214,7133,9,0.8553281426429749,0.2895381450653076,-0.005650611128658056,0.9937981963157654,821,156
214,7133,10,0.8590303659439087,0.2910577058792114,-0.024790549650788307,0.9959115386009216,824,157
214,7133,11,0.8227456212043762,0.33655834197998047,0.022807596251368523,0.9997644424438477,789,181
214,7133,12,0.8580437302589417,0.34592634439468384,-0.09451796114444733,0.9999175667762756,823,186
214,7133,13,0.8131669163703918,0.4289475977420807,0.04491381719708443,0.058407582342624664,780,231
214,7133,14,0.8572477698326111,0.44746336340904236,-0.10142553597688675,0.9721118211746216,822,241
214,7133,15,0.8191125392913818,0.49424660205841064,0.044969748705625534,0.05286169797182083,786,266
214,7133,16,0.8637827038764954,0.5357604026794434,-0.07305467128753662,0.909296989440918,829,289
214,7133,17,0.8201490044593811,0.5158650279045105,0.048068225383758545,0.07432912290096283,787,278
214,7133,18,0.8628564476966858,0.5590491890907288,-0.08651604503393173,0.8387559056282043,828,301
214,7133,19,0.8223944902420044,0.5120803713798523,0.037759240716695786,0.07134576886892319,789,276
214,7133,20,0.8654330968856812,0.5597044229507446,-0.08446624875068665,0.8270646333694458,830,302
214,7133,21,0.8228171467781067,0.5067072510719299,0.04141879081726074,0.05870412290096283,789,273
214,7133,22,0.8640668988227844,0.5515987873077393,-0.07280171662569046,0.7531304359436035,829,297
214,7133,23,0.8305626511573792,0.5096709728240967,0.043705444782972336,0.9999512434005737,797,275
214,7133,24,0.8463889360427856,0.515663743019104,-0.04385702311992645,0.9999767541885376,812,278
214,7133,25,0.8339158892631531,0.5193607807159424,0.17122873663902283,0.7330316305160522,800,280
214,7133,26,0.8472521901130676,0.6350569128990173,0.024059584364295006,0.9618109464645386,813,342
214,7133,27,0.8339422941207886,0.6223223805427551,0.24615907669067383,0.8892843127250671,800,336
214,7133,28,0.8364529013633728,0.7607131004333496,0.04392870515584946,0.9825337529182434,802,410
214,7133,29,0.8328395485877991,0.6386522054672241,0.25143224000930786,0.8743010759353638,799,344
214,7133,30,0.826880693435669,0.78775954246521,0.04575497657060623,0.9044725894927979,793,425
214,7133,31,0.8375183343887329,0.6480274796485901,0.24774011969566345,0.8749661445617676,804,349
214,7133,32,0.8693214654922485,0.782397985458374,0.009053407236933708,0.954919159412384,834,422
215,7166,0,0.8604860305786133,0.2790253460407257,-0.014805540442466736,0.9951558113098145,826,150
215,7166,1,0.8584042191505432,0.26713669300079346,-0.018654650077223778,0.9916008710861206,824,144
215,7166,2,0.8563272356987,0.2660904824733734,-0.01877519115805626,0.989277184009552,822,143
215,7166,3,0.8540418148040771,0.26518937945365906,-0.01874561421573162,0.9920315146446228,819,143
215,7166,4,0.862820029258728,0.2689363360404968,-0.030216021463274956,0.9948659539222717,828,145
215,7166,5,0.8640005588531494,0.2692399322986603,-0.030381260439753532,0.9958900213241577,829,145
215,7166,6,0.8653170466423035,0.26943451166152954,-0.030450768768787384,0.9971575140953064,830,145
215,7166,7,0.8474120497703552,0.2693086564540863,-0.023879140615463257,0.9948451519012451,813,145
215,7166,8,0.8635889887809753,0.2752830982208252,-0.07678768038749695,0.9960288405418396,829,148
215,7166,9,0.8558414578437805,0.2891024053096771,-0.011748907156288624,0.9935766458511353,821,156
215,7166,10,0.859325647354126,0.2908104360103607,-0.02825520746409893,0.9957838654518127,824,157
215,7166,11,0.8225127458572388,0.33641356229782104,0.005885884165763855,0.9997674226760864,789,181
215,7166,12,0.8603764772415161,0.34479907155036926,-0.09611822664737701,0.9999212026596069,825,186
215,7166,13,0.8123267889022827,0.42716503143310547,0.02779063954949379,0.05368729308247566,779,230
215,7166,14,0.8606067299842834,0.44714125990867615,-0.10190559178590775,0.950488269329071,826,241
215,7166,15,0.8191982507705688,0.4894888997077942,0.03568929806351662,0.04801977425813675,786,264
215,7166,16,0.8643492460250854,0.5334958434104919,-0.06984444707632065,0.8718953728675842,829,288
215,7166,17,0.8198928833007812,0.5075133442878723,0.04024215415120125,0.0676579400897026,787,274
215,7166,18,0.8636241555213928,0.5565175414085388,-0.08010242134332657,0.7972545027732849,829,300
215,7166,19,0.8218949437141418,0.5092260837554932,0.03367345780134201,0.06491866707801819,789,274
215,7166,20,0.8659622073173523,0.5577294826507568,-0.08129498362541199,0.7846025824546814,831,301
215,7166,21,0.8231939673423767,0.5043419599533081,0.03352172672748566,0.05344012752175331,790,272
215,7166,22,0.8640410900115967,0.5492501854896545,-0.07034298032522202,0.7080472707748413,829,296
215,7166,23,0.8293619751930237,0.5057673454284668,0.04315388575196266,0.999944806098938,796,273
215,7166,24,0.8466984033584595,0.5129271149635315,-0.0432937853038311,0.9999760985374451,812,276
215,7166,25,0.8377119302749634,0.5489504337310791,0.1852376013994217,0.6680033206939697,804,296
215,7166,26,0.8475415706634521,0.6316676735877991,-0.013433548621833324,0.9573429822921753,813,341
215,7166,27,0.8384292721748352,0.6462253332138062,0.272649347782135,0.8308366537094116,804,348
215,7166,28,0.8369427919387817,0.760772705078125,-0.011082109063863754,0.9806944131851196,803,410
215,7166,29,0.8359978199005127,0.6635439395904541,0.27919673919677734,0.8217727541923523,802,358
215,7166,30,0.8258916139602661,0.7889627814292908,-0.011752987280488014,0.8959310054779053,792,426
215,7166,31,0.8444898128509521,0.6672174334526062,0.27714982628822327,0.8125044107437134,810,360
215,7166,32,0.8698908090591431,0.7832258343696594,-0.05095236748456955,0.947486937046051,835,422
216,7200,0,0.8678839206695557,0.2792159616947174,-0.00881589949131012,0.9953321218490601,833,150
216,7200,1,0.8664190769195557,0.26728469133377075,-0.013554045930504799,0.9920646548271179,831,144
216,7200,2,0.86443030834198,0.26624321937561035,-0.013648628257215023,0.9898696541786194,829,143
216,7200,3,0.8619056940078735,0.2653549909591675,-0.01362075749784708,0.9924413561820984,827,143
216,7200,4,0.8706652522087097,0.26911917328834534,-0.025089221075177193,0.9951261281967163,835,145
216,7200,5,0.8717798590660095,0.2693873345851898,-0.025238780304789543,0.9960762858390808,836,145
216,7200,6,0.8729432225227356,0.2695492208003998,-0.025310317054390907,0.9973131418228149,838,145
216,7200,7,0.8554275035858154,0.2694264352321625,-0.01896636374294758,0.9950163960456848,821,145
216,7200,8,0.8723757266998291,0.27526816725730896,-0.0755377784371376,0.996210515499115,837,148
216,7200,9,0.8629763126373291,0.289057195186615,-0.006486306432634592,0.9935486912727356,828,156
216,7200,10,0.866908609867096,0.2904549241065979,-0.023079348728060722,0.9957826137542725,832,156
216,7200,11,0.8278283476829529,0.334941029548645,0.015743765980005264,0.9997649788856506,794,180
216,7200,12,0.8689090609550476,0.34313738346099854,-0.09673772752285004,0.9999246001243591,834,185
216,7200,13,0.8136255145072937,0.42484793066978455,0.03663013130426407,0.048837777227163315,781,229
216,7200,14,0.8714346289634705,0.44078099727630615,-0.10312909632921219,0.9216936826705933,836,238
216,7200,15,0.8209257125854492,0.4888390898704529,0.039072711020708084,0.043552227318286896,788,263
216,7200,16,0.874813973903656,0.525131106376648,-0.06688721477985382,0.8310202360153198,839,283
216,7200,17,0.8203557133674622,0.503585696220398,0.043006427586078644,0.06149007007479668,787,271
216,7200,18,0.8753656148910522,0.5448090434074402,-0.07683045417070389,0.7530036568641663,840,294
216,7200,19,0.8224828839302063,0.5089021325111389,0.03426355496048927,0.05898481234908104,789,274
216,7200,20,0.8748959302902222,0.5455596446990967,-0.07686833292245865,0.7389727234840393,839,294
216,7200,21,0.8244256377220154,0.5037304162979126,0.03636476770043373,0.04857169836759567,791,272
216,7200,22,0.8742676973342896,0.5388709902763367,-0.06675820797681808,0.6612252593040466,839,290
216,7200,23,0.8364831209182739,0.5059954524040222,0.04324563592672348,0.9999310374259949,803,273
216,7200,24,0.8565148115158081,0.5137165784835815,-0.0433860644698143,0.9999741315841675,822,277
216,7200,25,0.8413220643997192,0.48395317792892456,0.17406988143920898,0.606196403503418,807,261
216,7200,26,0.8523408770561218,0.632729172706604,-0.008391107432544231,0.9454968571662903,818,341
216,7200,27,0.8517358303070068,0.5754980444908142,0.24020279943943024,0.768532931804657,817,310
216,7200,28,0.8382805585861206,0.7608640789985657,0.014120017178356647,0.9746206402778625,804,410
216,7200,29,0.8470385670661926,0.6065850853919983,0.2447052150964737,0.7652823328971863,813,327
216,7200,30,0.8295424580574036,0.7870734333992004,0.015432319603860378,0.8753963112831116,796,425
216,7200,31,0.8538064360618591,0.6103201508522034,0.2436964064836502,0.7515984177589417,819,329
216,7200,32,0.8681631684303284,0.783870279788971,-0.01943710260093212,0.9307646751403809,833,423
217,7233,0,0.8692737817764282,0.2792789041996002,0.009389299899339676,0.9952747821807861,834,150
217,7233,1,0.8672647476196289,0.26735788583755493,0.0015722302487120032,0.9922450184822083,832,144
217,7233,2,0.8650175929069519,0.2662842571735382,0.0014620706206187606,0.990168035030365,830,143
217,7233,3,0.8624477386474609,0.26532885432243347,0.0014749499969184399,0.9926542639732361,827,143
217,7233,4,0.8720057010650635,0.26920780539512634,-0.008921979926526546,0.9951170086860657,837,145
217,7233,5,0.8732140064239502,0.26947444677352905,-0.009065850637853146,0.9960184097290039,838,145
217,7233,6,0.874538242816925,0.2696516215801239,-0.00912388227880001,0.9973191022872925,839,145
217,7233,7,0.8550961017608643,0.2691117227077484,-0.016835760325193405,0.9951103329658508,820,145
217,7233,8,0.8737751245498657,0.27542415261268616,-0.06911332160234451,0.9961644411087036,838,148
217,7233,9,0.8645561337471008,0.28874585032463074,0.006949651520699263,0.9934902191162109,829,155
217,7233,10,0.8686339855194092,0.2903463840484619,-0.00820107851177454,0.9956587553024292,833,156
217,7233,11,0.8270667791366577,0.3353515565395355,0.005852102302014828,0.9997757077217102,793,181
217,7233,12,0.8726025819778442,0.3423917889595032,-0.08986672013998032,0.9999272227287292,837,184
217,7233,13,0.8125134706497192,0.42574986815452576,0.03279054909944534,0.045411691069602966,780,229
217,7233,14,0.873794436454773,0.43866175413131714,-0.08724846690893173,0.8833149671554565,838,236
217,7233,15,0.823746919631958,0.49114158749580383,0.047340042889118195,0.03990635275840759,790,265
217,7233,16,0.8781114816665649,0.519472062587738,-0.04567503184080124,0.7823542952537537,842,280
217,7233,17,0.8245206475257874,0.5073467493057251,0.051945097744464874,0.0563802644610405,791,273
217,7233,18,0.8780675530433655,0.5383243560791016,-0.05303884297609329,0.7033697366714478,842,290
217,7233,19,0.8276405930519104,0.5070341229438782,0.041588835418224335,0.0540669746696949,794,273
217,7233,20,0.8768016695976257,0.5382657647132874,-0.054523587226867676,0.6889095902442932,841,290
217,7233,21,0.8294181227684021,0.5005708932876587,0.04417268931865692,0.04457728564739227,796,270
217,7233,22,0.8768343329429626,0.5302782654762268,-0.046191636472940445,0.61255943775177,841,286
217,7233,23,0.8378116488456726,0.5072886943817139,0.038202036172151566,0.9999210834503174,804,273
217,7233,24,0.8588983416557312,0.5139809846878052,-0.038336753845214844,0.9999722838401794,824,277
217,7233,25,0.8400978446006775,0.4957631528377533,0.18205858767032623,0.5504117608070374,806,267
217,7233,26,0.8501233458518982,0.6342146992683411,0.01180635392665863,0.9284088015556335,816,342
217,7233,27,0.851263165473938,0.5866724848747253,0.2617005705833435,0.7061181664466858,817,316
217,7233,28,0.8382332921028137,0.7623650431632996,0.027866637334227562,0.9665830135345459,804,411
217,7233,29,0.8485780954360962,0.6113044023513794,0.26809391379356384,0.7090914249420166,814,330
217,7233,30,0.8291056752204895,0.787781298160553,0.029766060411930084,0.8533838391304016,795,425
217,7233,31,0.8541213870048523,0.6163182854652405,0.27608489990234375,0.6876764297485352,819,332
217,7233,32,0.8669561743736267,0.784568727016449,-0.005560985300689936,0.9058495163917542,832,423
218,7266,0,0.8733580708503723,0.27697986364364624,0.024708341807127,0.9957091212272644,838,149
218,7266,1,0.8714532256126404,0.26628193259239197,0.016897687688469887,0.9929702877998352,836,143
218,7266,2,0.8693342208862305,0.2652842402458191,0.016766512766480446,0.9910891652107239,834,143
218,7266,3,0.8668290972709656,0.26433002948760986,0.016806459054350853,0.993333637714386,832,142
218,7266,4,0.8762386441230774,0.2678159773349762,0.006945162080228329,0.9955768585205078,841,144
218,7266,5,0.8778566718101501,0.26797738671302795,0.006775138434022665,0.9963966608047485,842,144
218,7266,6,0.8795758485794067,0.26804983615875244,0.006717840675264597,0.9975740909576416,844,144
218,7266,7,0.8608567714691162,0.26853618025779724,-0.009860539808869362,0.9955632090568542,826,145
218,7266,8,0.8809934854507446,0.27417799830436707,-0.054407261312007904,0.9965299367904663,845,148
218,7266,9,0.8691781163215637,0.2862200438976288,0.020859982818365097,0.9940849542617798,834,154
218,7266,10,0.8732559084892273,0.28787460923194885,0.006619835272431374,0.9960609078407288,838,155
218,7266,11,0.8336594104766846,0.3348557651042938,0.012450173497200012,0.9997914433479309,800,180
218,7266,12,0.8795270919799805,0.3415900766849518,-0.08870323747396469,0.9999335408210754,844,184
218,7266,13,0.818354606628418,0.42261382937431335,0.04180861636996269,0.07700811326503754,785,228
218,7266,14,0.8829108476638794,0.43964168429374695,-0.09114035218954086,0.8944211602210999,847,237
218,7266,15,0.8263769149780273,0.4915655553340912,0.06524039804935455,0.06454850733280182,793,265
218,7266,16,0.891474187374115,0.5218167901039124,-0.05755307525396347,0.8036170601844788,855,281
218,7266,17,0.8265175223350525,0.508866548538208,0.06955955922603607,0.08060072362422943,793,274
218,7266,18,0.8926814794540405,0.5421085953712463,-0.06654571741819382,0.7318524122238159,856,292
218,7266,19,0.8310650587081909,0.508544385433197,0.05797318369150162,0.07739608734846115,797,274
218,7266,20,0.894612729549408,0.5427383184432983,-0.06764491647481918,0.7187358140945435,858,293
218,7266,21,0.8319860696792603,0.502048134803772,0.06166332587599754,0.06440609693527222,798,271
218,7266,22,0.8929322957992554,0.5345730781555176,-0.057783421128988266,0.6489385962486267,857,288
218,7266,23,0.842197597026825,0.5079949498176575,0.03913157433271408,0.9999248385429382,808,274
218,7266,24,0.8630710244178772,0.5142501592636108,-0.03926713019609451,0.9999735951423645,828,277
218,7266,25,0.8530225157737732,0.5997487306594849,0.1676839143037796,0.5712296962738037,818,323
218,7266,26,0.8528391122817993,0.6318634748458862,0.024263227358460426,0.932782769203186,818,341
218,7266,27,0.8468987941741943,0.7136039733886719,0.24236418306827545,0.7235727906227112,813,385
218,7266,28,0.8393868207931519,0.7600306868553162,0.050182513892650604,0.968485414981842,805,410
218,7266,29,0.8432896733283997,0.7328705191612244,0.24803660809993744,0.7281421422958374,809,395
218,7266,30,0.8282559514045715,0.7831095457077026,0.05120869725942612,0.8618667125701904,795,422
218,7266,31,0.8576008677482605,0.7379091382026672,0.2396363914012909,0.6982021927833557,823,398
218,7266,32,0.8671289682388306,0.7842046618461609,0.015406334772706032,0.9101151823997498,832,423
219,7300,0,0.8740919828414917,0.27606841921806335,0.03584269806742668,0.996084451675415,839,149
219,7300,1,0.8715072274208069,0.2652358114719391,0.026084648445248604,0.993590772151947,836,143
219,7300,2,0.8689238429069519,0.26427915692329407,0.025957472622394562,0.9918847680091858,834,142
219,7300,3,0.8662874102592468,0.2634238600730896,0.02599182166159153,0.9939149022102356,831,142
219,7300,4,0.8771852850914001,0.26688089966773987,0.01716267690062523,0.995974063873291,842,144
219,7300,5,0.8789479732513428,0.2671257555484772,0.016995884478092194,0.9967273473739624,843,144
219,7300,6,0.88078373670578,0.26731690764427185,0.01694547012448311,0.997797429561615,845,144
219,7300,7,0.8608154654502869,0.2677724063396454,-0.00809978786855936,0.9959596395492554,826,144
219,7300,8,0.8826051950454712,0.2739098370075226,-0.04809292033314705,0.9968539476394653,847,147
219,7300,9,0.8696699738502502,0.2853389382362366,0.0291979368776083,0.994617223739624,834,154
219,7300,10,0.8746288418769836,0.28728604316711426,0.016385968774557114,0.9964204430580139,839,155
219,7300,11,0.834208607673645,0.3349002003669739,0.008836164139211178,0.999808132648468,800,180
219,7300,12,0.8818709254264832,0.34153473377227783,-0.08246094733476639,0.9999395608901978,846,184
219,7300,13,0.8204680681228638,0.4224329888820648,0.04270394518971443,0.09989238530397415,787,228
219,7300,14,0.8857694268226624,0.439809113740921,-0.08196349442005157,0.9040204882621765,850,237
219,7300,15,0.8282093405723572,0.4932776689529419,0.07084640860557556,0.07555238157510757,795,266
219,7300,16,0.8946981430053711,0.5231974124908447,-0.05237782001495361,0.8225366473197937,858,282
219,7300,17,0.8279395699501038,0.5102214813232422,0.07511431723833084,0.09203028678894043,794,275
219,7300,18,0.8957632780075073,0.5441703796386719,-0.06182665750384331,0.7571189999580383,859,293
219,7300,19,0.8329697847366333,0.5096462965011597,0.0641842782497406,0.08847571164369583,799,275
219,7300,20,0.8972313404083252,0.5450929403305054,-0.06324801594018936,0.745178759098053,861,294
219,7300,21,0.8337332010269165,0.5040905475616455,0.06768722832202911,0.0738251805305481,800,272
219,7300,22,0.8953351974487305,0.5368686318397522,-0.05267169326543808,0.6809847950935364,859,289
219,7300,23,0.8431618213653564,0.5085405707359314,0.03585287556052208,0.9999293088912964,809,274
219,7300,24,0.8653310537338257,0.5145895481109619,-0.03597636520862579,0.999975323677063,830,277
219,7300,25,0.8517569899559021,0.6102545261383057,0.1638181209564209,0.5793572664260864,817,329
219,7300,26,0.8551804423332214,0.629116415977478,0.03937014192342758,0.9355332255363464,820,339
219,7300,27,0.8456412553787231,0.7138324975967407,0.25811779499053955,0.7337974905967712,811,385
219,7300,28,0.8404527902603149,0.7570044994354248,0.07794681191444397,0.9698171615600586,806,408
219,7300,29,0.8430682420730591,0.7322716116905212,0.2657577693462372,0.741169273853302,809,395
219,7300,30,0.8295873999595642,0.7805662155151367,0.0802394226193428,0.8686055541038513,796,421
219,7300,31,0.8528143763542175,0.7341485619544983,0.25936999917030334,0.6984456181526184,818,396
219,7300,32,0.8666024804115295,0.7818387150764465,0.04667944833636284,0.9121652841567993,831,422
220,7333,0,0.8793954253196716,0.2761552631855011,0.04486078768968582,0.9960547089576721,844,149
220,7333,1,0.8768317103385925,0.26538223028182983,0.03581022098660469,0.9936319589614868,841,143
220,7333,2,0.8744782209396362,0.2644229233264923,0.035685982555150986,0.9920145869255066,839,142
220,7333,3,0.8720303773880005,0.26355844736099243,0.03569803386926651,0.9940105676651001,837,142
220,7333,4,0.8819757699966431,0.26699262857437134,0.027606261894106865,0.9959360957145691,846,144
220,7333,5,0.8837193846702576,0.26721832156181335,0.027450870722532272,0.9967209696769714,848,144
220,7333,6,0.8855679631233215,0.26739633083343506,0.02739551104605198,0.9977872967720032,850,144
220,7333,7,0.8667253851890564,0.267964631319046,0.0009597232565283775,0.9960763454437256,832,144
220,7333,8,0.888202428817749,0.27398136258125305,-0.03528387099504471,0.9968433976173401,852,147
220,7333,9,0.8757316470146179,0.28542569279670715,0.037376511842012405,0.9948128461837769,840,154
220,7333,10,0.8801389336585999,0.2871556580066681,0.02556857466697693,0.9964978098869324,844,155
220,7333,11,0.8433523178100586,0.33530762791633606,0.011724208481609821,0.9998215436935425,809,181
220,7333,12,0.888249397277832,0.341185986995697,-0.07591834664344788,0.9999420046806335,852,184
220,7333,13,0.8274769186973572,0.4230233430862427,0.030833184719085693,0.1513546109199524,794,228
220,7333,14,0.8923713564872742,0.43872904777526855,-0.08715806901454926,0.9118844270706177,856,236
220,7333,15,0.830381453037262,0.4959251582622528,0.026111138984560966,0.1357845813035965,797,267
220,7333,16,0.9039495587348938,0.5185871124267578,-0.06846168637275696,0.8386437296867371,867,280
220,7333,17,0.829124391078949,0.5187836289405823,0.0235957819968462,0.14744623005390167,795,280
220,7333,18,0.9050824642181396,0.5425118207931519,-0.07974911481142044,0.7778733372688293,868,292
220,7333,19,0.833777129650116,0.5204582214355469,0.014126626774668694,0.14184680581092834,800,281
220,7333,20,0.9068756699562073,0.544617772102356,-0.08064330369234085,0.7667778730392456,870,294
220,7333,21,0.8360077738761902,0.5101845860481262,0.022869860753417015,0.11651123315095901,802,275
220,7333,22,0.9055655598640442,0.5350014567375183,-0.06876005977392197,0.7057823538780212,869,288
220,7333,23,0.8528605699539185,0.5061800479888916,0.03675518557429314,0.9999245405197144,818,273
220,7333,24,0.8733893036842346,0.5101994872093201,-0.03687187656760216,0.9999703168869019,838,275
220,7333,25,0.8684647679328918,0.6111684441566467,0.10814874619245529,0.5586457252502441,833,330
220,7333,26,0.8632127642631531,0.6221376657485962,-0.009856670163571835,0.9235422015190125,828,335
220,7333,27,0.8551227450370789,0.7191799283027649,0.14003244042396545,0.7266562581062317,820,388
220,7333,28,0.8444671630859375,0.75168776512146,-0.0002067459572572261,0.9613363146781921,810,405
220,7333,29,0.8494042754173279,0.7410507798194885,0.14043527841567993,0.7405564785003662,815,400
220,7333,30,0.8356935977935791,0.7720584869384766,-0.0005954208900220692,0.8572279810905457,802,416
220,7333,31,0.8587644100189209,0.7525712251663208,0.12097227573394775,0.6842468976974487,824,406
220,7333,32,0.8643863797187805,0.7809122800827026,-0.033520475029945374,0.8956866264343262,829,421
221,7366,0,0.8813266754150391,0.27598461508750916,0.04252946004271507,0.9963202476501465,846,149
221,7366,1,0.8789830803871155,0.2652885317802429,0.03374259173870087,0.9940499663352966,843,143
221,7366,2,0.876743733882904,0.26433664560317993,0.03362381458282471,0.992594301700592,841,142
221,7366,3,0.8742774724960327,0.2634584903717041,0.033628709614276886,0.9944270253181458,839,142
221,7366,4,0.8837034702301025,0.26689788699150085,0.024274693801999092,0.9961823225021362,848,144
221,7366,5,0.8850448131561279,0.2671254873275757,0.024125847965478897,0.9969412088394165,849,144
221,7366,6,0.8864347338676453,0.267304927110672,0.02408948540687561,0.9979205131530762,850,144
221,7366,7,0.8680967688560486,0.2679864764213562,0.00205023679882288,0.9963628649711609,833,144
221,7366,8,0.887204110622406,0.2737875282764435,-0.03958115354180336,0.9970173239707947,851,147
221,7366,9,0.8771837949752808,0.2852385342121124,0.03613283485174179,0.995171844959259,842,154
221,7366,10,0.8813420534133911,0.2869316339492798,0.022860204800963402,0.9967164993286133,846,154
221,7366,11,0.8444566130638123,0.33534905314445496,0.013056234456598759,0.9998372793197632,810,181
221,7366,12,0.8899581432342529,0.33990588784217834,-0.07948974519968033,0.9999465346336365,854,183
221,7366,13,0.8270755410194397,0.42289459705352783,0.0312725268304348,0.2224459946155548,793,228
221,7366,14,0.892666757106781,0.4389391839504242,-0.08995837718248367,0.9200019240379333,856,237
221,7366,15,0.8317176103591919,0.49617648124694824,0.02334793098270893,0.21020494401454926,798,267
221,7366,16,0.9048362970352173,0.5178861021995544,-0.07816103100776672,0.8542769551277161,868,279
221,7366,17,0.8306257724761963,0.5216976404190063,0.020184587687253952,0.2178822010755539,797,281
221,7366,18,0.9069041013717651,0.5415947437286377,-0.08938554674386978,0.7990570664405823,870,292
221,7366,19,0.8346449732780457,0.5242785215377808,0.009629287756979465,0.2116893082857132,801,283
221,7366,20,0.910323977470398,0.5427499413490295,-0.09219811856746674,0.7890016436576843,873,293
221,7366,21,0.8379899859428406,0.5133181810379028,0.01941930130124092,0.1816370189189911,804,277
221,7366,22,0.9084581136703491,0.5334482192993164,-0.07915282994508743,0.7330849170684814,872,288
221,7366,23,0.8590725064277649,0.5065272450447083,0.03747447207570076,0.9999272227287292,824,273
221,7366,24,0.8742559552192688,0.5074868202209473,-0.0375974178314209,0.9999701976776123,839,274
221,7366,25,0.8839160799980164,0.6090735793113708,0.0742676630616188,0.5547772645950317,848,328
221,7366,26,0.8617255091667175,0.6226437091827393,-0.027467871084809303,0.9235451817512512,827,336
221,7366,27,0.8617063760757446,0.7204685211181641,0.09266193956136703,0.7377994656562805,827,389
221,7366,28,0.8395609259605408,0.751987099647522,-0.036445654928684235,0.961653470993042,805,406
221,7366,29,0.8530762791633606,0.7438210844993591,0.09179219603538513,0.7559700012207031,818,401
221,7366,30,0.8317857980728149,0.7733999490737915,-0.03894713148474693,0.863197922706604,798,417
221,7366,31,0.8750412464141846,0.7586547136306763,0.0690317451953888,0.6966489553451538,840,409
221,7366,32,0.8594228029251099,0.7895088791847229,-0.077143594622612,0.8990000486373901,825,426
222,7400,0,0.8850386738777161,0.2770353853702545,0.04197053611278534,0.9964973330497742,849,149
222,7400,1,0.8832268118858337,0.2661702334880829,0.022995872423052788,0.9944270253181458,847,143
222,7400,2,0.8813332915306091,0.26542893052101135,0.022838545963168144,0.993084192276001,846,143
222,7400,3,0.8792168498039246,0.26470956206321716,0.022847818210721016,0.9948236346244812,844,142
222,7400,4,0.8873066306114197,0.26743191480636597,0.02296259254217148,0.9963480234146118,851,144
222,7400,5,0.8886471390724182,0.267648845911026,0.022766834124922752,0.9970538020133972,853,144
222,7400,6,0.8902695178985596,0.26785987615585327,0.022622765973210335,0.9979777932167053,854,144
222,7400,7,0.8736350536346436,0.2697540521621704,-0.011783182621002197,0.9966414570808411,838,145
222,7400,8,0.891941249370575,0.2745082676410675,-0.04487476125359535,0.997055172920227,856,148
222,7400,9,0.8817124962806702,0.2863835394382477,0.028397951275110245,0.9954584836959839,846,154
222,7400,10,0.8849113583564758,0.28803375363349915,0.01648237369954586,0.9968166351318359,849,155
222,7400,11,0.8455774188041687,0.3360227942466736,0.00035437330370768905,0.9998498558998108,811,181
222,7400,12,0.8953441977500916,0.3399580717086792,-0.07092543691396713,0.9999393820762634,859,183
222,7400,13,0.8334052562713623,0.4276554584503174,0.01675274781882763,0.23924390971660614,800,230
222,7400,14,0.9009155631065369,0.43583613634109497,-0.07525648176670074,0.9129326939582825,864,235
222,7400,15,0.8353144526481628,0.49776220321655273,0.008690102025866508,0.23257294297218323,801,268
222,7400,16,0.9084142446517944,0.506960391998291,-0.052486442029476166,0.8243571519851685,872,273
222,7400,17,0.831630527973175,0.5238608717918396,0.004020621534436941,0.2358601987361908,798,282
222,7400,18,0.9103910326957703,0.5256802439689636,-0.06004856526851654,0.7635816931724548,873,283
222,7400,19,0.8352702856063843,0.5267053842544556,-0.0029809102416038513,0.22700637578964233,801,284
222,7400,20,0.9088083505630493,0.5259017944335938,-0.0643351674079895,0.7521811723709106,872,283
222,7400,21,0.8378086090087891,0.5208498239517212,0.006346146110445261,0.18802784383296967,804,281
222,7400,22,0.9073156118392944,0.5176059603691101,-0.05415276810526848,0.6899749040603638,871,279
222,7400,23,0.8651655912399292,0.5069848895072937,0.03360011801123619,0.9999306201934814,830,273
222,7400,24,0.8762704133987427,0.5083262920379639,-0.03371216356754303,0.999968945980072,841,274
222,7400,25,0.880829930305481,0.6209583282470703,0.09425041824579239,0.5706978440284729,845,335
222,7400,26,0.8615842461585999,0.6251334547996521,-0.020873231813311577,0.9244778752326965,827,337
222,7400,27,0.8808882236480713,0.7360310554504395,0.14402127265930176,0.7527024745941162,845,397
222,7400,28,0.840616762638092,0.7521750926971436,-0.0015020041028037667,0.9606916904449463,806,406
222,7400,29,0.8764761686325073,0.7611066699028015,0.14600831270217896,0.7650572061538696,841,410
222,7400,30,0.8312269449234009,0.7748605012893677,-0.0010865699732676148,0.8554538488388062,797,418
222,7400,31,0.9043480753898621,0.7569893002510071,0.12053701281547546,0.708053708076477,868,408
222,7400,32,0.8624477386474609,0.7883877754211426,-0.0413057915866375,0.8973888754844666,827,425
223,7433,0,0.8850589394569397,0.2770664095878601,-0.0858418196439743,0.9967069625854492,849,149
223,7433,1,0.884861171245575,0.2661895751953125,-0.07858356833457947,0.994557797908783,849,143
223,7433,2,0.8843259215354919,0.26562976837158203,-0.07876498252153397,0.993319571018219,848,143
223,7433,3,0.8838489055633545,0.265243262052536,-0.07875733077526093,0.9949988722801208,848,143
223,7433,4,0.8861366510391235,0.26738059520721436,-0.08483140915632248,0.9964613914489746,850,144
223,7433,5,0.8865121603012085,0.2675535976886749,-0.08503147959709167,0.997166633605957,851,144
223,7433,6,0.8864248991012573,0.2676638662815094,-0.085148885846138,0.9980392456054688,850,144
223,7433,7,0.8812921643257141,0.2708229124546051,-0.03489110246300697,0.9967187643051147,846,146
223,7433,8,0.8866879940032959,0.2737075388431549,-0.06405213475227356,0.9970602989196777,851,147
223,7433,9,0.8830242156982422,0.2868669331073761,-0.06733878701925278,0.9957568645477295,847,154
223,7433,10,0.883487343788147,0.288072407245636,-0.07738964259624481,0.9970108270645142,848,155
223,7433,11,0.8918700814247131,0.3395077586174011,-0.0009921785676851869,0.9998542070388794,856,183
223,7433,12,0.8536939024925232,0.3410691022872925,-0.06180789694190025,0.9999369978904724,819,184
223,7433,13,0.897088348865509,0.42945170402526855,0.01861617900431156,0.2917799651622772,861,231
223,7433,14,0.8421872854232788,0.43241408467292786,-0.06823982298374176,0.9191882014274597,808,233
223,7433,15,0.9071665406227112,0.5002116560935974,-0.0216164980083704,0.28736093640327454,870,270
223,7433,16,0.8418008685112,0.5069354176521301,-0.09602048248052597,0.8386242985725403,808,273
223,7433,17,0.9112076163291931,0.5244376063346863,-0.031350430101156235,0.28713223338127136,874,283
223,7433,18,0.8388012051582336,0.5296225547790527,-0.11202757805585861,0.782285749912262,805,285
223,7433,19,0.9086476564407349,0.5273261070251465,-0.04939056932926178,0.2818269431591034,872,284
223,7433,20,0.8444181680679321,0.5298586487770081,-0.12669220566749573,0.772600531578064,810,286
223,7433,21,0.9075542688369751,0.524846613407135,-0.02960245870053768,0.24368025362491608,871,283
223,7433,22,0.8467363119125366,0.5206516981124878,-0.10322559624910355,0.7147853374481201,812,281
223,7433,23,0.8803594708442688,0.5083798170089722,0.025685856118798256,0.9999220967292786,845,274
223,7433,24,0.8698951601982117,0.5089095234870911,-0.025823647156357765,0.9999598860740662,835,274
223,7433,25,0.8745014667510986,0.6261453032493591,0.07868529856204987,0.573191225528717,839,338
223,7433,26,0.8606239557266235,0.6252877116203308,-0.018467910587787628,0.9241100549697876,826,337
223,7433,27,0.8802878260612488,0.7342801094055176,0.1289864331483841,0.7578694224357605,845,396
223,7433,28,0.8410326242446899,0.752672016620636,0.00048635678831487894,0.9593139886856079,807,406
223,7433,29,0.8769734501838684,0.7614474296569824,0.12943188846111298,0.7476932406425476,841,411
223,7433,30,0.8339399695396423,0.7746809124946594,-0.0006761393742635846,0.8288866281509399,800,418
223,7433,31,0.8975364565849304,0.7620474696159363,0.06841882318258286,0.721865177154541,861,411
223,7433,32,0.8627908229827881,0.7875527739524841,-0.07233666628599167,0.9001983404159546,828,425
224,7466,0,0.8914070129394531,0.2799956798553467,-0.02616885118186474,0.9969949126243591,855,151
224,7466,1,0.8909832239151001,0.26956379413604736,-0.032535042613744736,0.9950450658798218,855,145
224,7466,2,0.8898512125015259,0.26904013752937317,-0.03265615180134773,0.9939082264900208,854,145
224,7466,3,0.8885276913642883,0.2686122953891754,-0.032584331929683685,0.9954421520233154,852,145
224,7466,4,0.8935985565185547,0.26949575543403625,-0.03298597037792206,0.9967736601829529,857,145
224,7466,5,0.8945756554603577,0.26952216029167175,-0.03316875174641609,0.9974126815795898,858,145
224,7466,6,0.895695149898529,0.26950523257255554,-0.03320087492465973,0.9982096552848816,859,145
224,7466,7,0.8832154870033264,0.27361413836479187,-0.029361773282289505,0.9970014691352844,847,147
224,7466,8,0.8959739804267883,0.2765789031982422,-0.04951676353812218,0.9973012804985046,860,149
224,7466,9,0.8884629607200623,0.28873318433761597,-0.021363267675042152,0.9960930943489075,852,155
224,7466,10,0.8903971314430237,0.2899027466773987,-0.025631306692957878,0.9972413182258606,854,156
224,7466,11,0.8658657073974609,0.3411390781402588,0.003110816003754735,0.9998636841773987,831,184
224,7466,12,0.8986974954605103,0.3430643677711487,-0.06201905384659767,0.9999406337738037,862,185
224,7466,13,0.8610286712646484,0.4330749213695526,0.022194232791662216,0.29937776923179626,826,233
224,7466,14,0.9057794213294983,0.4340780973434448,-0.06310810893774033,0.9256236553192139,869,234
224,7466,15,0.8795379996299744,0.5070094466209412,0.01880236528813839,0.2921210825443268,844,273
224,7466,16,0.9198887348175049,0.5076806545257568,-0.048103656619787216,0.849689781665802,883,274
224,7466,17,0.8895238637924194,0.5297991633415222,0.012606128118932247,0.2890571355819702,853,286
224,7466,18,0.9241058230400085,0.5309611558914185,-0.058330778032541275,0.7933154702186584,887,286
224,7466,19,0.8834515810012817,0.5323852896690369,0.006015571765601635,0.28182196617126465,848,287
224,7466,20,0.9257411956787109,0.5307736992835999,-0.0637703686952591,0.7838118076324463,888,286
224,7466,21,0.8806261420249939,0.5264974236488342,0.017069656401872635,0.23883338272571564,845,284
224,7466,22,0.9233751893043518,0.5227605700492859,-0.05023060366511345,0.7235066294670105,886,282
224,7466,23,0.8695547580718994,0.5092965364456177,0.02734697423875332,0.9999251961708069,834,275
224,7466,24,0.877942681312561,0.508988082408905,-0.027478398755192757,0.9999607801437378,842,274
224,7466,25,0.8859890699386597,0.6258814930915833,0.07869637757539749,0.5880076885223389,850,337
224,7466,26,0.8635063171386719,0.6270379424095154,-0.013168515637516975,0.925303041934967,828,338
224,7466,27,0.8999007940292358,0.7412225604057312,0.12973468005657196,0.7668413519859314,863,400
224,7466,28,0.8398946523666382,0.7543565034866333,0.032117392867803574,0.9564517140388489,806,407
224,7466,29,0.896737277507782,0.769443154335022,0.13161823153495789,0.7541168332099915,860,415
224,7466,30,0.8319634795188904,0.7756577134132385,0.034920454025268555,0.8196442127227783,798,418
224,7466,31,0.9241588711738586,0.7566274404525757,0.10025772452354431,0.7262939810752869,887,408
224,7466,32,0.8647066950798035,0.7853641510009766,-0.004890283104032278,0.8945419192314148,830,424
225,7500,0,0.8917993307113647,0.27997344732284546,0.029730457812547684,0.9972372055053711,856,151
225,7500,1,0.8896228075027466,0.2695285379886627,0.017663171514868736,0.9954512715339661,854,145
225,7500,2,0.8873363137245178,0.26901164650917053,0.01752927340567112,0.9944071173667908,851,145
225,7500,3,0.8850273489952087,0.2685778737068176,0.017567547038197517,0.9958097338676453,849,145
225,7500,4,0.8947133421897888,0.2696216106414795,0.012583877891302109,0.9970337152481079,858,145
225,7500,5,0.8963223695755005,0.26970645785331726,0.012428809888660908,0.997624933719635,860,145
225,7500,6,0.898051381111145,0.2697429060935974,0.012399816885590553,0.9983556270599365,862,145
225,7500,7,0.8802999258041382,0.27352768182754517,-0.02879924699664116,0.9972493648529053,845,147
225,7500,8,0.9001028537750244,0.2769085168838501,-0.04382491111755371,0.9975231885910034,864,149
225,7500,9,0.888090193271637,0.28858864307403564,0.021145105361938477,0.9964134097099304,852,155
225,7500,10,0.892267644405365,0.2899119555950165,0.013054033741354942,0.9974669218063354,856,156
225,7500,11,0.8572753071784973,0.3423532545566559,-0.0030610051471740007,0.9998751282691956,822,184
225,7500,12,0.9043959975242615,0.3433537483215332,-0.06736789643764496,0.9999457001686096,868,185
225,7500,13,0.8504248857498169,0.4357406198978424,0.015797825530171394,0.34961995482444763,816,235
225,7500,14,0.9117723107337952,0.4354044795036316,-0.06872963905334473,0.9326217770576477,875,235
225,7500,15,0.869076132774353,0.5127010345458984,0.01671108417212963,0.343392550945282,834,276
225,7500,16,0.9265669584274292,0.5090041160583496,-0.052606251090765,0.8642253279685974,889,274
225,7500,17,0.8860751390457153,0.5356003642082214,0.012310951948165894,0.3353024423122406,850,289
225,7500,18,0.9311110973358154,0.5325566530227661,-0.0652896985411644,0.8127162456512451,893,287
225,7500,19,0.8745015859603882,0.5385568737983704,0.0038625008892267942,0.32646986842155457,839,290
225,7500,20,0.9322952628135681,0.5315288305282593,-0.0683903843164444,0.8040767312049866,895,287
225,7500,21,0.8671372532844543,0.5303393602371216,0.014217319898307323,0.2758784592151642,832,286
225,7500,22,0.9298095703125,0.5240066647529602,-0.054139815270900726,0.7482543587684631,892,282
225,7500,23,0.8682413101196289,0.5099165439605713,0.029031097888946533,0.9999303221702576,833,275
225,7500,24,0.8838146924972534,0.5097454786300659,-0.029157519340515137,0.9999633431434631,848,275
225,7500,25,0.8935689330101013,0.6256565451622009,0.0936262384057045,0.6071770191192627,857,337
225,7500,26,0.8619699478149414,0.6315773129463196,0.006862594746053219,0.9297955632209778,827,341
225,7500,27,0.9026346802711487,0.7423050403594971,0.14014571905136108,0.7818763852119446,866,400
225,7500,28,0.8393773436546326,0.754705011844635,0.050524257123470306,0.9578024744987488,805,407
225,7500,29,0.8982073664665222,0.7709290385246277,0.14579558372497559,0.7713979482650757,862,416
225,7500,30,0.8310000896453857,0.7756275534629822,0.05310994014143944,0.8266581296920776,797,418
225,7500,31,0.9280490875244141,0.7534675002098083,0.12192832678556442,0.7391965985298157,890,406
225,7500,32,0.8637031316757202,0.7834974527359009,0.01719812862575054,0.897323727607727,829,423
226,7533,0,0.8975239992141724,0.2894986569881439,-0.1409376561641693,0.9975034594535828,861,156
226,7533,1,0.8989231586456299,0.2787702977657318,-0.13308630883693695,0.9958670735359192,862,150
226,7533,2,0.8990827798843384,0.2784867584705353,-0.13325686752796173,0.9949268102645874,863,150
226,7533,3,0.8993568420410156,0.278487890958786,-0.1332464963197708,0.9961956739425659,863,150
226,7533,4,0.8989327549934387,0.2782583236694336,-0.13911297917366028,0.997306227684021,862,150
226,7533,5,0.8983736038208008,0.2777484655380249,-0.13931120932102203,0.997844934463501,862,149
226,7533,6,0.8984804153442383,0.27719688415527344,-0.1394064873456955,0.9985041618347168,862,149
226,7533,7,0.8976727724075317,0.2815674841403961,-0.08067493885755539,0.9974976181983948,861,152
226,7533,8,0.8954772353172302,0.2809542119503021,-0.10757110267877579,0.9977352619171143,859,151
226,7533,9,0.8960945010185242,0.29664909839630127,-0.11844160407781601,0.9967525601387024,860,160
226,7533,10,0.8954397439956665,0.29687759280204773,-0.12762399017810822,0.9977050423622131,859,160
226,7533,11,0.9095130562782288,0.3494684398174286,-0.031646061688661575,0.9998850226402283,873,188
226,7533,12,0.867600679397583,0.3437727093696594,-0.08250350505113602,0.9999475479125977,832,185
226,7533,13,0.9155690670013428,0.4414856433868408,-0.009969580918550491,0.41285139322280884,878,238
226,7533,14,0.8539280295372009,0.4349616467952728,-0.07798983156681061,0.9385498762130737,819,234
226,7533,15,0.9343646168708801,0.5197374224662781,-0.06127910688519478,0.4073086082935333,896,280
226,7533,16,0.8544068932533264,0.5108673572540283,-0.11664213985204697,0.8762009739875793,820,275
226,7533,17,0.9399264454841614,0.5403684377670288,-0.07386090606451035,0.3985758125782013,902,291
226,7533,18,0.8513904809951782,0.5328366160392761,-0.13339275121688843,0.8283146619796753,817,287
226,7533,19,0.94195556640625,0.5422091484069824,-0.09612160176038742,0.3912201225757599,904,292
226,7533,20,0.8582172989845276,0.5324645638465881,-0.15087446570396423,0.8210617899894714,823,287
226,7533,21,0.9386737942695618,0.5357937812805176,-0.07133136689662933,0.34522420167922974,901,289
226,7533,22,0.86140376329422,0.524660587310791,-0.12489466369152069,0.7698503136634827,826,283
226,7533,23,0.8921974897384644,0.509733259677887,0.023847656324505806,0.9999229907989502,856,275
226,7533,24,0.8784589767456055,0.5077710747718811,-0.023994509130716324,0.9999521374702454,843,274
226,7533,25,0.9000647068023682,0.6341281533241272,0.04789656028151512,0.6354587078094482,864,342
226,7533,26,0.865768551826477,0.6332516074180603,-0.029901644214987755,0.9336667060852051,831,341
226,7533,27,0.9199093580245972,0.741710364818573,0.08533590286970139,0.7960174679756165,883,400
226,7533,28,0.840657651424408,0.7546073198318481,-0.0006278689834289253,0.9575598239898682,807,407
226,7533,29,0.9171268343925476,0.7706760764122009,0.08389389514923096,0.7698299884796143,880,416
226,7533,30,0.8365066051483154,0.7767375111579895,-0.00159691390581429,0.8022816181182861,803,419
226,7533,31,0.9381886124610901,0.7508699297904968,0.011541372165083885,0.759110689163208,900,405
226,7533,32,0.860917866230011,0.7834012508392334,-0.07988966256380081,0.9017572999000549,826,423
227,7566,0,0.8994825482368469,0.2891111671924591,0.008559142239391804,0.9977272748947144,863,156
227,7566,1,0.8979969024658203,0.2770470976829529,-0.0021198750473558903,0.9962387681007385,862,149
227,7566,2,0.896471381187439,0.2767772078514099,-0.0022337804548442364,0.9953808188438416,860,149
227,7566,3,0.894815981388092,0.27653148770332336,-0.002210355130955577,0.9965384602546692,859,149
227,7566,4,0.9011759161949158,0.2770553231239319,-0.008623536676168442,0.997544527053833,865,149
227,7566,5,0.9018716216087341,0.27679377794265747,-0.008766951970756054,0.9980337619781494,865,149
227,7566,6,0.9028759002685547,0.2764017581939697,-0.00879692379385233,0.998635470867157,866,149
227,7566,7,0.8898231387138367,0.28141364455223083,-0.04633212462067604,0.997724175453186,854,151
227,7566,8,0.9031369090080261,0.28068724274635315,-0.06788383424282074,0.9979313015937805,867,151
227,7566,9,0.8963898420333862,0.29645419120788574,0.0011134877568110824,0.9970420002937317,860,160
227,7566,10,0.8987734913825989,0.2966923713684082,-0.008582206442952156,0.9979052543640137,862,160
227,7566,11,0.8999470472335815,0.34834450483322144,-0.015949197113513947,0.9998948574066162,863,188
227,7566,12,0.9083877205848694,0.3454151749610901,-0.08245012909173965,0.9999513626098633,872,186
227,7566,13,0.8887197375297546,0.4411274790763855,0.0057079424150288105,0.4498053193092346,853,238
227,7566,14,0.9149796962738037,0.44051048159599304,-0.07829466462135315,0.9436438679695129,878,237
227,7566,15,0.8757095336914062,0.519225001335144,-0.022881418466567993,0.43921923637390137,840,280
227,7566,16,0.9310786724090576,0.5152807831764221,-0.0659818947315216,0.8848181366920471,893,278
227,7566,17,0.8703428506851196,0.5411526560783386,-0.03274698927998543,0.4213177263736725,835,292
227,7566,18,0.9354801177978516,0.5346890091896057,-0.07720617949962616,0.8362776041030884,898,288
227,7566,19,0.8762724995613098,0.5431817770004272,-0.030390985310077667,0.4112575054168701,841,293
227,7566,20,0.9371008276939392,0.534052848815918,-0.08002995699644089,0.8289795517921448,899,288
227,7566,21,0.8785789012908936,0.5363727807998657,-0.020295066758990288,0.3564711809158325,843,289
227,7566,22,0.9350317716598511,0.5283555388450623,-0.06699807941913605,0.7742286920547485,897,285
227,7566,23,0.8789803385734558,0.5102357268333435,0.02526884339749813,0.9999271035194397,843,275
227,7566,24,0.8891709446907043,0.5082164406776428,-0.0254401545971632,0.9999544620513916,853,274
227,7566,25,0.8987775444984436,0.6301113963127136,0.06637943536043167,0.6511902809143066,862,340
227,7566,26,0.8674400448799133,0.6331914067268372,-0.008073403500020504,0.936873197555542,832,341
227,7566,27,0.9203911423683167,0.7403960824012756,0.14147062599658966,0.8054287433624268,883,399
227,7566,28,0.8397385478019714,0.7544379830360413,0.03357458859682083,0.9571410417556763,806,407
227,7566,29,0.9188109636306763,0.7700266242027283,0.14495213329792023,0.7812007665634155,882,415
227,7566,30,0.8341214656829834,0.7749586701393127,0.035618171095848083,0.8026736974716187,800,418
227,7566,31,0.9449742436408997,0.7466734647750854,0.11113343387842178,0.7644157409667969,907,403
227,7566,32,0.8606478571891785,0.7821487784385681,-0.007166162598878145,0.9002202153205872,826,422
228,7600,0,0.9047174453735352,0.29251477122306824,-0.07903285324573517,0.9977538585662842,868,157
228,7600,1,0.904301643371582,0.28056639432907104,-0.08067236840724945,0.9962097406387329,868,151
228,7600,2,0.9033719897270203,0.28008610010147095,-0.08083104342222214,0.9953478574752808,867,151
228,7600,3,0.9023193717002869,0.2796821892261505,-0.08080069720745087,0.9965466856956482,866,151
228,7600,4,0.9061199426651001,0.28079521656036377,-0.08776339143514633,0.9975113868713379,869,151
228,7600,5,0.9066211581230164,0.28048062324523926,-0.08794187754392624,0.9980019927024841,870,151
228,7600,6,0.9072639346122742,0.2801242172718048,-0.0880332738161087,0.9986032843589783,870,151
228,7600,7,0.8976926207542419,0.2835257351398468,-0.06994728744029999,0.9976517558097839,861,153
228,7600,8,0.9047896265983582,0.28432002663612366,-0.10244718194007874,0.9977662563323975,868,153
228,7600,9,0.9021555185317993,0.3005184829235077,-0.06964386999607086,0.9969733953475952,866,162
228,7600,10,0.9030686616897583,0.3010948598384857,-0.08041819930076599,0.9978272914886475,866,162
228,7600,11,0.892707109451294,0.34983357787132263,-0.03467976301908493,0.9998976588249207,856,188
228,7600,12,0.8977101445198059,0.34595295786857605,-0.10394937545061111,0.9999489188194275,861,186
228,7600,13,0.8816758990287781,0.4454547166824341,-0.009341743774712086,0.4567304849624634,846,240
228,7600,14,0.918989360332489,0.44178062677383423,-0.10751303285360336,0.9458293318748474,882,238
228,7600,15,0.8681825995445251,0.5228164792060852,-0.018901921808719635,0.43597373366355896,833,282
228,7600,16,0.9414453506469727,0.5178457498550415,-0.09858977794647217,0.8788012862205505,903,279
228,7600,17,0.8581792116165161,0.5424659848213196,-0.027065334841609,0.4168333411216736,823,292
228,7600,18,0.9456216096878052,0.5377633571624756,-0.11317611485719681,0.8248352408409119,907,290
228,7600,19,0.8633230924606323,0.5439912676811218,-0.03336017206311226,0.4066147208213806,828,293
228,7600,20,0.9470341801643372,0.5372264385223389,-0.11664734035730362,0.8182873129844666,909,290
228,7600,21,0.8673387765884399,0.5357983112335205,-0.02050214447081089,0.34678158164024353,832,289
228,7600,22,0.9448021650314331,0.5316143035888672,-0.0998309999704361,0.7558385729789734,907,287
228,7600,23,0.8919828534126282,0.5122174024581909,0.026794815436005592,0.9999301433563232,856,276
228,7600,24,0.888925313949585,0.5084074139595032,-0.026942377910017967,0.9999552965164185,853,274
228,7600,25,0.902365505695343,0.627436101436615,0.07336952537298203,0.6569476127624512,866,338
228,7600,26,0.8747003674507141,0.6347912549972534,-0.023579459637403488,0.9382817149162292,839,342
228,7600,27,0.931989848613739,0.7383365631103516,0.13122254610061646,0.8176594376564026,894,398
228,7600,28,0.8405293822288513,0.754375696182251,0.0197254940867424,0.9582878947257996,806,407
228,7600,29,0.9331368207931519,0.7685273885726929,0.1325964480638504,0.7850692272186279,895,415
228,7600,30,0.8328395485877991,0.7754227519035339,0.021679643541574478,0.7912790179252625,799,418
228,7600,31,0.9573162198066711,0.7349973320960999,0.07929965853691101,0.7805437445640564,919,396
228,7600,32,0.8627055883407593,0.782428503036499,-0.03893903270363808,0.9053930044174194,828,422
229,7633,0,0.906345546245575,0.2910756766796112,-0.06346069276332855,0.997955858707428,870,157
229,7633,1,0.9051797986030579,0.27938970923423767,-0.052991416305303574,0.9965516328811646,868,150
229,7633,2,0.9036699533462524,0.2788597643375397,-0.05314904823899269,0.9957675933837891,867,150
229,7633,3,0.9016737341880798,0.27843374013900757,-0.05313563719391823,0.9968587160110474,865,150
229,7633,4,0.9079285860061646,0.27979880571365356,-0.06324861943721771,0.9977329969406128,871,151
229,7633,5,0.9087997078895569,0.27956393361091614,-0.06343565881252289,0.9981789588928223,872,150
229,7633,6,0.909764289855957,0.2792704105377197,-0.0635356456041336,0.9987265467643738,873,150
229,7633,7,0.8962154984474182,0.28234097361564636,-0.06022985652089119,0.9978620409965515,860,152
229,7633,8,0.9096015095710754,0.28379520773887634,-0.08949927985668182,0.9979602098464966,873,153
229,7633,9,0.9033213257789612,0.29927554726600647,-0.04337400197982788,0.9972434043884277,867,161
229,7633,10,0.9056205749511719,0.30003440380096436,-0.05682668462395668,0.9980185031890869,869,162
229,7633,11,0.8800220489501953,0.35004723072052,-0.037693772464990616,0.9999060034751892,844,189
229,7633,12,0.9191505908966064,0.3496648669242859,-0.10313204675912857,0.999952495098114,882,188
229,7633,13,0.8753998875617981,0.4451889991760254,-0.01353246346116066,0.48670685291290283,840,240
229,7633,14,0.9272689819335938,0.44533076882362366,-0.10123754292726517,0.9501946568489075,890,240
229,7633,15,0.8596325516700745,0.5256289839744568,-0.01181471161544323,0.45936161279678345,825,283
229,7633,16,0.9466437101364136,0.520932674407959,-0.08624647557735443,0.8859930038452148,908,281
229,7633,17,0.852383553981781,0.5474605560302734,-0.01737481914460659,0.43449506163597107,818,295
229,7633,18,0.9517291784286499,0.542007327079773,-0.0988067165017128,0.8308800458908081,913,292
229,7633,19,0.8562272191047668,0.5494930148124695,-0.025170911103487015,0.42226481437683105,821,296
229,7633,20,0.9535110592842102,0.5413880348205566,-0.0978504866361618,0.824522078037262,915,292
229,7633,21,0.860215425491333,0.5426377058029175,-0.013860981911420822,0.3547321856021881,825,293
229,7633,22,0.9506756067276001,0.5353403091430664,-0.08504469692707062,0.7590774297714233,912,289
229,7633,23,0.8861032724380493,0.51458740234375,0.027631273493170738,0.9999340176582336,850,277
229,7633,24,0.8944956660270691,0.511414110660553,-0.027772922068834305,0.9999576210975647,858,276
229,7633,25,0.9047787189483643,0.6257737278938293,0.08999193459749222,0.6739597320556641,868,337
229,7633,26,0.874957799911499,0.6356306076049805,-0.007956723682582378,0.94255530834198,839,343
229,7633,27,0.9339722394943237,0.7375478744506836,0.16270428895950317,0.8314880132675171,896,398
229,7633,28,0.8403806686401367,0.7542880177497864,0.04107086360454559,0.9608535766601562,806,407
229,7633,29,0.9366922974586487,0.7677027583122253,0.16596107184886932,0.7984015345573425,899,414
229,7633,30,0.8326432108879089,0.776179313659668,0.04370471090078354,0.7991166710853577,799,419
229,7633,31,0.9580233097076416,0.7301443815231323,0.1233089417219162,0.7955333590507507,919,394
229,7633,32,0.8634059429168701,0.7832040786743164,-0.007712527643889189,0.9112964868545532,828,422
230,7666,0,0.912439227104187,0.2915242910385132,0.012470200657844543,0.9981259703636169,875,157
230,7666,1,0.9111177325248718,0.2804063856601715,0.003289569169282913,0.9968420267105103,874,151
230,7666,2,0.9094578623771667,0.2797148525714874,0.003164105350151658,0.9961171746253967,873,151
230,7666,3,0.907450258731842,0.27908119559288025,0.0032020173966884613,0.997117817401886,871,150
230,7666,4,0.9147809147834778,0.28096798062324524,-0.004401566926389933,0.9979193806648254,878,151
230,7666,5,0.9160118103027344,0.28074145317077637,-0.00456001004204154,0.9983272552490234,879,151
230,7666,6,0.9174417853355408,0.28050893545150757,-0.004611779469996691,0.9988307952880859,880,151
230,7666,7,0.9015645980834961,0.2830486595630646,-0.03258238360285759,0.9980393648147583,865,152
230,7666,8,0.9186999797821045,0.2856181263923645,-0.06540682166814804,0.9981280565261841,881,154
230,7666,9,0.9092755913734436,0.29928407073020935,0.0073637147434055805,0.9974663853645325,872,161
230,7666,10,0.9121634364128113,0.3003998100757599,-0.003896181471645832,0.9981767535209656,875,162
230,7666,11,0.8760324120521545,0.35002878308296204,-0.02421712502837181,0.9999134540557861,840,189
230,7666,12,0.9275222420692444,0.3530944585800171,-0.09753363579511642,0.9999562501907349,890,190
230,7666,13,0.867493748664856,0.4471944570541382,-0.012799839489161968,0.5138346552848816,832,241
230,7666,14,0.9366904497146606,0.4483933448791504,-0.10266406089067459,0.9546467661857605,899,242
230,7666,15,0.8597477674484253,0.5279944539070129,0.0037694971542805433,0.4861575663089752,825,285
230,7666,16,0.9550219774246216,0.527794599533081,-0.0842001885175705,0.8950019478797913,916,285
230,7666,17,0.8536190390586853,0.5507199764251709,0.00030659427284263074,0.45507290959358215,819,297
230,7666,18,0.9587935209274292,0.5489574670791626,-0.09651929885149002,0.8411778807640076,920,296
230,7666,19,0.8577715158462524,0.5546075105667114,-0.007022839970886707,0.4408932030200958,823,299
230,7666,20,0.9611509442329407,0.5487847924232483,-0.09729712456464767,0.834881603717804,922,296
230,7666,21,0.8625835180282593,0.5478914976119995,0.0019385453779250383,0.36667463183403015,828,295
230,7666,22,0.9590051770210266,0.5434582233428955,-0.08398576080799103,0.7692026495933533,920,293
230,7666,23,0.8868438601493835,0.5181484222412109,0.03292423114180565,0.9999390244483948,851,279
230,7666,24,0.9026698470115662,0.5150727033615112,-0.03304237872362137,0.9999608993530273,866,278
230,7666,25,0.9135057926177979,0.6275841593742371,0.11527936905622482,0.692769467830658,876,338
230,7666,26,0.8767626285552979,0.6356717944145203,0.0027241872157901525,0.9470634460449219,841,343
230,7666,27,0.9398905038833618,0.7369283437728882,0.18149855732917786,0.8446295857429504,902,397
230,7666,28,0.8407688736915588,0.754231333732605,0.043139953166246414,0.9634886384010315,807,407
230,7666,29,0.9411402940750122,0.7665734887123108,0.18473832309246063,0.8135754466056824,903,413
230,7666,30,0.8321510553359985,0.7762255668640137,0.045245978981256485,0.8102496862411499,798,419
230,7666,31,0.9681569337844849,0.7310028672218323,0.15113620460033417,0.8091260194778442,929,394
230,7666,32,0.8650622963905334,0.7831583023071289,-0.0010003973729908466,0.9166367053985596,830,422
231,7700,0,0.913221001625061,0.290791779756546,-0.08667213469743729,0.9982597231864929,876,157
231,7700,1,0.9125441908836365,0.2796531319618225,-0.08783004432916641,0.9970560073852539,876,151
231,7700,2,0.9113844037055969,0.2789500057697296,-0.08799336850643158,0.9963868260383606,874,150
231,7700,3,0.9101501703262329,0.27830779552459717,-0.08794967830181122,0.9973204731941223,873,150
231,7700,4,0.9148491024971008,0.28027522563934326,-0.09503345191478729,0.9980512857437134,878,151
231,7700,5,0.9154967069625854,0.28008967638015747,-0.09520947188138962,0.9984323978424072,878,151
231,7700,6,0.9163088202476501,0.27990132570266724,-0.09529439359903336,0.998897910118103,879,151
231,7700,7,0.9065806269645691,0.2825443744659424,-0.07716313004493713,0.9981650114059448,870,152
231,7700,8,0.9152870178222656,0.28519248962402344,-0.11083516478538513,0.9982156753540039,878,154
231,7700,9,0.9103763699531555,0.2987715005874634,-0.07793577015399933,0.9976322054862976,873,161
231,7700,10,0.9120422601699829,0.29986435174942017,-0.08885397017002106,0.9982839822769165,875,161
231,7700,11,0.8979092240333557,0.35144832730293274,-0.04454772174358368,0.9999185800552368,861,189
231,7700,12,0.9157388806343079,0.3525223433971405,-0.11890058219432831,0.9999557733535767,879,190
231,7700,13,0.8849012851715088,0.4508064091205597,-0.025573503226041794,0.5427122116088867,849,243
231,7700,14,0.9222227334976196,0.44795864820480347,-0.1272929459810257,0.9571962952613831,885,241
231,7700,15,0.8606618642807007,0.5283163785934448,-0.0370996855199337,0.512817919254303,826,285
231,7700,16,0.9535755515098572,0.5282478332519531,-0.12012967467308044,0.8936488628387451,915,285
231,7700,17,0.8569706678390503,0.552344799041748,-0.04756437614560127,0.48063111305236816,822,298
231,7700,18,0.9583117365837097,0.5501184463500977,-0.13732384145259857,0.8367586135864258,919,297
231,7700,19,0.8601803183555603,0.5566229224205017,-0.05577724799513817,0.46681463718414307,825,300
231,7700,20,0.9599630832672119,0.5515060424804688,-0.1390048712491989,0.8309658765792847,921,297
231,7700,21,0.8644675016403198,0.5481663942337036,-0.039838388562202454,0.3880862295627594,829,296
231,7700,22,0.9559313654899597,0.5448155999183655,-0.12073114514350891,0.7597877979278564,917,294
231,7700,23,0.9004945755004883,0.5203352570533752,0.03255980834364891,0.9999425411224365,864,280
231,7700,24,0.9003491997718811,0.5157581567764282,-0.03266369178891182,0.999962329864502,864,278
231,7700,25,0.9124458432197571,0.6265155076980591,0.11014499515295029,0.7069110870361328,875,338
231,7700,26,0.8774073123931885,0.6352896690368652,0.0013761654263362288,0.9500319361686707,842,343
231,7700,27,0.9396694302558899,0.7365867495536804,0.17540650069713593,0.8574134707450867,902,397
231,7700,28,0.8407267928123474,0.7534152269363403,0.045346297323703766,0.9659286737442017,807,406
231,7700,29,0.9424847364425659,0.7664907574653625,0.17788444459438324,0.8241052627563477,904,413
231,7700,30,0.8317318558692932,0.7762061953544617,0.04727834463119507,0.8114467859268188,798,419
231,7700,31,0.9672909379005432,0.7316082715988159,0.12869328260421753,0.8254886269569397,928,395
231,7700,32,0.8646008372306824,0.7831308245658875,-0.01056390069425106,0.923232913017273,830,422
232,7733,0,0.9189302921295166,0.29042938351631165,0.016580408439040184,0.9982681274414062,882,156
232,7733,1,0.9166516065597534,0.2797427475452423,0.005287699867039919,0.9971085786819458,879,151
232,7733,2,0.9142715930938721,0.2790410816669464,0.005144141148775816,0.9964410066604614,877,150
232,7733,3,0.911785900592804,0.27831900119781494,0.005176587030291557,0.9973776936531067,875,150
232,7733,4,0.9220777153968811,0.28042396903038025,0.0003229990543331951,0.9980368614196777,885,151
232,7733,5,0.9236258864402771,0.28031134605407715,0.00016236073861364275,0.998410701751709,886,151
232,7733,6,0.9253219962120056,0.2801806628704071,0.00011462206748547032,0.9988820552825928,888,151
232,7733,7,0.9074305891990662,0.2830828130245209,-0.03203471004962921,0.9982367753982544,871,152
232,7733,8,0.9267957210540771,0.2866857647895813,-0.05432986468076706,0.9982212781906128,889,154
232,7733,9,0.9148960709571838,0.29864194989204407,0.00864631962031126,0.9976978898048401,878,161
232,7733,10,0.9190695285797119,0.2998271584510803,0.0008893694612197578,0.9982941150665283,882,161
232,7733,11,0.888778805732727,0.3519710600376129,-0.03800124302506447,0.9999243021011353,853,190
232,7733,12,0.9327239394187927,0.35308441519737244,-0.0785539448261261,0.9999562501907349,895,190
232,7733,13,0.8753111958503723,0.4499557316303253,-0.011443705298006535,0.5584022998809814,840,242
232,7733,14,0.9418176412582397,0.450342059135437,-0.08282701671123505,0.95695960521698,904,243
232,7733,15,0.8645194172859192,0.5274781584739685,-0.02792184427380562,0.5307483077049255,829,284
232,7733,16,0.9602430462837219,0.5301246643066406,-0.05850166454911232,0.8894917964935303,921,286
232,7733,17,0.8626206517219543,0.5512417554855347,-0.03505704551935196,0.4937041997909546,828,297
232,7733,18,0.9626861214637756,0.5534863471984863,-0.0671234205365181,0.8264625072479248,924,298
232,7733,19,0.865388810634613,0.5555948615074158,-0.030083175748586655,0.4775131344795227,830,300
232,7733,20,0.9654232859611511,0.554291307926178,-0.06860192120075226,0.8195810914039612,926,299
232,7733,21,0.8686797618865967,0.5468011498451233,-0.02357005700469017,0.3914460837841034,833,295
232,7733,22,0.9620551466941833,0.5468968152999878,-0.05878712236881256,0.7410888075828552,923,295
232,7733,23,0.9019902348518372,0.5301780700683594,0.029985185712575912,0.9999463558197021,865,286
232,7733,24,0.9146633148193359,0.529819130897522,-0.030107775703072548,0.9999644160270691,878,286
232,7733,25,0.922093391418457,0.6427674293518066,0.11130692809820175,0.7136862277984619,885,347
232,7733,26,0.8787213563919067,0.6389509439468384,0.02046462707221508,0.9498785734176636,843,345
232,7733,27,0.9445025324821472,0.7430851459503174,0.18057285249233246,0.8662909865379333,906,401
232,7733,28,0.8433710336685181,0.753305196762085,0.0659903958439827,0.9660763144493103,809,406
232,7733,29,0.9440891742706299,0.7700628638267517,0.18434271216392517,0.8340759873390198,906,415
232,7733,30,0.8331801891326904,0.7744240164756775,0.06874342262744904,0.8122459650039673,799,418
232,7733,31,0.9719527363777161,0.7470047473907471,0.1500001847743988,0.833551287651062,933,403
232,7733,32,0.8647857308387756,0.783519446849823,0.02575593627989292,0.9239755868911743,830,423
233,7766,0,0.9208665490150452,0.2900875210762024,0.0373564288020134,0.9984071850776672,884,156
233,7766,1,0.917809247970581,0.27936509251594543,0.026136497035622597,0.9973379969596863,881,150
233,7766,2,0.915110170841217,0.27867576479911804,0.025995763018727303,0.9967179894447327,878,150
233,7766,3,0.9123719930648804,0.2779676914215088,0.02604629471898079,0.9975806474685669,875,150
233,7766,4,0.9237824082374573,0.2801036834716797,0.018935369327664375,0.9981933236122131,886,151
233,7766,5,0.9255743026733398,0.28005626797676086,0.018787113949656487,0.9985388517379761,888,151
233,7766,6,0.927381694316864,0.28000399470329285,0.018750416114926338,0.9989733695983887,890,151
233,7766,7,0.907829225063324,0.28272581100463867,-0.012822502292692661,0.9983736276626587,871,152
233,7766,8,0.9289566278457642,0.2865968346595764,-0.04547218605875969,0.9983704090118408,891,154
233,7766,9,0.916424572467804,0.2984408736228943,0.02885030023753643,0.9978874325752258,879,161
233,7766,10,0.9215776324272156,0.29972323775291443,0.0181596502661705,0.9984354972839355,884,161
233,7766,11,0.8850787281990051,0.35163745284080505,-0.0166693814098835,0.9999307990074158,849,189
233,7766,12,0.9357095956802368,0.3534664213657379,-0.0804874449968338,0.9999597668647766,898,190
233,7766,13,0.8727901577949524,0.4498821794986725,-0.0028747101314365864,0.5888205170631409,837,242
233,7766,14,0.9459813237190247,0.4524517059326172,-0.09483912587165833,0.9603700637817383,908,244
233,7766,15,0.8645988702774048,0.5283482074737549,-0.01462916936725378,0.5666815638542175,830,285
233,7766,16,0.9625515341758728,0.5318132042884827,-0.08400334417819977,0.899255633354187,924,287
233,7766,17,0.8639325499534607,0.5511689782142639,-0.023736266419291496,0.5286908745765686,829,297
233,7766,18,0.9671676754951477,0.5565062165260315,-0.09882314503192902,0.8403546810150146,928,300
233,7766,19,0.8672734498977661,0.5558347702026367,-0.0240658950060606,0.5125002861022949,832,300
233,7766,20,0.9682726263999939,0.5574598908424377,-0.09877908229827881,0.8339415192604065,929,301
233,7766,21,0.8698949217796326,0.5466775894165039,-0.013562241569161415,0.4242338240146637,835,295
233,7766,22,0.9656692147254944,0.5495930314064026,-0.0842318907380104,0.7591772675514221,927,296
233,7766,23,0.9036815762519836,0.533750057220459,0.030477015301585197,0.9999499917030334,867,288
233,7766,24,0.9138883948326111,0.5324764251708984,-0.030587531626224518,0.9999666213989258,877,287
233,7766,25,0.9249435663223267,0.6466125845909119,0.11284840106964111,0.7111644744873047,887,349
233,7766,26,0.879694402217865,0.6443896293640137,0.014308520592749119,0.9447600245475769,844,347
233,7766,27,0.9433996677398682,0.7452713847160339,0.1906670778989792,0.8617777228355408,905,402
233,7766,28,0.8453088998794556,0.7532916069030762,0.06769483536481857,0.9570415019989014,811,406
233,7766,29,0.942313551902771,0.7704881429672241,0.195326030254364,0.8325093984603882,904,416
233,7766,30,0.8350363969802856,0.7725555300712585,0.0714542493224144,0.7971450090408325,801,417
233,7766,31,0.9579706788063049,0.7642596960067749,0.16343921422958374,0.8256628513336182,919,412
233,7766,32,0.863761305809021,0.783398449420929,0.030269673094153404,0.9117125272750854,829,423
234,7800,0,0.9256781339645386,0.29185861349105835,-0.07933127135038376,0.9985275864601135,888,157
234,7800,1,0.9252879023551941,0.2810111939907074,-0.07139043509960175,0.9974454045295715,888,151
234,7800,2,0.9244819283485413,0.280560702085495,-0.07157918065786362,0.9968662858009338,887,151
234,7800,3,0.9237270951271057,0.28014516830444336,-0.07155262678861618,0.997683048248291,886,151
234,7800,4,0.9269231557846069,0.28134915232658386,-0.07657696306705475,0.9982844591140747,889,151
234,7800,5,0.9274371862411499,0.28120672702789307,-0.07678022235631943,0.9986228346824646,890,151
234,7800,6,0.9280329346656799,0.2810659408569336,-0.07689546793699265,0.9990274310112,890,151
234,7800,7,0.9211680293083191,0.2848152816295624,-0.013437042012810707,0.9984143376350403,884,153
234,7800,8,0.9255053997039795,0.2867390811443329,-0.052997589111328125,0.9984287023544312,888,154
234,7800,9,0.923797070980072,0.3006749451160431,-0.05997972935438156,0.9980477094650269,886,162
234,7800,10,0.9251052141189575,0.3016022741794586,-0.06812644004821777,0.9985525608062744,888,162
234,7800,11,0.9419146180152893,0.3528301417827606,-0.0015561942709609866,0.9999348521232605,904,190
234,7800,12,0.901897668838501,0.3534749746322632,-0.04886988177895546,0.9999610185623169,865,190
234,7800,13,0.9511660933494568,0.45017388463020325,0.01897125318646431,0.6248100996017456,913,243
234,7800,14,0.8886659145355225,0.44799503684043884,-0.05480876937508583,0.9635801911354065,853,241
234,7800,15,0.9650388956069946,0.5306037664413452,-0.018341470509767532,0.6078556180000305,926,286
234,7800,16,0.8810602426528931,0.5227214694023132,-0.09253151714801788,0.9089363813400269,845,282
234,7800,17,0.9722450375556946,0.5520768761634827,-0.028518278151750565,0.572358250617981,933,298
234,7800,18,0.8756483197212219,0.5474902391433716,-0.10949371755123138,0.8555691242218018,840,295
234,7800,19,0.9694712162017822,0.5567740201950073,-0.047373101115226746,0.5582659244537354,930,300
234,7800,20,0.8821963667869568,0.5525660514831543,-0.12506717443466187,0.8498966693878174,846,298
234,7800,21,0.9647725820541382,0.5484117865562439,-0.02608412317931652,0.47799646854400635,926,296
234,7800,22,0.886904776096344,0.5444773435592651,-0.10012301802635193,0.7822442650794983,851,294
234,7800,23,0.9360716938972473,0.5353487133979797,0.024549180641770363,0.9999498128890991,898,289
234,7800,24,0.9119204878807068,0.5332360863685608,-0.024672161787748337,0.9999654293060303,875,287
234,7800,25,0.9315429925918579,0.6459861397743225,0.07863088697195053,0.7257145047187805,894,348
234,7800,26,0.888268232345581,0.6440162658691406,-0.032119426876306534,0.9483389854431152,852,347
234,7800,27,0.9450265169143677,0.7469266057014465,0.15079650282859802,0.8693176507949829,907,403
234,7800,28,0.8495082855224609,0.7505173683166504,0.0015582862542942166,0.9590508341789246,815,405
234,7800,29,0.9416242837905884,0.7718573212623596,0.1531488001346588,0.826240599155426,903,416
234,7800,30,0.8371552228927612,0.7659103870391846,0.0017842508386820555,0.7874947190284729,803,413
234,7800,31,0.9704267382621765,0.7639687657356262,0.08590629696846008,0.8375910520553589,931,412
234,7800,32,0.8636607527732849,0.7837825417518616,-0.07495643198490143,0.9174386858940125,829,423
235,7833,0,0.9262470006942749,0.2926543354988098,-0.13128402829170227,0.9986206889152527,889,158
235,7833,1,0.9281936883926392,0.28151264786720276,-0.12185616046190262,0.9974600672721863,891,152
235,7833,2,0.9288828372955322,0.2813344895839691,-0.1220630332827568,0.9969211220741272,891,151
235,7833,3,0.9297435879707336,0.28127816319465637,-0.12205357849597931,0.9977079629898071,892,151
235,7833,4,0.9260631203651428,0.28128188848495483,-0.12542644143104553,0.998311460018158,889,151
235,7833,5,0.9252417683601379,0.28100425004959106,-0.12563560903072357,0.9986564517021179,888,151
235,7833,6,0.9243243932723999,0.2808103561401367,-0.12575280666351318,0.9990368485450745,887,151
235,7833,7,0.9300853610038757,0.2869510054588318,-0.05984322354197502,0.9983969926834106,892,154
235,7833,8,0.9215282201766968,0.2859634757041931,-0.0775117501616478,0.998375415802002,884,154
235,7833,9,0.9254895448684692,0.3027050197124481,-0.10746046155691147,0.998141884803772,888,163
235,7833,10,0.9232409596443176,0.302686870098114,-0.11355972290039062,0.9986181855201721,886,163
235,7833,11,0.9441480040550232,0.353200763463974,-0.02739311009645462,0.9999377131462097,906,190
235,7833,12,0.893657922744751,0.35347726941108704,-0.047867462038993835,0.9999591112136841,857,190
235,7833,13,0.9540408849716187,0.45044422149658203,-0.009021121077239513,0.6555915474891663,915,243
235,7833,14,0.8825647830963135,0.44804173707962036,-0.04807955026626587,0.9647547006607056,847,241
235,7833,15,0.9693629741668701,0.5333794951438904,-0.0541415810585022,0.6413626074790955,930,288
235,7833,16,0.8751159310340881,0.5216283798217773,-0.09741733223199844,0.9166192412376404,840,281
235,7833,17,0.9753779768943787,0.5538918375968933,-0.06672396510839462,0.6063756942749023,936,299
235,7833,18,0.871546745300293,0.5454295873641968,-0.11429431289434433,0.8676416277885437,836,294
235,7833,19,0.9728573560714722,0.5585787296295166,-0.08674552291631699,0.5947293639183044,933,301
235,7833,20,0.8767521977424622,0.5518201589584351,-0.13301031291484833,0.8628671765327454,841,297
235,7833,21,0.9678723216056824,0.5507375001907349,-0.06271084398031235,0.5207772850990295,929,297
235,7833,22,0.8797032237052917,0.5436276793479919,-0.10674605518579483,0.8010560274124146,844,293
235,7833,23,0.9397662878036499,0.5345683097839355,0.011784452013671398,0.9999502301216125,902,288
235,7833,24,0.9123573899269104,0.5337421298027039,-0.011929484084248543,0.9999646544456482,875,288
235,7833,25,0.9333237409591675,0.645990252494812,0.058756329119205475,0.7419100999832153,895,348
235,7833,26,0.8892873525619507,0.6445412635803223,-0.03564043715596199,0.9513859748840332,853,348
235,7833,27,0.9473472237586975,0.7485117316246033,0.14246948063373566,0.8744484782218933,909,404
235,7833,28,0.8510845303535461,0.7504814267158508,-0.00905007403343916,0.9609293937683105,817,405
235,7833,29,0.9436997175216675,0.7725198268890381,0.14602258801460266,0.8124913573265076,905,417
235,7833,30,0.8404105305671692,0.7660546898841858,-0.009526127949357033,0.7827634215354919,806,413
235,7833,31,0.9739519953727722,0.7633596658706665,0.08363834768533707,0.8453102111816406,934,412
235,7833,32,0.8473469614982605,0.7907630801200867,-0.08336757868528366,0.9224207401275635,813,427
236,7866,0,0.9333881735801697,0.2922168970108032,0.033380910754203796,0.9987272620201111,896,157
236,7866,1,0.9320307374000549,0.28147172927856445,0.027026526629924774,0.9976624846458435,894,151
236,7866,2,0.930553674697876,0.2812652587890625,0.026885075494647026,0.9971585869789124,893,151
236,7866,3,0.9289951324462891,0.28118982911109924,0.026926131919026375,0.9978871941566467,891,151
236,7866,4,0.935393214225769,0.2812269628047943,0.018406091257929802,0.9984447956085205,897,151
236,7866,5,0.936475932598114,0.2809010446071625,0.018234150484204292,0.9987618327140808,899,151
236,7866,6,0.9377747774124146,0.28066378831863403,0.018179714679718018,0.9991128444671631,900,151
236,7866,7,0.9249839186668396,0.2868296802043915,0.007146921940147877,0.9985225796699524,887,154
236,7866,8,0.9388918280601501,0.2858807444572449,-0.03223548084497452,0.9985029101371765,901,154
236,7866,9,0.9304767847061157,0.3021795153617859,0.030199239030480385,0.9982832670211792,893,163
236,7866,10,0.9330910444259644,0.30258187651634216,0.01761387102305889,0.9987190961837769,895,163
236,7866,11,0.942493736743927,0.35164713859558105,0.02369263581931591,0.9999418258666992,904,189
236,7866,12,0.945635974407196,0.35351449251174927,-0.058170072734355927,0.9999620318412781,907,190
236,7866,13,0.91264808177948,0.4473920464515686,0.0456969253718853,0.6633239984512329,876,241
236,7866,14,0.9541294574737549,0.44810548424720764,-0.0597582682967186,0.9679548740386963,915,241
236,7866,15,0.9058879613876343,0.5298879146575928,0.042570654302835464,0.6614454388618469,869,286
236,7866,16,0.9653785824775696,0.5249579548835754,-0.06951942294836044,0.9241871237754822,926,283
236,7866,17,0.8989036083221436,0.5528987050056458,0.03913789987564087,0.6259748339653015,862,298
236,7866,18,0.9686355590820312,0.5498906373977661,-0.08141867816448212,0.8786740303039551,929,296
236,7866,19,0.9029968976974487,0.5583184361457825,0.030213527381420135,0.613548994064331,866,301
236,7866,20,0.969839334487915,0.5534167885780334,-0.08489398658275604,0.8742184638977051,931,298
236,7866,21,0.9071518182754517,0.5506359934806824,0.03965331241488457,0.5358989834785461,870,297
236,7866,22,0.9675949215888977,0.5443328619003296,-0.07089439034461975,0.8164454102516174,928,293
236,7866,23,0.9255385994911194,0.5304898619651794,0.03515441343188286,0.99995356798172,888,286
236,7866,24,0.929529070854187,0.5323342680931091,-0.035276174545288086,0.9999669790267944,892,287
236,7866,25,0.9383363723754883,0.6442015171051025,0.09349016845226288,0.7451231479644775,900,347
236,7866,26,0.9041168689727783,0.642509400844574,-0.03576267138123512,0.9545609354972839,867,346
236,7866,27,0.9481403827667236,0.7495747804641724,0.14887399971485138,0.8788338899612427,910,404
236,7866,28,0.8523422479629517,0.7452244758605957,-0.008577669970691204,0.9623235464096069,818,402
236,7866,29,0.9430592060089111,0.7741574048995972,0.15168480575084686,0.821977972984314,905,418
236,7866,30,0.8397702574729919,0.7565285563468933,-0.007266317028552294,0.790332555770874,806,408
236,7866,31,0.9765536189079285,0.7653025984764099,0.11121972650289536,0.8493240475654602,937,413
236,7866,32,0.8633056879043579,0.7924290299415588,-0.053390998393297195,0.9251299500465393,828,427
237,7900,0,0.9341822862625122,0.2896687686443329,0.027151009067893028,0.9988080859184265,896,156
237,7900,1,0.9323095679283142,0.2787391245365143,0.02161731757223606,0.9978175759315491,895,150
237,7900,2,0.9304983019828796,0.2783789038658142,0.021479297429323196,0.9973409175872803,893,150
237,7900,3,0.9285122752189636,0.27797630429267883,0.021519098430871964,0.9980251789093018,891,150
237,7900,4,0.9361856579780579,0.2789832651615143,0.012852122075855732,0.9985475540161133,898,150
237,7900,5,0.9372509121894836,0.27888235449790955,0.012678652070462704,0.9988433122634888,899,150
237,7900,6,0.9384431838989258,0.27877315878868103,0.012620372697710991,0.9991706609725952,900,150
237,7900,7,0.9240832924842834,0.2837456166744232,0.004806530196219683,0.9986258745193481,887,153
237,7900,8,0.9391545057296753,0.28488460183143616,-0.03562193363904953,0.9986042976379395,901,153
237,7900,9,0.9310917258262634,0.30029264092445374,0.025529731065034866,0.9983963370323181,893,162
237,7900,10,0.9338762760162354,0.3006287217140198,0.012759416364133358,0.9987967610359192,896,162
237,7900,11,0.9344207644462585,0.3513878881931305,0.023227887228131294,0.9999452233314514,897,189
237,7900,12,0.9487037658691406,0.3531056046485901,-0.058543670922517776,0.9999643564224243,910,190
237,7900,13,0.8998575806617737,0.44730624556541443,0.0422590933740139,0.6700024604797363,863,241
237,7900,14,0.957741916179657,0.4488212764263153,-0.07948318123817444,0.9708714485168457,919,242
237,7900,15,0.8895637392997742,0.5297362804412842,0.04107419028878212,0.6760401129722595,853,286
237,7900,16,0.9711999893188477,0.5265727639198303,-0.07347176969051361,0.9310489892959595,932,284
237,7900,17,0.8830894827842712,0.5528269410133362,0.0377689003944397,0.6400606036186218,847,298
237,7900,18,0.9741901755332947,0.5506941676139832,-0.08619533479213715,0.8888463377952576,935,297
237,7900,19,0.8872162699699402,0.557739794254303,0.029503492638468742,0.626516580581665,851,301
237,7900,20,0.9769847393035889,0.5534073114395142,-0.08999144285917282,0.8847209811210632,937,298
237,7900,21,0.8924808502197266,0.5504853129386902,0.03846263140439987,0.5446210503578186,856,297
237,7900,22,0.9747833013534546,0.5445803999900818,-0.07560815662145615,0.8305374383926392,935,294
237,7900,23,0.9243198037147522,0.528365433216095,0.03883635625243187,0.9999560117721558,887,285
237,7900,24,0.9330133199691772,0.529457688331604,-0.03895225375890732,0.9999687671661377,895,285
237,7900,25,0.9329821467399597,0.643004298210144,0.09835900366306305,0.744372546672821,895,347
237,7900,26,0.9057311415672302,0.6399886608123779,-0.030577847734093666,0.958030641078949,869,345
237,7900,27,0.9484582543373108,0.7497088313102722,0.14778245985507965,0.885443925857544,910,404
237,7900,28,0.8528152108192444,0.7416176199913025,0.001154736033640802,0.9646220207214355,818,400
237,7900,29,0.9432001113891602,0.7760674953460693,0.14916880428791046,0.8326154947280884,905,419
237,7900,30,0.8393144011497498,0.7524297833442688,0.002809486584737897,0.8022673726081848,805,406
237,7900,31,0.9730494022369385,0.7657648324966431,0.11218567937612534,0.8578299283981323,934,413
237,7900,32,0.8673483729362488,0.7923650145530701,-0.04434960335493088,0.9303100109100342,832,427
238,7933,0,0.9403009414672852,0.2902720868587494,-0.047276005148887634,0.9971732497215271,902,156
238,7933,1,0.9393698573112488,0.2792290151119232,-0.047608550637960434,0.9935944676399231,901,150
238,7933,2,0.9381285905838013,0.2787856161594391,-0.04778552055358887,0.9925151467323303,900,150
238,7933,3,0.9367650151252747,0.2783445119857788,-0.047759514302015305,0.9949547052383423,899,150
238,7933,4,0.9419265985488892,0.27948370575904846,-0.05541892349720001,0.9956965446472168,904,150
238,7933,5,0.9427769780158997,0.27932479977607727,-0.0556110218167305,0.996667742729187,905,150
238,7933,6,0.9438819885253906,0.2792005240917206,-0.05572047084569931,0.9975466132164001,906,150
238,7933,7,0.9320892691612244,0.283654123544693,-0.03446851298213005,0.9965202212333679,894,153
238,7933,8,0.9426843523979187,0.28526976704597473,-0.07151703536510468,0.9958004951477051,904,154
238,7933,9,0.9381215572357178,0.30017390847206116,-0.03826509788632393,0.9968528151512146,900,162
238,7933,10,0.9394407868385315,0.3006660044193268,-0.0499083548784256,0.9973630309104919,901,162
238,7933,11,0.9338501691818237,0.35055992007255554,-0.000795581319835037,0.9999407529830933,896,189
238,7933,12,0.9224599599838257,0.35303857922554016,-0.07919880002737045,0.9999533295631409,885,190
238,7933,13,0.9057546257972717,0.44532689452171326,0.02823772467672825,0.6507390737533569,869,240
238,7933,14,0.9422577619552612,0.446533739566803,-0.08426615595817566,0.9708256125450134,904,241
238,7933,15,0.892382800579071,0.5265158414840698,0.03718492016196251,0.6706263422966003,856,284
238,7933,16,0.9527234435081482,0.526949942111969,-0.07534594088792801,0.9287103414535522,914,284
238,7933,17,0.8833126425743103,0.5517038702964783,0.033012691885232925,0.6374896168708801,847,297
238,7933,18,0.9549968242645264,0.5517376661300659,-0.0877954289317131,0.8844158053398132,916,297
238,7933,19,0.8879241347312927,0.5567405819892883,0.014151857234537601,0.6246227622032166,852,300
238,7933,20,0.9580733776092529,0.5533177256584167,-0.09271765500307083,0.8810205459594727,919,298
238,7933,21,0.893661618232727,0.54896080493927,0.026956528425216675,0.5385996699333191,857,296
238,7933,22,0.956597089767456,0.5445008277893066,-0.07755710184574127,0.8251286149024963,918,294
238,7933,23,0.93686443567276,0.5254072546958923,0.03734033554792404,0.999954879283905,899,283
238,7933,24,0.9325259923934937,0.5257141590118408,-0.03746528550982475,0.9999661445617676,895,283
238,7933,25,0.9348337054252625,0.6421667337417603,0.08444508165121078,0.706908643245697,897,346
238,7933,26,0.9147933721542358,0.6395617723464966,-0.04431072995066643,0.9549533128738403,878,345
238,7933,27,0.9487355947494507,0.7494614124298096,0.13624708354473114,0.8825995922088623,910,404
238,7933,28,0.8602067232131958,0.7329753637313843,0.00195860187523067,0.96290522813797,825,395
238,7933,29,0.9425374865531921,0.7761383056640625,0.13707470893859863,0.8221149444580078,904,419
238,7933,30,0.8454503417015076,0.7396998405456543,0.0046431198716163635,0.7875149846076965,811,399
238,7933,31,0.973820686340332,0.7697592377662659,0.08548817038536072,0.8584725260734558,934,415
238,7933,32,0.870286762714386,0.7919103503227234,-0.04708890989422798,0.930696427822113,835,427
239,7966,0,0.9421605467796326,0.28487417101860046,-0.015187975019216537,0.9974149465560913,904,153
239,7966,1,0.940323531627655,0.27406802773475647,-0.01769995503127575,0.9941603541374207,902,147
239,7966,2,0.9387320876121521,0.2738664746284485,-0.017846882343292236,0.9931711554527283,901,147
239,7966,3,0.937078595161438,0.2736378312110901,-0.017810488119721413,0.995398223400116,899,147
239,7966,4,0.9434985518455505,0.27427858114242554,-0.025259768590331078,0.9960721135139465,905,148
239,7966,5,0.9443731307983398,0.27434730529785156,-0.025434108451008797,0.996954083442688,906,148
239,7966,6,0.9453830122947693,0.2743748724460602,-0.025495661422610283,0.9977526664733887,907,148
239,7966,7,0.9332926273345947,0.2799016833305359,-0.01733214035630226,0.9968303442001343,895,151
239,7966,8,0.9453709125518799,0.281643271446228,-0.0529707707464695,0.996151864528656,907,152
239,7966,9,0.9393782019615173,0.29599881172180176,-0.01052974071353674,0.9971035718917847,901,159
239,7966,10,0.9419212341308594,0.2966044545173645,-0.021896036341786385,0.9975595474243164,904,160
239,7966,11,0.9207760691642761,0.348922997713089,0.008514229208230972,0.9999441504478455,883,188
239,7966,12,0.951693594455719,0.34974801540374756,-0.06932667642831802,0.9999515414237976,913,188
239,7966,13,0.9023861289024353,0.4441206455230713,0.028063030913472176,0.6484832167625427,866,239
239,7966,14,0.9623831510543823,0.4465947449207306,-0.07744435966014862,0.971676766872406,923,241
239,7966,15,0.8927302956581116,0.5244097709655762,0.024774378165602684,0.6820827722549438,857,283
239,7966,16,0.972478449344635,0.5272622108459473,-0.06051552668213844,0.9256787896156311,933,284
239,7966,17,0.8843325972557068,0.5485583543777466,0.01904786378145218,0.6500798463821411,848,296
239,7966,18,0.9753687977790833,0.5513518452644348,-0.07089724391698837,0.8780211210250854,936,297
239,7966,19,0.888511598110199,0.5535018444061279,0.010245672427117825,0.6365641355514526,852,298
239,7966,20,0.9765981435775757,0.5531784892082214,-0.07348600029945374,0.8741158246994019,937,298
239,7966,21,0.8947514891624451,0.5454277396202087,0.02102174609899521,0.5459186434745789,858,294
239,7966,22,0.9723547101020813,0.5444194078445435,-0.06126464530825615,0.8145924806594849,933,293
239,7966,23,0.9388569593429565,0.5250239372253418,0.03602779656648636,0.9999574422836304,901,283
239,7966,24,0.9414588809013367,0.5252456068992615,-0.036149781197309494,0.9999672770500183,903,283
239,7966,25,0.9347588419914246,0.6424755454063416,0.08462364226579666,0.7119559049606323,897,346
239,7966,26,0.9200742840766907,0.6390774846076965,-0.03727949410676956,0.9575942158699036,883,345
239,7966,27,0.9482077360153198,0.7507580518722534,0.13762807846069336,0.8898025155067444,910,405
239,7966,28,0.8636454939842224,0.7299321889877319,0.0062524499371647835,0.9647731781005859,829,394
239,7966,29,0.9432418942451477,0.7778997421264648,0.1388961672782898,0.8313971161842346,905,420
239,7966,30,0.8473501205444336,0.7367792129516602,0.008276845328509808,0.7951886653900146,813,397
239,7966,31,0.975733757019043,0.7691015005111694,0.0943642109632492,0.8675111532211304,936,415
239,7966,32,0.8717368245124817,0.790793240070343,-0.035865530371665955,0.9350571036338806,836,427
240,8000,0,0.9477431774139404,0.28501617908477783,0.06230577081441879,0.9976407289505005,909,153
240,8000,1,0.94557124376297,0.2741036117076874,0.05414067581295967,0.9946903586387634,907,148
240,8000,2,0.9434770345687866,0.2739265561103821,0.054002031683921814,0.9937877655029297,905,147
240,8000,3,0.9411401152610779,0.273705393075943,0.05401366576552391,0.995813250541687,903,147
240,8000,4,0.9501994252204895,0.2744107246398926,0.04582109674811363,0.9964269995689392,912,148
240,8000,5,0.9515474438667297,0.27447497844696045,0.045666661113500595,0.997226357460022,913,148
240,8000,6,0.9530702233314514,0.2744863033294678,0.04562682285904884,0.9979487061500549,914,148
240,8000,7,0.9361352920532227,0.2799140512943268,0.025892721489071846,0.9971274733543396,898,151
240,8000,8,0.9544788002967834,0.28167492151260376,-0.012574381195008755,0.9964945912361145,916,152
240,8000,9,0.9446197152137756,0.2955850064754486,0.05667673423886299,0.9973443746566772,906,159
240,8000,10,0.9480335116386414,0.2963608205318451,0.04459155723452568,0.9977496862411499,910,160
240,8000,11,0.9159396290779114,0.3480203151702881,0.03821839764714241,0.9999483227729797,879,187
240,8000,12,0.965725839138031,0.34831899404525757,-0.05868374928832054,0.9999537467956543,927,188
240,8000,13,0.9036272764205933,0.43904057145118713,0.04545650631189346,0.6585270166397095,867,237
240,8000,14,0.9735482335090637,0.4463679790496826,-0.07761960476636887,0.9739802479743958,934,241
240,8000,15,0.8995596170425415,0.5187078714370728,0.03944190964102745,0.6963978409767151,863,280
240,8000,16,0.9811640977859497,0.525856614112854,-0.06440882384777069,0.9299300909042358,941,283
240,8000,17,0.8921845555305481,0.5427896976470947,0.036662161350250244,0.6639059782028198,856,293
240,8000,18,0.984515368938446,0.5491378903388977,-0.07443059980869293,0.8830087184906006,945,296
240,8000,19,0.8971755504608154,0.5461047887802124,0.030627815052866936,0.6489984393119812,861,294
240,8000,20,0.9847179651260376,0.5513982772827148,-0.0763336569070816,0.8789353370666504,945,297
240,8000,21,0.9018286466598511,0.5389630794525146,0.03752453252673149,0.5556361675262451,865,291
240,8000,22,0.9815574288368225,0.5430793762207031,-0.0651073306798935,0.8204725980758667,942,293
240,8000,23,0.9332305788993835,0.5189200043678284,0.04146908223628998,0.999960720539093,895,280
240,8000,24,0.9471820592880249,0.5176660418510437,-0.04157073795795441,0.9999693632125854,909,279
240,8000,25,0.946302056312561,0.6348517537117004,0.08236148953437805,0.7283284068107605,908,342
240,8000,26,0.9427730441093445,0.6324276924133301,-0.07916738092899323,0.9615234136581421,905,341
240,8000,27,0.948555588722229,0.7517915368080139,0.09431750327348709,0.8983474373817444,910,405
240,8000,28,0.8758289217948914,0.7196069955825806,-0.061907876282930374,0.9675173163414001,840,388
240,8000,29,0.9419103860855103,0.7779423594474792,0.09153834730386734,0.8454744219779968,904,420
240,8000,30,0.8588208556175232,0.7205722332000732,-0.0604279488325119,0.8120981454849243,824,389
240,8000,31,0.9779087901115417,0.7710939049720764,0.06930843740701675,0.8763890862464905,938,416
240,8000,32,0.8774799108505249,0.7887697219848633,-0.07645304501056671,0.9399265646934509,842,425
241,8033,0,0.9493734836578369,0.28370997309684753,0.07227058708667755,0.997843861579895,911,153
241,8033,1,0.9468168020248413,0.27360621094703674,0.06209515780210495,0.9951608777046204,908,147
241,8033,2,0.9443631768226624,0.27340054512023926,0.06196461245417595,0.9943382143974304,906,147
241,8033,3,0.9414938688278198,0.27315881848335266,0.061974942684173584,0.9961827397346497,903,147
241,8033,4,0.9519823789596558,0.27382659912109375,0.054384369403123856,0.9967438578605652,913,147
241,8033,5,0.9533439874649048,0.27384790778160095,0.05423804000020027,0.9974707365036011,915,147
241,8033,6,0.954811155796051,0.2735671401023865,0.0542093887925148,0.9981248378753662,916,147
241,8033,7,0.935747504234314,0.27940812706947327,0.02573099546134472,0.9973959922790527,898,150
241,8033,8,0.9554173946380615,0.2806260585784912,-0.010061272419989109,0.9968072175979614,917,151
241,8033,9,0.945280134677887,0.2938484251499176,0.06383133679628372,0.9975680112838745,907,158
241,8033,10,0.9496433138847351,0.2943249046802521,0.05257480591535568,0.9979315996170044,911,158
241,8033,11,0.9137045741081238,0.3466564416885376,0.03361642733216286,0.9999526143074036,877,187
241,8033,12,0.9666936993598938,0.34624212980270386,-0.055830907076597214,0.9999567866325378,928,186
241,8033,13,0.9034922122955322,0.4386989176273346,0.04261787608265877,0.6820213198661804,867,236
241,8033,14,0.9742319583892822,0.4450545608997345,-0.0727352723479271,0.9762076139450073,935,240
241,8033,15,0.8996801376342773,0.5188138484954834,0.042670927941799164,0.7171527743339539,863,280
241,8033,16,0.9824548959732056,0.5250964164733887,-0.05495085194706917,0.9352796077728271,943,283
241,8033,17,0.8938305974006653,0.5417367219924927,0.0402500256896019,0.6835440993309021,858,292
241,8033,18,0.9855735898017883,0.5473071336746216,-0.06367836892604828,0.8905754685401917,946,295
241,8033,19,0.8986645340919495,0.5458943843841553,0.03447450324892998,0.6679666042327881,862,294
241,8033,20,0.9856513738632202,0.5499374866485596,-0.06570255011320114,0.8867340087890625,946,296
241,8033,21,0.9025887846946716,0.5389169454574585,0.04103793948888779,0.5747360587120056,866,291
241,8033,22,0.9827433228492737,0.5415302515029907,-0.05556607246398926,0.8305345177650452,943,292
241,8033,23,0.9324514865875244,0.5149413347244263,0.041960734874010086,0.999963641166687,895,278
241,8033,24,0.9496719241142273,0.5128418803215027,-0.042052626609802246,0.9999713897705078,911,276
241,8033,25,0.9487073421478271,0.6315243244171143,0.10144688189029694,0.7417203187942505,910,341
241,8033,26,0.9438597559928894,0.6292462944984436,-0.07083657383918762,0.9652021527290344,906,339
241,8033,27,0.9493559002876282,0.7514360547065735,0.10350335389375687,0.9064290523529053,911,405
241,8033,28,0.8772421479225159,0.7178671956062317,-0.048091549426317215,0.9701830148696899,842,387
241,8033,29,0.941231369972229,0.7780017852783203,0.10865838825702667,0.8589907884597778,903,420
241,8033,30,0.8588508367538452,0.7197765707969666,-0.04600079357624054,0.8282379508018494,824,388
241,8033,31,0.9786127209663391,0.7709252834320068,0.10840902477502823,0.8847678899765015,939,416
241,8033,32,0.8783734440803528,0.7852994799613953,-0.0645209476351738,0.9448308944702148,843,424
242,8066,0,0.9553468227386475,0.2823012173175812,0.07701293379068375,0.9980428218841553,917,152
242,8066,1,0.9523478746414185,0.27280107140541077,0.06579647958278656,0.9956221580505371,914,147
242,8066,2,0.9496226906776428,0.272565633058548,0.0656699538230896,0.9948776364326477,911,147
242,8066,3,0.9465286731719971,0.27223289012908936,0.06567000597715378,0.9965482950210571,908,147
242,8066,4,0.9584814310073853,0.27305907011032104,0.059912871569395065,0.9970507621765137,920,147
242,8066,5,0.9602066278457642,0.27304521203041077,0.05977297201752663,0.9977056384086609,921,147
242,8066,6,0.9621330499649048,0.27288293838500977,0.05975550413131714,0.9982964396476746,923,147
242,8066,7,0.9417892694473267,0.27827417850494385,0.025379592552781105,0.9976503252983093,904,150
242,8066,8,0.9641544222831726,0.2798767685890198,-0.002068751957267523,0.9971015453338623,925,151
242,8066,9,0.9513355493545532,0.2919340133666992,0.06720709800720215,0.9977900385856628,913,157
242,8066,10,0.9559253454208374,0.29240232706069946,0.058395806699991226,0.9981089234352112,917,157
242,8066,11,0.9181594848632812,0.34600359201431274,0.03449338302016258,0.9999567866325378,881,186
242,8066,12,0.9752830862998962,0.3471980690956116,-0.04543577879667282,0.999957799911499,936,187
242,8066,13,0.908628523349762,0.43743598461151123,0.04301382228732109,0.6960605978965759,872,236
242,8066,14,0.9786811470985413,0.4452410638332367,-0.05723563954234123,0.976550817489624,939,240
242,8066,15,0.9075657725334167,0.5176109075546265,0.04095888510346413,0.7323489189147949,871,279
242,8066,16,0.9872376918792725,0.5250805616378784,-0.0325089693069458,0.9197754859924316,947,283
242,8066,17,0.9025933146476746,0.5415382385253906,0.03815023601055145,0.6973437666893005,866,292
242,8066,18,0.989196240901947,0.5473036170005798,-0.039201363921165466,0.865251362323761,949,295
242,8066,19,0.9072155356407166,0.5454447269439697,0.03290814906358719,0.6805420517921448,870,294
242,8066,20,0.9881771206855774,0.5499268174171448,-0.041215501725673676,0.8601230978965759,948,296
242,8066,21,0.9110357165336609,0.5375515818595886,0.03956334665417671,0.5846377015113831,874,290
242,8066,22,0.9861617684364319,0.5416283011436462,-0.03310364857316017,0.7990671992301941,946,292
242,8066,23,0.9321380257606506,0.5136510133743286,0.04148867353796959,0.9999664425849915,894,277
242,8066,24,0.9526669979095459,0.5124879479408264,-0.04157302901148796,0.9999728798866272,914,276
242,8066,25,0.9497668743133545,0.631017804145813,0.1002580001950264,0.7434475421905518,911,340
242,8066,26,0.9530207514762878,0.6322804093360901,-0.06234697625041008,0.9682942032814026,914,341
242,8066,27,0.9494120478630066,0.7532273530960083,0.11627951264381409,0.9115599393844604,911,406
242,8066,28,0.8906728625297546,0.7140729427337646,-0.032765209674835205,0.9717215299606323,855,385
242,8066,29,0.9408687353134155,0.7785726189613342,0.1160002127289772,0.8691694140434265,903,420
242,8066,30,0.8740787506103516,0.7132130861282349,-0.029914861544966698,0.8402387499809265,839,385
242,8066,31,0.9788206219673157,0.7701379060745239,0.10339371860027313,0.8891959190368652,939,415
242,8066,32,0.8878262639045715,0.7812559008598328,-0.04562180116772652,0.9479289650917053,852,421
243,8100,0,0.9565409421920776,0.2804946005344391,0.07635781913995743,0.9981696009635925,918,151
243,8100,1,0.9532391428947449,0.27122366428375244,0.06415625661611557,0.9959555268287659,915,146
243,8100,2,0.9508371353149414,0.27092403173446655,0.0640251412987709,0.9952771663665771,912,146
243,8100,3,0.9483562707901001,0.27052584290504456,0.0640205666422844,0.9968191981315613,910,146
243,8100,4,0.9596662521362305,0.27179116010665894,0.05839906632900238,0.9972586631774902,921,146
243,8100,5,0.9618235230445862,0.2719535827636719,0.05825679376721382,0.9978607296943665,923,146
243,8100,6,0.9639763236045837,0.272012323141098,0.05823488160967827,0.9984007477760315,925,146
243,8100,7,0.9437286853790283,0.2768707871437073,0.020463811233639717,0.9978586435317993,905,149
243,8100,8,0.9653130173683167,0.27938297390937805,-0.00627588527277112,0.9972920417785645,926,150
243,8100,9,0.9529553055763245,0.2904147803783417,0.06543198972940445,0.9979195594787598,914,156
243,8100,10,0.958204984664917,0.29102572798728943,0.05681462585926056,0.9981817603111267,919,157
243,8100,11,0.9200513362884521,0.34530016779899597,0.028723739087581635,0.9999597668647766,883,186
243,8100,12,0.9746618270874023,0.34727558493614197,-0.04701752960681915,0.9999563097953796,935,187
243,8100,13,0.9086185097694397,0.43770939111709595,0.040510717779397964,0.6910434365272522,872,236
243,8100,14,0.9798530340194702,0.4465741515159607,-0.05416281893849373,0.9755992293357849,940,241
243,8100,15,0.9093466401100159,0.5177706480026245,0.04344572499394417,0.7189366817474365,872,279
243,8100,16,0.988122820854187,0.5259731411933899,-0.024789253249764442,0.9011300802230835,948,284
243,8100,17,0.9048579931259155,0.5416354537010193,0.042064715176820755,0.6813372373580933,868,292
243,8100,18,0.9892820715904236,0.5474101901054382,-0.02999982051551342,0.8389371633529663,949,295
243,8100,19,0.9091834425926208,0.5454521179199219,0.03696737810969353,0.6619560122489929,872,294
243,8100,20,0.9889250993728638,0.5499556660652161,-0.031992845237255096,0.8322858214378357,949,296
243,8100,21,0.913040816783905,0.5376496911048889,0.04225192964076996,0.5624555349349976,876,290
243,8100,22,0.9868767857551575,0.5419425368309021,-0.025250988081097603,0.7669474482536316,947,292
243,8100,23,0.9323598146438599,0.5131370425224304,0.04046536237001419,0.9999683499336243,895,277
243,8100,24,0.9531427621841431,0.5126723051071167,-0.04055677354335785,0.9999735355377197,915,276
243,8100,25,0.9506776332855225,0.6308625340461731,0.10348587483167648,0.7526706457138062,912,340
243,8100,26,0.9519481062889099,0.6349689960479736,-0.04948722943663597,0.9707852005958557,913,342
243,8100,27,0.9511036276817322,0.7545552849769592,0.12170381098985672,0.9183246493339539,913,407
243,8100,28,0.8915270566940308,0.7141968607902527,-0.010471577756106853,0.9733056426048279,855,385
243,8100,29,0.9414756894111633,0.7804970145225525,0.12055465579032898,0.8798736929893494,903,421
243,8100,30,0.8760399222373962,0.7122055292129517,-0.005936980713158846,0.85085129737854,840,384
243,8100,31,0.9788472056388855,0.7708004117012024,0.10236206650733948,0.8958877921104431,939,416
243,8100,32,0.8889933824539185,0.7787773609161377,-0.013261599466204643,0.9503827691078186,853,420
244,8133,0,0.9634856581687927,0.27987614274024963,0.07687164098024368,0.9980567693710327,924,151
244,8133,1,0.9602668285369873,0.27015388011932373,0.06581234186887741,0.9959310293197632,921,145
244,8133,2,0.9577109217643738,0.2698195278644562,0.06568403542041779,0.9952418804168701,919,145
244,8133,3,0.9551500678062439,0.26943325996398926,0.06567276269197464,0.9968052506446838,916,145
244,8133,4,0.9660182595252991,0.2707918882369995,0.05929494649171829,0.9972386360168457,927,146
244,8133,5,0.9678331017494202,0.27101930975914,0.059138137847185135,0.9978256821632385,929,146
244,8133,6,0.9697034955024719,0.27122512459754944,0.059098973870277405,0.998361349105835,930,146
244,8133,7,0.9499601125717163,0.27533891797065735,0.0264297965914011,0.9979414939880371,911,148
244,8133,8,0.9715617299079895,0.2787625193595886,-0.0032646087929606438,0.9972665309906006,932,150
244,8133,9,0.959263026714325,0.2897685170173645,0.06762892752885818,0.9977777004241943,920,156
244,8133,10,0.9644322991371155,0.2903841733932495,0.05803447589278221,0.9980129599571228,925,156
244,8133,11,0.9251507520675659,0.34465551376342773,0.033811427652835846,0.9999591708183289,888,186
244,8133,12,0.9797512888908386,0.34648898243904114,-0.04362012445926666,0.9999502301216125,940,187
244,8133,13,0.9143864512443542,0.437873899936676,0.040195610374212265,0.6457620859146118,877,236
244,8133,14,0.9835702776908875,0.44638746976852417,-0.05414794012904167,0.973442554473877,944,241
244,8133,15,0.9207479953765869,0.516448438167572,0.038695648312568665,0.662578284740448,883,278
244,8133,16,0.9893511533737183,0.5242440104484558,-0.029298579320311546,0.8792232871055603,949,283
244,8133,17,0.919237494468689,0.5378826856613159,0.03737972304224968,0.6287171244621277,882,290
244,8133,18,0.9901494383811951,0.5448406338691711,-0.034199051558971405,0.8092837929725647,950,294
244,8133,19,0.9229724407196045,0.5400411486625671,0.031425993889570236,0.6093115210533142,886,291
244,8133,20,0.9887093305587769,0.5470981597900391,-0.036289017647504807,0.8012374639511108,949,295
244,8133,21,0.9250580072402954,0.5338841080665588,0.03688007965683937,0.5154603719711304,888,288
244,8133,22,0.9864248633384705,0.5392249226570129,-0.029911765828728676,0.7312494516372681,946,291
244,8133,23,0.9375017881393433,0.5126178860664368,0.040419213473796844,0.9999699592590332,900,276
244,8133,24,0.962359607219696,0.5116361379623413,-0.04051058366894722,0.9999746084213257,923,276
244,8133,25,0.957425057888031,0.6309537291526794,0.08579819649457932,0.7575709819793701,919,340
244,8133,26,0.9659144878387451,0.6364489793777466,-0.04899725690484047,0.972951352596283,927,343
244,8133,27,0.9511988759040833,0.7543639540672302,0.09059753268957138,0.9234417080879211,913,407
244,8133,28,0.9069330096244812,0.7099194526672363,-0.016832198947668076,0.9747268557548523,870,383
244,8133,29,0.9418871402740479,0.7800804376602173,0.08789675682783127,0.8882662653923035,904,421
244,8133,30,0.8912315368652344,0.7072765231132507,-0.013764765113592148,0.8600538372993469,855,381
244,8133,31,0.9777199625968933,0.7710747718811035,0.06846125423908234,0.8989251852035522,938,416
244,8133,32,0.9064182639122009,0.778795599937439,-0.02343793399631977,0.951880931854248,870,420
245,8166,0,0.9644442200660706,0.2786784768104553,0.05718390643596649,0.998054563999176,925,150
245,8166,1,0.9613634347915649,0.26892900466918945,0.0482192225754261,0.99604332447052,922,145
245,8166,2,0.9588414430618286,0.26863348484039307,0.048083577305078506,0.9953799247741699,920,145
245,8166,3,0.9562470316886902,0.26831474900245667,0.04808729141950607,0.9968977570533752,917,144
245,8166,4,0.9668720960617065,0.2696060538291931,0.04146463796496391,0.9972978830337524,928,145
245,8166,5,0.9684417843818665,0.2698463797569275,0.041306063532829285,0.9978622198104858,929,145
245,8166,6,0.9700395464897156,0.27009424567222595,0.04126220569014549,0.9983772039413452,931,145
245,8166,7,0.9509261250495911,0.2741429805755615,0.018744302913546562,0.9980618953704834,912,148
245,8166,8,0.9708793759346008,0.27713334560394287,-0.009542402811348438,0.9973381161689758,932,149
245,8166,9,0.9604093432426453,0.2886877655982971,0.05139623209834099,0.9977588653564453,921,155
245,8166,10,0.9651635885238647,0.28932350873947144,0.04134660214185715,0.9979560375213623,926,156
245,8166,11,0.9266396760940552,0.3441765010356903,0.030036449432373047,0.9999591708183289,889,185
245,8166,12,0.979547917842865,0.3442654609680176,-0.04826454073190689,0.9999460577964783,940,185
245,8166,13,0.9164985418319702,0.4383242130279541,0.04168817773461342,0.6065248250961304,879,236
245,8166,14,0.9843689799308777,0.4456005394458771,-0.05753948166966438,0.972811222076416,944,240
245,8166,15,0.9237006306648254,0.5161725878715515,0.04426043853163719,0.6147645115852356,886,278
245,8166,16,0.9909065961837769,0.5242311954498291,-0.03283848240971565,0.8688611388206482,951,283
245,8166,17,0.9219872355461121,0.5377412438392639,0.04346723482012749,0.5839285254478455,885,290
245,8166,18,0.9932273030281067,0.5448662042617798,-0.038576167076826096,0.7930524349212646,953,294
245,8166,19,0.9257568717002869,0.538982093334198,0.03761832043528557,0.5642085075378418,888,291
245,8166,20,0.9908279180526733,0.5471878051757812,-0.040845077484846115,0.7841794490814209,951,295
245,8166,21,0.9259749054908752,0.5349590182304382,0.04259131848812103,0.47463780641555786,888,288
245,8166,22,0.9881497621536255,0.5392290353775024,-0.03338754177093506,0.709374189376831,948,291
245,8166,23,0.9413321614265442,0.5128990411758423,0.040255360305309296,0.9999707341194153,903,276
245,8166,24,0.9633199572563171,0.5113470554351807,-0.040341027081012726,0.99997478723526,924,276
245,8166,25,0.9570624232292175,0.6316470503807068,0.09298112988471985,0.7617714405059814,918,341
245,8166,26,0.9680604934692383,0.6368154287338257,-0.034558020532131195,0.9745991826057434,929,343
245,8166,27,0.9510895609855652,0.7542653679847717,0.10195764899253845,0.9278454184532166,913,407
245,8166,28,0.9100625514984131,0.7087175846099854,0.00782804749906063,0.9756518006324768,873,382
245,8166,29,0.9419752359390259,0.7798404097557068,0.10146594792604446,0.8949882984161377,904,421
245,8166,30,0.89310622215271,0.7074862122535706,0.012045290321111679,0.8665263652801514,857,382
245,8166,31,0.9779549837112427,0.7706857919692993,0.0894479975104332,0.9024786949157715,938,416
245,8166,32,0.9107299447059631,0.77571040391922,0.0027222135104238987,0.9531553983688354,874,418
246,8200,0,0.9686481952667236,0.2761032283306122,0.008122342638671398,0.9979568719863892,929,149
246,8200,1,0.9666959643363953,0.2660244405269623,0.0047471546567976475,0.9960930943489075,928,143
246,8200,2,0.9649573564529419,0.2657428979873657,0.004602094646543264,0.9954316020011902,926,143
246,8200,3,0.9631098508834839,0.2654663026332855,0.004625788889825344,0.9969421625137329,924,143
246,8200,4,0.9703754186630249,0.2667798101902008,-0.0031895798165351152,0.9972835779190063,931,144
246,8200,5,0.9718490242958069,0.26707470417022705,-0.0033843666315078735,0.997807502746582,932,144
246,8200,6,0.9731257557868958,0.2673240303993225,-0.0034394669346511364,0.9983400106430054,934,144
246,8200,7,0.9581835269927979,0.27085787057876587,0.007479412481188774,0.9981080889701843,919,146
246,8200,8,0.9728164076805115,0.2743035852909088,-0.027341313660144806,0.9972008466720581,933,148
246,8200,9,0.9654105305671692,0.2864783704280853,0.013659018091857433,0.9973995089530945,926,154
246,8200,10,0.968815267086029,0.2868400812149048,0.002305384026840329,0.9974802136421204,930,154
246,8200,11,0.9328940510749817,0.34257200360298157,0.03193890303373337,0.9999436736106873,895,184
246,8200,12,0.9838793277740479,0.34301820397377014,-0.04596852883696556,0.9999026656150818,944,185
246,8200,13,0.9233858585357666,0.4328584671020508,0.054339416325092316,0.5471888780593872,886,233
246,8200,14,0.9787881970405579,0.44224175810813904,-0.04513920098543167,0.9117823243141174,939,238
246,8200,15,0.9395963549613953,0.47981563210487366,0.05230571702122688,0.5539638996124268,902,259
246,8200,16,0.966330349445343,0.4786311388015747,-0.01858373172581196,0.7867794036865234,927,258
246,8200,17,0.9406392574310303,0.498174250125885,0.052104298025369644,0.5267702341079712,903,269
246,8200,18,0.9640067219734192,0.4841628968715668,-0.022618615999817848,0.7188352346420288,925,261
246,8200,19,0.9437865018844604,0.49144208431243896,0.042846012860536575,0.5089758634567261,906,265
246,8200,20,0.9603189826011658,0.4815036356449127,-0.026160191744565964,0.7108112573623657,921,260
246,8200,21,0.9436500668525696,0.48370179533958435,0.04876004904508591,0.42817914485931396,905,261
246,8200,22,0.9593821167945862,0.4789448380470276,-0.019971555098891258,0.6427475214004517,921,258
246,8200,23,0.9482382535934448,0.5069107413291931,0.0372929647564888,0.9999673366546631,910,273
246,8200,24,0.9588062763214111,0.5067996382713318,-0.0373978428542614,0.9999704957008362,920,273
246,8200,25,0.9607120752334595,0.6268979907035828,0.06967443972826004,0.7169544100761414,922,338
246,8200,26,0.9720162153244019,0.6310868263244629,-0.0338415689766407,0.964770495891571,933,340
246,8200,27,0.9505429863929749,0.746668815612793,0.09056119620800018,0.905709445476532,912,403
246,8200,28,0.9287977814674377,0.7114619612693787,0.011017601005733013,0.9684288501739502,891,384
246,8200,29,0.9420583248138428,0.7682982683181763,0.09007934480905533,0.8702660202980042,904,414
246,8200,30,0.9119293093681335,0.7108164429664612,0.015612478367984295,0.8495829105377197,875,383
246,8200,31,0.9657555222511292,0.7725180983543396,0.07186652719974518,0.8796099424362183,927,417
246,8200,32,0.929894745349884,0.7763221859931946,0.0031124805100262165,0.9432336688041687,892,419
247,8233,0,0.9690209627151489,0.2729054391384125,-0.035554446280002594,0.9973745942115784,930,147
247,8233,1,0.9677788019180298,0.26385289430618286,-0.03515101969242096,0.995123565196991,929,142
247,8233,2,0.9669481515884399,0.2638525664806366,-0.03531784564256668,0.9945173263549805,928,142
247,8233,3,0.9660108685493469,0.26378652453422546,-0.03531521186232567,0.9963587522506714,927,142
247,8233,4,0.9699432253837585,0.26409411430358887,-0.040591899305582047,0.996349036693573,931,142
247,8233,5,0.970795750617981,0.26430919766426086,-0.040786389261484146,0.9970590472221375,931,142
247,8233,6,0.9715678095817566,0.2643769383430481,-0.04087794944643974,0.9977656602859497,932,142
247,8233,7,0.9625844955444336,0.2697899639606476,-0.019486837089061737,0.9978611469268799,924,145
247,8233,8,0.9714135527610779,0.27149584889411926,-0.043721653521060944,0.9961745142936707,932,146
247,8233,9,0.9672812819480896,0.2846866548061371,-0.026514526456594467,0.9967043995857239,928,153
247,8233,10,0.9690815210342407,0.2844688892364502,-0.03461255505681038,0.9965753555297852,930,153
247,8233,11,0.9592456817626953,0.3380342125892639,0.007690374739468098,0.9999211430549622,920,182
247,8233,12,0.9477011561393738,0.3403646647930145,-0.04431065544486046,0.9997913241386414,909,183
247,8233,13,0.9597461819648743,0.43305304646492004,0.024755973368883133,0.5077943801879883,921,233
247,8233,14,0.9363774061203003,0.42570924758911133,-0.040643759071826935,0.8635300993919373,898,229
247,8233,15,0.9647310376167297,0.48905351758003235,-0.0009715779451653361,0.5051103830337524,926,264
247,8233,16,0.9404695630073547,0.46636345982551575,-0.028533078730106354,0.7196410894393921,902,251
247,8233,17,0.9654611945152283,0.5104371905326843,-0.007181236520409584,0.48304715752601624,926,275
247,8233,18,0.942272424697876,0.4807003438472748,-0.03449595347046852,0.6596789360046387,904,259
247,8233,19,0.9672772884368896,0.5084643959999084,-0.01817193441092968,0.4672641456127167,928,274
247,8233,20,0.9417226910591125,0.4768022894859314,-0.02780141867697239,0.6532630920410156,904,257
247,8233,21,0.9664305448532104,0.5017214417457581,-0.0057511404156684875,0.39344948530197144,927,270
247,8233,22,0.9416229128837585,0.47272929549217224,-0.027343662455677986,0.591045618057251,903,255
247,8233,23,0.9582329392433167,0.5023515820503235,0.02504999190568924,0.9999518990516663,919,271
247,8233,24,0.9558516144752502,0.5025814771652222,-0.02516057714819908,0.9999488592147827,917,271
247,8233,25,0.9642989635467529,0.623665988445282,0.04760781303048134,0.708776593208313,925,336
247,8233,26,0.9621960520744324,0.6213850378990173,-0.024637840688228607,0.9489239454269409,923,335
247,8233,27,0.9501909017562866,0.7366461157798767,0.08426598459482193,0.900156557559967,912,397
247,8233,28,0.9282829165458679,0.7128198146820068,0.030665578320622444,0.9585378766059875,891,384
247,8233,29,0.9419167041778564,0.7514879703521729,0.08505160361528397,0.8507776260375977,904,405
247,8233,30,0.9132242202758789,0.7131509184837341,0.03541656583547592,0.8150455951690674,876,385
247,8233,31,0.9588069319725037,0.7746534943580627,0.04763700067996979,0.8741818070411682,920,418
247,8233,32,0.9310336709022522,0.776619017124176,0.0029332293197512627,0.9309382438659668,893,419
248,8266,0,0.9730913043022156,0.27365362644195557,0.05255301669239998,0.9958503842353821,934,147
248,8266,1,0.9706106781959534,0.2643355131149292,0.041947588324546814,0.9932456612586975,931,142
248,8266,2,0.9684816598892212,0.2641627788543701,0.04183969274163246,0.9924639463424683,929,142
248,8266,3,0.9663918018341064,0.2639194130897522,0.04181349277496338,0.9949743151664734,927,142
248,8266,4,0.9757120609283447,0.2647137939929962,0.03510650247335434,0.9949266910552979,936,142
248,8266,5,0.9773975014686584,0.2649097144603729,0.03494318202137947,0.9958391785621643,938,143
248,8266,6,0.9790899157524109,0.2649747133255005,0.034895990043878555,0.9967697858810425,939,143
248,8266,7,0.9625442624092102,0.269588440656662,0.00871235691010952,0.9974921345710754,924,145
248,8266,8,0.9813892245292664,0.27181026339530945,-0.021335722878575325,0.9950202703475952,942,146
248,8266,9,0.9696595072746277,0.2847629487514496,0.045144304633140564,0.9950035810470581,930,153
248,8266,10,0.974443256855011,0.285035103559494,0.03525666519999504,0.9946354031562805,935,153
248,8266,11,0.9444895386695862,0.338514506816864,0.02412564866244793,0.999884843826294,906,182
248,8266,12,0.9878829717636108,0.3384507894515991,-0.04613489285111427,0.999654233455658,948,182
248,8266,13,0.939006507396698,0.43291711807250977,0.02959279529750347,0.46479615569114685,901,233
248,8266,14,0.9841698408126831,0.429360568523407,-0.04504060372710228,0.8204051852226257,944,231
248,8266,15,0.9511546492576599,0.477741539478302,0.00981847569346428,0.4569868743419647,913,257
248,8266,16,0.9764364957809448,0.47708860039711,-0.027931921184062958,0.6524328589439392,937,257
248,8266,17,0.953590989112854,0.5013973116874695,0.014471875503659248,0.4379914104938507,915,270
248,8266,18,0.977448046207428,0.4953783452510834,-0.03091459907591343,0.5978909134864807,938,267
248,8266,19,0.9593762159347534,0.4921101927757263,0.006128175184130669,0.42358261346817017,921,265
248,8266,20,0.9735168218612671,0.49180349707603455,-0.03116425685584545,0.5920271873474121,934,265
248,8266,21,0.9583937525749207,0.49413514137268066,0.004585749935358763,0.35652369260787964,920,266
248,8266,22,0.9712199568748474,0.4872935116291046,-0.028012139722704887,0.5352705717086792,932,263
248,8266,23,0.9539361596107483,0.502981960773468,0.028459154069423676,0.9999114871025085,915,271
248,8266,24,0.975424587726593,0.5026691555976868,-0.028538566082715988,0.9998992085456848,936,271
248,8266,25,0.9619357585906982,0.6182836294174194,0.0637684166431427,0.6804439425468445,923,333
248,8266,26,0.9863957166671753,0.6234032511711121,-0.028233030810952187,0.9428277611732483,946,336
248,8266,27,0.9544392824172974,0.7377781867980957,0.07296383380889893,0.890704333782196,916,398
248,8266,28,0.949377715587616,0.7098494172096252,-0.005800772923976183,0.9501660466194153,911,383
248,8266,29,0.9461438655853271,0.7560657858848572,0.06997435539960861,0.846615731716156,908,408
248,8266,30,0.9393645524978638,0.7142531275749207,-0.004662471357733011,0.8021499514579773,901,385
248,8266,31,0.9593790173530579,0.7687952518463135,0.04893898963928223,0.8482600450515747,921,415
248,8266,32,0.9521763920783997,0.7671553492546082,-0.015831587836146355,0.9079282879829407,914,414
249,8300,0,0.9736546874046326,0.2740415036678314,0.10326583683490753,0.9925426840782166,934,147
249,8300,1,0.9711498618125916,0.2646391689777374,0.09233258664608002,0.9886881709098816,932,142
249,8300,2,0.9687937498092651,0.2644350528717041,0.09222275763750076,0.9874187111854553,930,142
249,8300,3,0.9665265679359436,0.26417291164398193,0.09220044314861298,0.9916556477546692,927,142
249,8300,4,0.977030873298645,0.2650392949581146,0.08655129373073578,0.9911984801292419,937,143
249,8300,5,0.9790035486221313,0.2652183175086975,0.08639669418334961,0.9925875663757324,939,143
249,8300,6,0.980912446975708,0.26530393958091736,0.08633985370397568,0.9943471550941467,941,143
249,8300,7,0.9628428816795349,0.26985621452331543,0.04947512969374657,0.9962595105171204,924,145
249,8300,8,0.9835287928581238,0.2722736597061157,0.02353307604789734,0.9917638897895813,944,147
249,8300,9,0.970236599445343,0.2848115563392639,0.09236808866262436,0.9914150834083557,931,153
249,8300,10,0.9754928350448608,0.2852802276611328,0.08387360721826553,0.9900261163711548,936,154
249,8300,11,0.9415246248245239,0.33832305669784546,0.0484386682510376,0.9998573064804077,903,182
249,8300,12,0.9950599074363708,0.3380058705806732,-0.019902503117918968,0.9995606541633606,955,182
249,8300,13,0.9328431487083435,0.4280654191970825,0.0472661517560482,0.42885297536849976,895,231
249,8300,14,0.9943373799324036,0.4298473000526428,-0.03735469654202461,0.7821913957595825,954,232
249,8300,15,0.9455870985984802,0.4734034836292267,0.03934220224618912,0.41448020935058594,907,255
249,8300,16,0.9871864914894104,0.4838281571865082,-0.01587841659784317,0.5915461778640747,947,261
249,8300,17,0.9471040368080139,0.49195072054862976,0.04159186780452728,0.39800748229026794,909,265
249,8300,18,0.9881814122200012,0.49891844391822815,-0.01875140517950058,0.5414835214614868,948,269
249,8300,19,0.9519027471542358,0.4882223606109619,0.03665035218000412,0.38472992181777954,913,263
249,8300,20,0.9833902716636658,0.49809926748275757,-0.019135059788823128,0.5360003709793091,944,268
249,8300,21,0.9516317844390869,0.4823054075241089,0.03720896318554878,0.3235091269016266,913,260
249,8300,22,0.9807957410812378,0.49323052167892456,-0.016014745458960533,0.48433536291122437,941,266
249,8300,23,0.9517862796783447,0.49936744570732117,0.029489556327462196,0.9998993277549744,913,269
249,8300,24,0.9770610928535461,0.4990996718406677,-0.02957562543451786,0.9998834729194641,937,269
249,8300,25,0.9597427845001221,0.6157980561256409,0.068792924284935,0.6462897062301636,921,332
249,8300,26,0.9839592576026917,0.6243488192558289,-0.025100624188780785,0.9300765991210938,944,337
249,8300,27,0.9559059143066406,0.7384571433067322,0.07600706070661545,0.8665580749511719,917,398
249,8300,28,0.9499454498291016,0.709646463394165,-0.008315559476613998,0.9321078062057495,911,383
249,8300,29,0.9486786723136902,0.7566092014312744,0.07359527051448822,0.8335579037666321,910,408
249,8300,30,0.9404523968696594,0.7151187062263489,-0.0074405362829566,0.783677339553833,902,386
249,8300,31,0.961898148059845,0.7645307779312134,0.05538781359791756,0.8014029264450073,923,412
249,8300,32,0.9548758268356323,0.762982964515686,-0.018824981525540352,0.867100715637207,916,412
250,8333,0,0.9804250597953796,0.2741473913192749,0.07526776194572449,0.9835655093193054,941,148
250,8333,1,0.977764904499054,0.26455092430114746,0.06471407413482666,0.9795212149620056,938,142
250,8333,2,0.9753994345664978,0.26428207755088806,0.06459256261587143,0.978710949420929,936,142
250,8333,3,0.9729530811309814,0.26396510004997253,0.06458667665719986,0.9851230382919312,934,142
250,8333,4,0.9836044311523438,0.2650758624076843,0.05860422924160957,0.9824153780937195,944,143
250,8333,5,0.9854630827903748,0.26526331901550293,0.05844136327505112,0.9857300519943237,946,143
250,8333,6,0.9873210191726685,0.2653735876083374,0.05835709348320961,0.9891185760498047,947,143
250,8333,7,0.9693176746368408,0.26962393522262573,0.03472798317670822,0.9943771958351135,930,145
250,8333,8,0.9895550012588501,0.2725803554058075,0.003092460799962282,0.9869500994682312,949,147
250,8333,9,0.97682124376297,0.28459271788597107,0.06590253859758377,0.9847711324691772,937,153
250,8333,10,0.9820412397384644,0.2851918339729309,0.056890103965997696,0.982455313205719,942,154
250,8333,11,0.9466047286987305,0.3373323678970337,0.0257880762219429,0.9996410608291626,908,182
250,8333,12,1.0004810094833374,0.33706730604171753,-0.02698942832648754,0.9982262253761292,960,182
250,8333,13,0.9371185898780823,0.42411792278289795,0.03613075986504555,0.4096744954586029,899,229
250,8333,14,1.000549077987671,0.42865127325057983,-0.053391098976135254,0.7240560054779053,960,231
250,8333,15,0.9491332769393921,0.4718276560306549,0.03882954642176628,0.3772139847278595,911,254
250,8333,16,0.99733966588974,0.4792352616786957,-0.02635198086500168,0.5337948203086853,957,258
250,8333,17,0.9505060911178589,0.4879019856452942,0.038222670555114746,0.363249272108078,912,263
250,8333,18,0.9991418123245239,0.48996129631996155,-0.02837587520480156,0.4885725677013397,959,264
250,8333,19,0.9555143117904663,0.4859749674797058,0.03223717585206032,0.3511323928833008,917,262
250,8333,20,0.9940212965011597,0.4885120093822479,-0.020221496000885963,0.48357805609703064,954,263
250,8333,21,0.9552170634269714,0.47997429966926575,0.03661840409040451,0.2952024042606354,917,259
250,8333,22,0.9914988279342651,0.48425090312957764,-0.023914195597171783,0.43693897128105164,951,261
250,8333,23,0.9562082290649414,0.4983302354812622,0.027589811012148857,0.9995876550674438,917,269
250,8333,24,0.982653021812439,0.49571624398231506,-0.027688564732670784,0.9993512630462646,943,267
250,8333,25,0.9599340558052063,0.6130313873291016,0.08580495417118073,0.6615720987319946,921,331
250,8333,26,0.9997140765190125,0.5823861956596375,0.022017357870936394,0.8856242895126343,959,314
250,8333,27,0.9550225138664246,0.7133880257606506,0.1146034523844719,0.8631648421287537,916,385
250,8333,28,0.9922329783439636,0.6417350769042969,0.10359204560518265,0.8728621006011963,952,346
250,8333,29,0.9477062821388245,0.7327297925949097,0.11612682789564133,0.8304671049118042,909,395
250,8333,30,0.9877434968948364,0.6525653004646301,0.11204789578914642,0.7419219017028809,948,352
250,8333,31,0.9517223238945007,0.7269502878189087,0.09456132352352142,0.7626963257789612,913,392
250,8333,32,0.9956254959106445,0.6442034244537354,0.10650422424077988,0.7895202040672302,955,347
251,8366,0,0.9813253879547119,0.27428314089775085,0.07895326614379883,0.981496274471283,942,148
251,8366,1,0.9788702726364136,0.26473626494407654,0.06733611971139908,0.977723240852356,939,142
251,8366,2,0.9767273664474487,0.26445472240448,0.06722622364759445,0.9772331118583679,937,142
251,8366,3,0.9745032787322998,0.264121949672699,0.06722656637430191,0.9838638305664062,935,142
251,8366,4,0.9847086071968079,0.26526394486427307,0.06153371185064316,0.9807460308074951,945,143
251,8366,5,0.9867371320724487,0.2654407024383545,0.061377204954624176,0.9846295118331909,947,143
251,8366,6,0.9887902140617371,0.26554104685783386,0.06130334362387657,0.988236129283905,949,143
251,8366,7,0.970177948474884,0.26977312564849854,0.026990413665771484,0.9941821694374084,931,145
251,8366,8,0.990704357624054,0.2727862596511841,-0.0009309597662650049,0.9865356087684631,951,147
251,8366,9,0.978279709815979,0.2843630909919739,0.06821636855602264,0.9838484525680542,939,153
251,8366,10,0.9831097722053528,0.28516972064971924,0.05965312197804451,0.9815467596054077,943,153
251,8366,11,0.9472863078117371,0.33750903606414795,0.021709401160478592,0.9995467662811279,909,182
251,8366,12,1.0014281272888184,0.3365083634853363,-0.032038819044828415,0.9978460073471069,961,181
251,8366,13,0.937961995601654,0.4247362017631531,0.03466612845659256,0.404364675283432,900,229
251,8366,14,1.000198245048523,0.4261452257633209,-0.0483822301030159,0.6927118301391602,960,230
251,8366,15,0.9513230919837952,0.4725944399833679,0.03859074413776398,0.34615108370780945,913,255
251,8366,16,0.9952697157859802,0.4738985598087311,-0.024578208103775978,0.48537757992744446,955,255
251,8366,17,0.9525191187858582,0.4885321259498596,0.0392259880900383,0.33472201228141785,914,263
251,8366,18,0.9963447451591492,0.483493447303772,-0.027998946607112885,0.44413116574287415,956,261
251,8366,19,0.9579177498817444,0.48544803261756897,0.03232823684811592,0.32374465465545654,919,262
251,8366,20,0.991700291633606,0.4824627935886383,-0.026738641783595085,0.43948355317115784,952,260
251,8366,21,0.9573919773101807,0.47961509227752686,0.036200325936079025,0.27209779620170593,919,258
251,8366,22,0.9894540905952454,0.47849178314208984,-0.024016374722123146,0.39678889513015747,949,258
251,8366,23,0.9577171206474304,0.49809667468070984,0.02293144352734089,0.999308705329895,919,268
251,8366,24,0.9861753582954407,0.49298757314682007,-0.023034386336803436,0.9990059733390808,946,266
251,8366,25,0.9604436159133911,0.6128338575363159,0.08554766327142715,0.6792372465133667,922,330
251,8366,26,1.0045737028121948,0.5911701917648315,0.03533421456813812,0.8694474101066589,964,319
251,8366,27,0.9546316862106323,0.7117581367492676,0.12257582694292068,0.863140881061554,916,384
251,8366,28,1.0080021619796753,0.6678242087364197,0.1091228798031807,0.8544560670852661,967,360
251,8366,29,0.9475604891777039,0.7291555404663086,0.12534113228321075,0.8322470784187317,909,393
251,8366,30,1.0042567253112793,0.6779365539550781,0.11642279475927353,0.7379707098007202,964,366
251,8366,31,0.9507916569709778,0.7244873642921448,0.1034441664814949,0.7354264259338379,912,391
251,8366,32,1.0225669145584106,0.6788221001625061,0.10474389046430588,0.736743688583374,981,366
252,8400,0,0.9845978617668152,0.2712998390197754,0.025092344731092453,0.9810094833374023,945,146
252,8400,1,0.9846217632293701,0.262173593044281,0.01798035390675068,0.9768589735031128,945,141
252,8400,2,0.9840118288993835,0.26208439469337463,0.017892373725771904,0.9752548336982727,944,141
252,8400,3,0.9832561612129211,0.2619142234325409,0.017901510000228882,0.9827685356140137,943,141
252,8400,4,0.9875343441963196,0.26246893405914307,0.016616586595773697,0.980236828327179,948,141
252,8400,5,0.9882693886756897,0.26256442070007324,0.01642785780131817,0.983818769454956,948,141
252,8400,6,0.9889155030250549,0.2624783217906952,0.016358474269509315,0.9880258440971375,949,141
252,8400,7,0.9819391369819641,0.2679908275604248,0.0023648638743907213,0.9926828742027283,942,144
252,8400,8,0.9895890951156616,0.26988494396209717,-0.004375578369945288,0.9854626655578613,950,145
252,8400,9,0.9836539626121521,0.2829059064388275,0.023923786357045174,0.9823158383369446,944,152
252,8400,10,0.985197901725769,0.2833138108253479,0.0210968516767025,0.9805307388305664,945,152
252,8400,11,0.9592121839523315,0.3285680413246155,0.014428242109715939,0.9994705319404602,920,177
252,8400,12,1.0016851425170898,0.32809579372406006,-0.020194126293063164,0.9979119300842285,961,177
252,8400,13,0.94668048620224,0.40542495250701904,0.03224799409508705,0.367497980594635,908,218
252,8400,14,0.9928280115127563,0.4058212637901306,-0.02128458581864834,0.636332631111145,953,219
252,8400,15,0.9642173647880554,0.451984703540802,0.037087488919496536,0.3130963444709778,925,244
252,8400,16,0.9904287457466125,0.44331058859825134,-0.016840504482388496,0.4432234764099121,950,239
252,8400,17,0.967515766620636,0.4630219042301178,0.0353693887591362,0.3036566972732544,928,250
252,8400,18,0.9915050268173218,0.45212799310684204,-0.023611104115843773,0.4060392379760742,951,244
252,8400,19,0.9717868566513062,0.4633132815361023,0.024331893771886826,0.2937370836734772,932,250
252,8400,20,0.9891675114631653,0.45039087533950806,-0.026848865672945976,0.40169385075569153,949,243
252,8400,21,0.971449613571167,0.4593428075313568,0.03289226442575455,0.2468937188386917,932,248
252,8400,22,0.9870470762252808,0.4468119442462921,-0.018830107524991035,0.36220216751098633,947,241
252,8400,23,0.9648500084877014,0.489748477935791,0.017343157902359962,0.9993069767951965,926,264
252,8400,24,0.9819451570510864,0.4886226952075958,-0.01746310107409954,0.9990525841712952,942,263
252,8400,25,0.9609348773956299,0.6104761958122253,0.04285768046975136,0.6332327723503113,922,329
252,8400,26,0.9765235781669617,0.5999923944473267,0.03197336569428444,0.8183927536010742,937,323
252,8400,27,0.9542784094810486,0.7185887694358826,0.08114763349294662,0.8113381862640381,916,388
252,8400,28,0.9701374769210815,0.714427649974823,0.04117133468389511,0.8088290691375732,931,385
252,8400,29,0.948104739189148,0.7349978685379028,0.0832306370139122,0.7763565182685852,910,396
252,8400,30,0.9587709307670593,0.7215493321418762,0.04224066063761711,0.6832050681114197,920,389
252,8400,31,0.9538214206695557,0.7358440160751343,0.05725237354636192,0.6805110573768616,915,397
252,8400,32,0.9753217101097107,0.7353231310844421,0.0037971297279000282,0.6839869618415833,936,397
253,8433,0,0.9858843684196472,0.27169275283813477,0.03201409429311752,0.9485125541687012,946,146
253,8433,1,0.9856778383255005,0.26196348667144775,0.023917846381664276,0.9423984289169312,946,141
253,8433,2,0.9839203953742981,0.26162222027778625,0.023799723014235497,0.9353811740875244,944,141
253,8433,3,0.9830551743507385,0.26188692450523376,0.023785868659615517,0.9504941701889038,943,141
253,8433,4,0.9876362681388855,0.2622879445552826,0.019936051219701767,0.9508699178695679,948,141
253,8433,5,0.9881909489631653,0.26226016879081726,0.019805561751127243,0.9580437541007996,948,141
253,8433,6,0.989621102809906,0.26211386919021606,0.019791172817349434,0.9704386591911316,950,141
253,8433,7,0.9812145233154297,0.2673487663269043,0.003863539081066847,0.9714431166648865,941,144
253,8433,8,0.9896764159202576,0.269107460975647,-0.00679604709148407,0.964713454246521,950,145
253,8433,9,0.9832554459571838,0.283059686422348,0.028449412435293198,0.9502219557762146,943,152
253,8433,10,0.986335039138794,0.28353992104530334,0.02262341044843197,0.9524456262588501,946,153
253,8433,11,0.9573999047279358,0.32881954312324524,0.019129015505313873,0.9986576437950134,919,177
253,8433,12,1.0045669078826904,0.32707861065864563,-0.02775646187365055,0.9971548914909363,964,176
253,8433,13,0.9453732967376709,0.4096958637237549,0.029338661581277847,0.3319072723388672,907,221
253,8433,14,0.9945682287216187,0.4070234000682831,-0.03845643252134323,0.5813198685646057,954,219
253,8433,15,0.966232180595398,0.44912347197532654,0.012351957149803638,0.282207190990448,927,242
253,8433,16,0.9934484362602234,0.4342718720436096,-0.043702490627765656,0.40222880244255066,953,234
253,8433,17,0.9716914892196655,0.4594137966632843,0.009709951467812061,0.2741175591945648,932,248
253,8433,18,0.9966058135032654,0.44017189741134644,-0.05189885199069977,0.3690440356731415,956,237
253,8433,19,0.9763765931129456,0.45576563477516174,-0.0016047669341787696,0.26516982913017273,937,246
253,8433,20,0.9939294457435608,0.43685224652290344,-0.05164647102355957,0.3649548292160034,954,235
253,8433,21,0.9767915606498718,0.4568639099597931,0.007084829267114401,0.22290678322315216,937,246
253,8433,22,0.9910390377044678,0.4348340332508087,-0.04433814063668251,0.32854530215263367,951,234
253,8433,23,0.9637738466262817,0.4893316626548767,0.02038978785276413,0.9992750883102417,925,264
253,8433,24,0.9822013974189758,0.4845113754272461,-0.020506033673882484,0.9990487694740295,942,261
253,8433,25,0.9611471891403198,0.6114625334739685,0.04133330285549164,0.617262601852417,922,330
253,8433,26,0.9744591116905212,0.6002583503723145,0.023852217942476273,0.773413896560669,935,324
253,8433,27,0.9534524083137512,0.7203667759895325,0.052896734327077866,0.8053768277168274,915,388
253,8433,28,0.9605029821395874,0.6914219856262207,0.028647147119045258,0.7703881859779358,922,373
253,8433,29,0.9466301798820496,0.7401595115661621,0.05190982297062874,0.7635194659233093,908,399
253,8433,30,0.9525420069694519,0.7002152800559998,0.030785422772169113,0.6415849924087524,914,378
253,8433,31,0.9546708464622498,0.7436906695365906,0.018356021493673325,0.6564329862594604,916,401
253,8433,32,0.9703187942504883,0.7181232571601868,-0.00031800215947441757,0.634425699710846,931,387
254,8466,0,0.996405303478241,0.2724379003047943,-0.0395854189991951,0.9509684443473816,956,147
254,8466,1,0.9984795451164246,0.26381969451904297,-0.040883518755435944,0.943398654460907,958,142
254,8466,2,0.998860776424408,0.26383116841316223,-0.04100863263010979,0.9367150068283081,958,142
254,8466,3,0.9993880987167358,0.2644495368003845,-0.041004352271556854,0.9515832662582397,959,142
254,8466,4,0.9969553351402283,0.26350775361061096,-0.03810863196849823,0.9525198340415955,957,142
254,8466,5,0.996641218662262,0.26351413130760193,-0.03830200061202049,0.9596341252326965,956,142
254,8466,6,0.9950733780860901,0.2622588872909546,-0.03840009868144989,0.9714723825454712,955,141
254,8466,7,0.9949186444282532,0.26865383982658386,-0.029018575325608253,0.972039520740509,955,145
254,8466,8,0.9932565689086914,0.2694770395755768,-0.0150233069434762,0.9654504656791687,953,145
254,8466,9,0.9953830242156982,0.2849873900413513,-0.03123747743666172,0.9505245685577393,955,153
254,8466,10,0.9950855374336243,0.28515368700027466,-0.028933724388480186,0.9533088803291321,955,153
254,8466,11,0.9790456891059875,0.32824817299842834,-0.025644002482295036,0.9982894062995911,939,177
254,8466,12,0.9985352158546448,0.3295097053050995,0.010648507624864578,0.9963210821151733,958,177
254,8466,13,0.9587199091911316,0.4132274091243744,-0.028381651267409325,0.3174513876438141,920,223
254,8466,14,0.9778093099594116,0.4121374487876892,0.02626894786953926,0.5342610478401184,938,222
254,8466,15,0.9673894643783569,0.45237380266189575,-0.04166935011744499,0.25857013463974,928,244
254,8466,16,0.9759801030158997,0.4535781443119049,0.004131129942834377,0.3649819493293762,936,244
254,8466,17,0.9673789143562317,0.4708552956581116,-0.05348247289657593,0.25338590145111084,928,254
254,8466,18,0.9766719341278076,0.4701240360736847,-0.003928778693079948,0.3361748158931732,937,253
254,8466,19,0.9706558585166931,0.4686775505542755,-0.05939679220318794,0.24619491398334503,931,253
254,8466,20,0.977736234664917,0.47288474440574646,-0.01596289686858654,0.33319324254989624,938,255
254,8466,21,0.971282958984375,0.46765339374542236,-0.04403864964842796,0.20682157576084137,932,252
254,8466,22,0.9772101044654846,0.4653526544570923,-0.0018165094079449773,0.3002167046070099,938,251
254,8466,23,0.9770744442939758,0.4955626428127289,-0.007264809682965279,0.9969984889030457,937,267
254,8466,24,0.9807013273239136,0.4920554757118225,0.0071607246063649654,0.9971704483032227,941,265
254,8466,25,0.9608380794525146,0.6147414445877075,0.026681942865252495,0.589658796787262,922,331
254,8466,26,0.9718887805938721,0.6043224334716797,0.022003423422574997,0.7163097858428955,933,326
254,8466,27,0.9533647298812866,0.7368902564048767,0.06503698229789734,0.7928454279899597,915,397
254,8466,28,0.9549910426139832,0.7315338253974915,0.06590848416090012,0.737865149974823,916,395
254,8466,29,0.946560800075531,0.7596498131752014,0.06533979624509811,0.7331324219703674,908,410
254,8466,30,0.9477691650390625,0.7487685680389404,0.06793872267007828,0.5971314907073975,909,404
254,8466,31,0.952846348285675,0.7466262578964233,0.007516235113143921,0.6476250290870667,914,403
254,8466,32,0.9639784097671509,0.7477411031723022,0.0038207792676985264,0.6073244214057922,925,403
255,8500,0,0.9916484951972961,0.2881588041782379,-0.019546547904610634,0.9479946494102478,951,155
255,8500,1,0.9946810603141785,0.27978312969207764,-0.018971744924783707,0.9373581409454346,954,151
255,8500,2,0.9956963658332825,0.279592901468277,-0.019088448956608772,0.9313909411430359,955,150
255,8500,3,0.9968064427375793,0.2799009382724762,-0.019074682146310806,0.9468960165977478,956,151
255,8500,4,0.9923223257064819,0.27988842129707336,-0.01485385000705719,0.949068546295166,952,151
255,8500,5,0.9920093417167664,0.28014156222343445,-0.015059453435242176,0.9576360583305359,952,151
255,8500,6,0.9912698268890381,0.2799505591392517,-0.01517291646450758,0.9695779085159302,951,151
255,8500,7,0.9995880126953125,0.2845558524131775,-0.02506295219063759,0.9700229167938232,959,153
255,8500,8,0.9913012981414795,0.28442680835723877,0.0229398962110281,0.9634223580360413,951,153
255,8500,9,0.9928928017616272,0.29831844568252563,-0.009635305032134056,0.9455116987228394,953,161
255,8500,10,0.990511953830719,0.29879438877105713,-0.005938454531133175,0.9491145014762878,950,161
255,8500,11,1.001607060432434,0.3437989354133606,-0.006686033681035042,0.9970133304595947,961,185
255,8500,12,0.9897088408470154,0.33891093730926514,0.048265241086483,0.9948196411132812,950,183
255,8500,13,0.9847869277000427,0.4169001579284668,-0.019690485671162605,0.3026336431503296,945,225
255,8500,14,0.971515417098999,0.41381868720054626,0.053432006388902664,0.5013872385025024,932,223
255,8500,15,0.9818901419639587,0.4602622091770172,-0.06456421315670013,0.23865549266338348,942,248
255,8500,16,0.9743248224258423,0.46281445026397705,0.019323579967021942,0.3338385820388794,935,249
255,8500,17,0.982022225856781,0.4753952622413635,-0.0799637958407402,0.23906810581684113,942,256
255,8500,18,0.9751144051551819,0.48597976565361023,0.009526312351226807,0.31030553579330444,936,262
255,8500,19,0.9841792583465576,0.47213679552078247,-0.08578512817621231,0.2345682978630066,944,254
255,8500,20,0.9767217040061951,0.4890899062156677,-0.0019076664466410875,0.30922988057136536,937,264
255,8500,21,0.9838873744010925,0.46916481852531433,-0.06755479425191879,0.19700272381305695,944,253
255,8500,22,0.9765366315841675,0.47975531220436096,0.013392258435487747,0.2792472541332245,937,259
255,8500,23,0.9888502359390259,0.5079255104064941,-0.00928469281643629,0.9931693077087402,949,274
255,8500,24,0.9785292744636536,0.5007433891296387,0.009159085340797901,0.9942280054092407,939,270
255,8500,25,0.969648540019989,0.6342896819114685,0.00272697233594954,0.5812352299690247,930,342
255,8500,26,0.9683062434196472,0.617957592010498,0.007833761163055897,0.7022436261177063,929,333
255,8500,27,0.9563487768173218,0.7472022175788879,0.06127140671014786,0.7899375557899475,918,403
255,8500,28,0.9535377025604248,0.7343921661376953,0.0508243665099144,0.7359489798545837,915,396
255,8500,29,0.9535039067268372,0.7662257552146912,0.06343552470207214,0.7030622959136963,915,413
255,8500,30,0.9502442479133606,0.7506596446037292,0.05366760492324829,0.5692154169082642,912,405
255,8500,31,0.9528627395629883,0.7654004096984863,-0.0015845134621486068,0.6517349481582642,914,413
255,8500,32,0.9570224285125732,0.7621787786483765,-0.012089908123016357,0.6108618378639221,918,411
256,8533,0,0.990519642829895,0.3073285222053528,0.014463110826909542,0.8826659321784973,950,165
256,8533,1,0.989577054977417,0.29958295822143555,0.013784946873784065,0.8652114272117615,949,161
256,8533,2,0.989411473274231,0.2992352843284607,0.013698951341211796,0.85597163438797,949,161
256,8533,3,0.9894386529922485,0.2993226647377014,0.013748080469667912,0.8778590559959412,949,161
256,8533,4,0.9897045493125916,0.29993900656700134,0.01897377334535122,0.880801796913147,950,161
256,8533,5,0.9896880984306335,0.3002323806285858,0.01875031553208828,0.8926814198493958,950,162
256,8533,6,0.9893143177032471,0.30031919479370117,0.01861461251974106,0.9157633185386658,949,162
256,8533,7,0.9911367297172546,0.3017086088657379,0.01717769354581833,0.9022083878517151,951,162
256,8533,8,0.9902799725532532,0.30238285660743713,0.03241858258843422,0.8997530937194824,950,163
256,8533,9,0.98807692527771,0.3135105073451996,0.02364661917090416,0.8719817399978638,948,169
256,8533,10,0.987908124923706,0.3142845034599304,0.027873611077666283,0.8769282698631287,948,169
256,8533,11,0.984370768070221,0.3366137444972992,0.04455846920609474,0.992425262928009,944,181
256,8533,12,0.9871598482131958,0.33357036113739014,0.021143686026334763,0.992809534072876,947,180
256,8533,13,0.9745845794677734,0.4023490846157074,0.03548891097307205,0.273149311542511,935,217
256,8533,14,0.973507821559906,0.4016375243663788,0.010086017660796642,0.4597361385822296,934,216
256,8533,15,0.9752376675605774,0.45098480582237244,-0.005634576082229614,0.21520499885082245,936,243
256,8533,16,0.9751884341239929,0.4561920166015625,0.017354514449834824,0.30226820707321167,936,246
256,8533,17,0.9759976267814636,0.46461164951324463,-0.015965856611728668,0.216007798910141,936,250
256,8533,18,0.9756165742874146,0.4723609685897827,-0.0053563411347568035,0.2812054753303528,936,255
256,8533,19,0.9779784083366394,0.4658578336238861,-0.02391589991748333,0.2120235115289688,938,251
256,8533,20,0.9769175052642822,0.4767175316810608,-0.011697854846715927,0.28041401505470276,937,257
256,8533,21,0.977770209312439,0.46127891540527344,-0.009507792070508003,0.17802631855010986,938,249
256,8533,22,0.9764686822891235,0.4703842103481293,0.012793585658073425,0.25318366289138794,937,254
256,8533,23,0.9791738390922546,0.5061291456222534,0.0036884562578052282,0.9925756454467773,940,273
256,8533,24,0.9773967266082764,0.49550995230674744,-0.003924308344721794,0.9938371181488037,938,267
256,8533,25,0.9671690464019775,0.6312627196311951,0.027809567749500275,0.5260723233222961,928,340
256,8533,26,0.9656630158424377,0.6177186369895935,-0.03487372025847435,0.6490193009376526,927,333
256,8533,27,0.9557448625564575,0.7463103532791138,0.058886248618364334,0.7388709187507629,917,403
256,8533,28,0.9522741436958313,0.7419836521148682,-0.010578256100416183,0.6897150874137878,914,400
256,8533,29,0.9505264163017273,0.7670839428901672,0.05769974738359451,0.6473708152770996,912,414
256,8533,30,0.9472048878669739,0.7639763951301575,-0.009895790368318558,0.5194976329803467,909,412
256,8533,31,0.9670266509056091,0.7646739482879639,-0.003771864576265216,0.6076921820640564,928,412
256,8533,32,0.9671209454536438,0.7662193179130554,-0.07009674608707428,0.5691397786140442,928,413
257,8566,0,1.000588059425354,0.30130285024642944,-0.03914070129394531,0.885447084903717,960,162
257,8566,1,1.002947211265564,0.29716241359710693,-0.03333209455013275,0.8649846911430359,962,160
257,8566,2,1.003804087638855,0.29810401797294617,-0.033445585519075394,0.8549190759658813,963,160
257,8566,3,1.0046899318695068,0.2983872890472412,-0.03340976685285568,0.87823086977005,964,161
257,8566,4,1.0001579523086548,0.29387712478637695,-0.038049932569265366,0.8835635781288147,960,158
257,8566,5,0.9993226528167725,0.29310503602027893,-0.03827299550175667,0.8966022729873657,959,158
257,8566,6,0.9983817338943481,0.29244258999824524,-0.038419194519519806,0.9193004965782166,958,157
257,8566,7,1.0056840181350708,0.3013308346271515,0.0053919837810099125,0.9035063982009888,965,162
257,8566,8,0.9974880218505859,0.29108497500419617,-0.01565260998904705,0.9030046463012695,957,157
257,8566,9,1.0011217594146729,0.30744102597236633,-0.02153932861983776,0.8687877058982849,961,166
257,8566,10,0.9976897835731506,0.3050234615802765,-0.029100187122821808,0.8758279085159302,957,164
257,8566,11,1.0000269412994385,0.3370322585105896,0.049101050943136215,0.987334668636322,960,181
257,8566,12,0.9894581437110901,0.3318350315093994,-0.026519453153014183,0.9912622570991516,949,179
257,8566,13,0.9912802577018738,0.40587329864501953,0.05405428260564804,0.24933917820453644,951,219
257,8566,14,0.9784519076347351,0.40407970547676086,-0.037497811019420624,0.47465765476226807,939,218
257,8566,15,0.989668607711792,0.44887614250183105,0.00238408544100821,0.1952972412109375,950,242
257,8566,16,0.9841917753219604,0.4601137936115265,-0.04408269003033638,0.2847457826137543,944,248
257,8566,17,0.9895008206367493,0.4602464735507965,-0.010137594304978848,0.19783863425254822,949,248
257,8566,18,0.9845920205116272,0.4754513204097748,-0.05944620445370674,0.2663254141807556,945,256
257,8566,19,0.9908628463745117,0.45852646231651306,-0.022017668932676315,0.19486579298973083,951,247
257,8566,20,0.986479640007019,0.4778501093387604,-0.06417524069547653,0.2672259211540222,947,258
257,8566,21,0.9907525777816772,0.4537389576435089,-0.004080945160239935,0.1638784557580948,951,245
257,8566,22,0.9859291911125183,0.47159069776535034,-0.04644599184393883,0.2410055696964264,946,254
257,8566,23,0.9835799336433411,0.5023497939109802,0.024506323039531708,0.9900299310684204,944,271
257,8566,24,0.9775392413139343,0.4924451410770416,-0.024677101522684097,0.9922732710838318,938,265
257,8566,25,0.9660018682479858,0.6288921236991882,0.040867920964956284,0.515330970287323,927,339
257,8566,26,0.9661048054695129,0.6176249980926514,-0.0334586538374424,0.6675503849983215,927,333
257,8566,27,0.955276608467102,0.7461367845535278,0.07991385459899902,0.7525417804718018,917,402
257,8566,28,0.9522369503974915,0.7452439665794373,0.007673861458897591,0.7130646705627441,914,402
257,8566,29,0.9503101706504822,0.767726719379425,0.07866104692220688,0.6541278958320618,912,414
257,8566,30,0.9463372826576233,0.7646484375,0.009822818450629711,0.5255441665649414,908,412
257,8566,31,0.9693620204925537,0.7645314335823059,0.014552759937942028,0.6324174404144287,930,412
257,8566,32,0.9678676128387451,0.7672409415245056,-0.05204737186431885,0.59897381067276,929,414
258,8600,0,0.9949943423271179,0.3275766670703888,-0.033700130879879,0.818306565284729,955,176
258,8600,1,0.9965180158615112,0.32133135199546814,-0.03145996481180191,0.7971888184547424,956,173
258,8600,2,0.9964311122894287,0.3213808834552765,-0.03160982206463814,0.7865405082702637,956,173
258,8600,3,0.996541440486908,0.32169684767723083,-0.031571075320243835,0.8143119812011719,956,173
258,8600,4,0.9966173768043518,0.3209010660648346,-0.037112511694431305,0.8158243298530579,956,173
258,8600,5,0.9968782663345337,0.3210694491863251,-0.0373338982462883,0.8324365615844727,957,173
258,8600,6,0.9970744848251343,0.32109537720680237,-0.037500932812690735,0.8603231310844421,957,173
258,8600,7,0.9975945353507996,0.32433265447616577,-0.0032341598998755217,0.8448425531387329,957,175
258,8600,8,0.9947230219841003,0.32285985350608826,-0.02989616058766842,0.8348751068115234,954,174
258,8600,9,0.9948509931564331,0.33298930525779724,-0.019616568461060524,0.7943255305290222,955,179
258,8600,10,0.9931928515434265,0.33316856622695923,-0.02819034457206726,0.7983821630477905,953,179
258,8600,11,0.9984105229377747,0.36317068338394165,0.05276312679052353,0.9634156823158264,958,196
258,8600,12,0.9945153594017029,0.3546808660030365,-0.0594499334692955,0.9798287153244019,954,191
258,8600,13,0.9984375834465027,0.4081496000289917,0.06527303159236908,0.2248578518629074,958,220
258,8600,14,0.996027946472168,0.40223121643066406,-0.10380483418703079,0.46821799874305725,956,217
258,8600,15,1.0022997856140137,0.429768830537796,0.03258633241057396,0.17627689242362976,962,232
258,8600,16,1.0059067010879517,0.4029630422592163,-0.12271643429994583,0.26652592420578003,965,217
258,8600,17,1.0024996995925903,0.43329980969429016,0.03048808127641678,0.17936651408672333,962,233
258,8600,18,1.0074726343154907,0.39965304732322693,-0.14122797548770905,0.25168222188949585,967,215
258,8600,19,1.0034124851226807,0.42928260564804077,0.018209712579846382,0.17689400911331177,963,231
258,8600,20,1.007996678352356,0.3966520130634308,-0.13569268584251404,0.25319865345954895,967,214
258,8600,21,1.0034314393997192,0.4271911084651947,0.0269765667617321,0.14882151782512665,963,230
258,8600,22,1.0066672563552856,0.3973623812198639,-0.12200205028057098,0.2267630249261856,966,214
258,8600,23,0.9818974137306213,0.5191014409065247,0.03991246968507767,0.983755886554718,942,280
258,8600,24,0.9794032573699951,0.5079008936882019,-0.04003036394715309,0.9877626299858093,940,274
258,8600,25,0.9656004309654236,0.6284925937652588,0.07245741784572601,0.47039294242858887,926,339
258,8600,26,0.9663578271865845,0.621967613697052,-0.03926750272512436,0.6710007190704346,927,335
258,8600,27,0.9551457762718201,0.7400829792022705,0.11546935141086578,0.7282166481018066,916,399
258,8600,28,0.9537904262542725,0.7411169409751892,-0.008800195530056953,0.7269600033760071,915,400
258,8600,29,0.9497085213661194,0.7634140849113464,0.11617514491081238,0.6336343288421631,911,412
258,8600,30,0.9472964406013489,0.7583887577056885,-0.0070280940271914005,0.5309051871299744,909,409
258,8600,31,0.9686645865440369,0.7548878788948059,0.06447602063417435,0.6160083413124084,929,407
258,8600,32,0.9721350073814392,0.76524817943573,-0.06079969182610512,0.6115564703941345,933,413
259,8633,0,1.0026592016220093,0.3199135661125183,-0.07750099152326584,0.740144670009613,962,172
259,8633,1,1.004328966140747,0.31968286633491516,-0.07442211359739304,0.7192773818969727,964,172
259,8633,2,1.0049220323562622,0.32002100348472595,-0.07457787543535233,0.7097362875938416,964,172
259,8633,3,1.0055701732635498,0.31835949420928955,-0.0745660588145256,0.7356410622596741,965,171
259,8633,4,1.0026211738586426,0.3152519762516022,-0.08204986155033112,0.7367016077041626,962,170
259,8633,5,1.0021412372589111,0.31459030508995056,-0.08228107541799545,0.7528060078620911,962,169
259,8633,6,1.001617431640625,0.3134725093841553,-0.08248429000377655,0.7794764041900635,961,169
259,8633,7,1.0071412324905396,0.31106317043304443,-0.042022790759801865,0.7663529515266418,966,167
259,8633,8,1.0012362003326416,0.3187991678714752,-0.07680611312389374,0.756759524345398,961,172
259,8633,9,1.0044454336166382,0.33188456296920776,-0.061445508152246475,0.7211357355117798,964,179
259,8633,10,1.0018264055252075,0.3283924460411072,-0.0725286677479744,0.7248173356056213,961,177
259,8633,11,1.0108680725097656,0.3604208827018738,0.032156988978385925,0.9611393213272095,970,194
259,8633,12,0.9952495098114014,0.3523556888103485,-0.09990699589252472,0.97651606798172,955,190
259,8633,13,1.0072276592254639,0.4300139248371124,0.05362195894122124,0.20396976172924042,966,232
259,8633,14,0.9936284422874451,0.4354635775089264,-0.1208365261554718,0.4549640119075775,953,235
259,8633,15,1.0057042837142944,0.47595131397247314,0.008643385022878647,0.1594150960445404,965,257
259,8633,16,0.9982724785804749,0.500857949256897,-0.12780646979808807,0.24459537863731384,958,270
259,8633,17,1.0043144226074219,0.48511025309562683,0.006816148292273283,0.16294269263744354,964,261
259,8633,18,0.9991427063941956,0.5160757899284363,-0.1456034630537033,0.2310350239276886,959,278
259,8633,19,1.00681734085083,0.479403018951416,-0.010526065714657307,0.16095584630966187,966,258
259,8633,20,0.9992955923080444,0.5146592259407043,-0.1475692242383957,0.23275180160999298,959,277
259,8633,21,1.0067130327224731,0.4750020205974579,0.001088314107619226,0.13554875552654266,966,256
259,8633,22,0.9985182881355286,0.5079010128974915,-0.12919294834136963,0.20804929733276367,958,274
259,8633,23,0.9860589504241943,0.5166524648666382,0.04482952877879143,0.9843844771385193,946,278
259,8633,24,0.9797213077545166,0.5073670148849487,-0.044909920543432236,0.9882583022117615,940,273
259,8633,25,0.9661915302276611,0.6281960606575012,0.10596391558647156,0.44333189725875854,927,339
259,8633,26,0.9670537114143372,0.6224853992462158,-0.04470942169427872,0.6893218755722046,928,336
259,8633,27,0.9551702737808228,0.7341798543930054,0.1685139685869217,0.7368391752243042,916,396
259,8633,28,0.954064667224884,0.7382510900497437,0.002628527581691742,0.7454333305358887,915,398
259,8633,29,0.9493326544761658,0.7566229104995728,0.17059770226478577,0.6259171366691589,911,408
259,8633,30,0.9468461871147156,0.7569950222969055,0.003293100744485855,0.5289785861968994,908,408
259,8633,31,0.971545398235321,0.7548001408576965,0.10561927407979965,0.6278766393661499,932,407
259,8633,32,0.972251832485199,0.7670498490333557,-0.05055595934391022,0.6314883232116699,933,414
260,8666,0,1.0315953493118286,0.31685012578964233,-0.05652095004916191,0.6686909794807434,990,171
260,8666,1,1.0338739156723022,0.31129980087280273,-0.051192499697208405,0.6488699913024902,992,168
260,8666,2,1.0343681573867798,0.3115825653076172,-0.051333632320165634,0.6400964260101318,992,168
260,8666,3,1.0348718166351318,0.3117011785507202,-0.05131727457046509,0.6641150116920471,993,168
260,8666,4,1.0320773124694824,0.3087482452392578,-0.06051615998148918,0.6653923988342285,990,166
260,8666,5,1.0314223766326904,0.30802181363105774,-0.06074674054980278,0.6808903813362122,990,166
260,8666,6,1.0307257175445557,0.30704089999198914,-0.06094545125961304,0.7072407007217407,989,165
260,8666,7,1.0342439413070679,0.31087061762809753,-0.025171589106321335,0.6929635405540466,992,167
260,8666,8,1.0290045738220215,0.3090429902076721,-0.05718482658267021,0.6861816048622131,987,166
260,8666,9,1.0313959121704102,0.3250381350517273,-0.03920404613018036,0.6522971987724304,990,175
260,8666,10,1.0289041996002197,0.32259926199913025,-0.05255180224776268,0.6563491225242615,987,174
260,8666,11,1.026818037033081,0.3602125644683838,0.050811801105737686,0.9334800839424133,985,194
260,8666,12,1.0186742544174194,0.3493375778198242,-0.07934847474098206,0.9669361114501953,977,188
260,8666,13,1.018927812576294,0.4297439157962799,0.07811427116394043,0.1843603551387787,978,232
260,8666,14,1.0186294317245483,0.432946115732193,-0.08919556438922882,0.45066750049591064,977,233
260,8666,15,1.019116997718811,0.4650760591030121,0.040723785758018494,0.14406734704971313,978,251
260,8666,16,1.013880968093872,0.48789674043655396,-0.08462357521057129,0.22931890189647675,973,263
260,8666,17,1.0178898572921753,0.4716401696205139,0.03758721053600311,0.14787141978740692,977,254
260,8666,18,1.0116020441055298,0.49558010697364807,-0.09791683405637741,0.21605932712554932,971,267
260,8666,19,1.020128846168518,0.46563267707824707,0.022688640281558037,0.14629700779914856,979,251
260,8666,20,1.0102264881134033,0.49938321113586426,-0.10104336589574814,0.21833357214927673,969,269
260,8666,21,1.0201996564865112,0.46137285232543945,0.03367798402905464,0.12345562130212784,979,249
260,8666,22,1.0110856294631958,0.495472252368927,-0.0863465890288353,0.19487060606479645,970,267
260,8666,23,1.0019038915634155,0.5075187683105469,0.04457414150238037,0.9804909229278564,961,274
260,8666,24,0.9958006143569946,0.49515628814697266,-0.04469193145632744,0.9859152436256409,955,267
260,8666,25,0.9715753197669983,0.6279087662696838,0.08423304557800293,0.40914788842201233,932,339
260,8666,26,0.9754055142402649,0.6220958232879639,-0.04577066749334335,0.6826608180999756,936,335
260,8666,27,0.9552004337310791,0.7344440221786499,0.13705012202262878,0.7172268629074097,916,396
260,8666,28,0.9536094665527344,0.7368765473365784,0.0061463662423193455,0.7478604316711426,915,397
260,8666,29,0.9490617513656616,0.7542808651924133,0.13879022002220154,0.5994874238967896,911,407
260,8666,30,0.9462692141532898,0.7558724284172058,0.008716757409274578,0.5064738392829895,908,408
260,8666,31,0.9719190001487732,0.7556674480438232,0.07813744992017746,0.6057927012443542,933,408
260,8666,32,0.97145676612854,0.7674693465232849,-0.05505800619721413,0.6214162111282349,932,414
261,8700,0,1.0438908338546753,0.3156464099884033,-0.06840352714061737,0.6045982241630554,1002,170
261,8700,1,1.0455632209777832,0.30801472067832947,-0.06294093281030655,0.5855802297592163,1003,166
261,8700,2,1.0465564727783203,0.30787399411201477,-0.06310717016458511,0.5778288245201111,1004,166
261,8700,3,1.0475475788116455,0.3079775273799896,-0.06309829652309418,0.6003537178039551,1005,166
261,8700,4,1.0421595573425293,0.3072386384010315,-0.06969915330410004,0.6009548306465149,1000,165
261,8700,5,1.0409455299377441,0.30709537863731384,-0.0699218139052391,0.6159627437591553,999,165
261,8700,6,1.0397069454193115,0.30674347281455994,-0.07010730355978012,0.6410865783691406,998,165
261,8700,7,1.0477350950241089,0.3096393942832947,-0.025449680164456367,0.6283913850784302,1005,167
261,8700,8,1.037135362625122,0.30917251110076904,-0.05414265766739845,0.6213136911392212,995,166
261,8700,9,1.045344591140747,0.32328224182128906,-0.050205256789922714,0.5916875004768372,1003,174
261,8700,10,1.0409324169158936,0.3227011561393738,-0.06002604588866234,0.5949465036392212,999,174
261,8700,11,1.0466655492782593,0.37166285514831543,0.04048832133412361,0.9213381409645081,1004,200
261,8700,12,1.022833228111267,0.35164493322372437,-0.06559877097606659,0.9531251788139343,981,189
261,8700,13,1.0324304103851318,0.4590093791484833,0.06461460888385773,0.1690908968448639,991,247
261,8700,14,1.021568775177002,0.43658050894737244,-0.07348677515983582,0.4498850703239441,980,235
261,8700,15,1.0315499305725098,0.49055781960487366,-0.006174755282700062,0.13182470202445984,990,264
261,8700,16,1.023979902267456,0.48353615403175354,-0.07355424761772156,0.2183230072259903,983,261
261,8700,17,1.0301464796066284,0.49998563528060913,-0.01466525997966528,0.13770616054534912,988,269
261,8700,18,1.0237934589385986,0.4938483238220215,-0.08677341789007187,0.20923902094364166,982,266
261,8700,19,1.0332551002502441,0.49206024408340454,-0.029124898836016655,0.13741984963417053,991,265
261,8700,20,1.023500919342041,0.49418899416923523,-0.0914381816983223,0.21364715695381165,982,266
261,8700,21,1.0326157808303833,0.4864092767238617,-0.013206031173467636,0.11671431362628937,991,262
261,8700,22,1.0240012407302856,0.48995310068130493,-0.0757417306303978,0.19036251306533813,983,264
261,8700,23,1.0104460716247559,0.5112400054931641,0.040942490100860596,0.97078537940979,970,276
261,8700,24,0.9974473118782043,0.4953233003616333,-0.04108832776546478,0.9777230620384216,957,267
261,8700,25,0.9813099503517151,0.6316314339637756,0.06421157717704773,0.38724783062934875,942,341
261,8700,26,0.974673867225647,0.6205188035964966,-0.04072893410921097,0.6839162707328796,935,335
261,8700,27,0.9555509090423584,0.7348088622093201,0.1278838962316513,0.7216407060623169,917,396
261,8700,28,0.9535103440284729,0.7356780171394348,0.007516501937061548,0.7613137364387512,915,397
261,8700,29,0.9489041566848755,0.7543447613716125,0.1279485672712326,0.5925291180610657,910,407
261,8700,30,0.9459573030471802,0.7575864791870117,0.008959288708865643,0.4983711838722229,908,409
261,8700,31,0.9737827777862549,0.7575380206108093,0.04987127333879471,0.6133090853691101,934,409
261,8700,32,0.9706221222877502,0.7676576972007751,-0.05448339506983757,0.6341496706008911,931,414
262,8733,0,1.0537340641021729,0.33066242933273315,-0.051061276346445084,0.5446813106536865,1011,178
262,8733,1,1.0563255548477173,0.32308563590049744,-0.04750821739435196,0.527321457862854,1014,174
262,8733,2,1.0572599172592163,0.32300737500190735,-0.047660622745752335,0.5203733444213867,1014,174
262,8733,3,1.058170199394226,0.32331007719039917,-0.04765474051237106,0.5408251881599426,1015,174
262,8733,4,1.0534253120422363,0.3221498727798462,-0.05287245288491249,0.5412636399269104,1011,173
262,8733,5,1.0525214672088623,0.3218960464000702,-0.05309217795729637,0.5549878478050232,1010,173
262,8733,6,1.0515892505645752,0.32145336270332336,-0.05327920988202095,0.57794588804245,1009,173
262,8733,7,1.059414029121399,0.32519832253456116,-0.01944887265563011,0.566750705242157,1017,175
262,8733,8,1.050467848777771,0.32258743047714233,-0.04739880561828613,0.5602657198905945,1008,174
262,8733,9,1.05513596534729,0.3374296724796295,-0.03620512783527374,0.5339093804359436,1012,182
262,8733,10,1.0513942241668701,0.33651694655418396,-0.04430588707327843,0.5368112325668335,1009,181
262,8733,11,1.0574228763580322,0.38583531975746155,0.03908597305417061,0.9008483290672302,1015,208
262,8733,12,1.0343480110168457,0.36191290616989136,-0.06251733005046844,0.9316273331642151,992,195
262,8733,13,1.0375205278396606,0.47310298681259155,0.05859653651714325,0.15405285358428955,996,255
262,8733,14,1.0247634649276733,0.4482458829879761,-0.0676533654332161,0.43498101830482483,983,242
262,8733,15,1.0296556949615479,0.4941437244415283,-0.0007354930276051164,0.11966167390346527,988,266
262,8733,16,1.02513587474823,0.4818861186504364,-0.06943518668413162,0.20334821939468384,984,260
262,8733,17,1.0261170864105225,0.5015940070152283,-0.007715032435953617,0.12636330723762512,985,270
262,8733,18,1.0247546434402466,0.4913218319416046,-0.08282864093780518,0.1967410445213318,983,265
262,8733,19,1.0293351411819458,0.4926699101924896,-0.020093116909265518,0.12664705514907837,988,266
262,8733,20,1.0248961448669434,0.49103161692619324,-0.0868336632847786,0.20216810703277588,983,265
262,8733,21,1.0299874544143677,0.4877501428127289,-0.006626995280385017,0.10786181688308716,988,263
262,8733,22,1.025557041168213,0.4865015149116516,-0.07157087326049805,0.18000270426273346,984,262
262,8733,23,1.017646312713623,0.5165000557899475,0.037925899028778076,0.9568643569946289,976,278
262,8733,24,1.0053620338439941,0.4981605112552643,-0.0380561426281929,0.9664373993873596,965,269
262,8733,25,0.9802224040031433,0.6366515159606934,0.05161941796541214,0.3648461401462555,941,343
262,8733,26,0.9770697355270386,0.6187118887901306,-0.0381505973637104,0.6754469871520996,937,334
262,8733,27,0.9557820558547974,0.7349395751953125,0.11737898737192154,0.7224854826927185,917,396
262,8733,28,0.9534587860107422,0.7360295653343201,0.011486752890050411,0.7692578434944153,915,397
262,8733,29,0.948777973651886,0.7544956803321838,0.12009380757808685,0.5736353397369385,910,407
262,8733,30,0.9464793801307678,0.755486011505127,0.013586941175162792,0.4826287627220154,908,407
262,8733,31,0.9727466106414795,0.7575885653495789,0.03815845027565956,0.6123246550559998,933,409
262,8733,32,0.9679318070411682,0.7671472430229187,-0.05124193802475929,0.637508749961853,929,414
263,8766,0,1.0516552925109863,0.3552837669849396,-0.0467204786837101,0.4913499355316162,1009,191
263,8766,1,1.0560998916625977,0.3485191762447357,-0.04840010404586792,0.47550487518310547,1013,188
263,8766,2,1.0570900440216064,0.3483791649341583,-0.048563890159130096,0.46941322088241577,1014,188
263,8766,3,1.058042287826538,0.3486694097518921,-0.04856754094362259,0.4882816672325134,1015,188
263,8766,4,1.0542315244674683,0.34874671697616577,-0.04646517336368561,0.4882260262966156,1012,188
263,8766,5,1.0540231466293335,0.3492406904697418,-0.04668067768216133,0.5011731386184692,1011,188
263,8766,6,1.0537914037704468,0.34951144456863403,-0.046857886016368866,0.5224157571792603,1011,188
263,8766,7,1.0623915195465088,0.35398632287979126,-0.04163103550672531,0.5144365429878235,1019,191
263,8766,8,1.0563629865646362,0.3539714813232422,-0.02506682090461254,0.5067286491394043,1014,191
263,8766,9,1.0529732704162598,0.36315011978149414,-0.03947336599230766,0.48294731974601746,1010,196
263,8766,10,1.0507934093475342,0.36383333802223206,-0.03811533749103546,0.48521047830581665,1008,196
263,8766,11,1.0633854866027832,0.41385170817375183,-0.02981962077319622,0.8903109431266785,1020,223
263,8766,12,1.0414748191833496,0.3889327943325043,-0.008870584890246391,0.906001627445221,999,210
263,8766,13,1.0425148010253906,0.4782789349555969,-0.04233131930232048,0.14459025859832764,1000,258
263,8766,14,1.0320669412612915,0.4444422423839569,-0.029933368787169456,0.39979803562164307,990,239
263,8766,15,1.03672194480896,0.4882631003856659,-0.05926030874252319,0.11108408868312836,995,263
263,8766,16,1.03342604637146,0.44823893904685974,-0.07613483816385269,0.1906256377696991,992,242
263,8766,17,1.0348480939865112,0.49770766496658325,-0.06753721088171005,0.12096155434846878,993,268
263,8766,18,1.033950686454773,0.44665294885635376,-0.09032511711120605,0.19041010737419128,992,241
263,8766,19,1.0383301973342896,0.48548436164855957,-0.0729118138551712,0.12236633896827698,996,262
263,8766,20,1.0343748331069946,0.4439941942691803,-0.09607549011707306,0.19800058007240295,992,239
263,8766,21,1.0386358499526978,0.4844905734062195,-0.061236366629600525,0.1040075495839119,997,261
263,8766,22,1.035041332244873,0.4442823529243469,-0.08087322115898132,0.1757124811410904,993,239
263,8766,23,1.0212290287017822,0.5387288331985474,-0.0026539990212768316,0.9473569393157959,980,290
263,8766,24,1.0083134174346924,0.5189891457557678,0.0025935883168131113,0.9553342461585999,967,280
263,8766,25,0.984549343585968,0.6360960602760315,0.004136743489652872,0.3682432472705841,945,343
263,8766,26,0.9822439551353455,0.6205021739006042,-0.010173964314162731,0.6515939235687256,942,335
263,8766,27,0.9577801823616028,0.7349269986152649,0.0516798309981823,0.742266833782196,919,396
263,8766,28,0.9540566205978394,0.728164553642273,0.03071780689060688,0.7745610475540161,915,393
263,8766,29,0.9492211937904358,0.754207968711853,0.052697643637657166,0.5881485939025879,911,407
263,8766,30,0.9511414766311646,0.7380693554878235,0.032604116946458817,0.48421794176101685,913,398
263,8766,31,0.9593918919563293,0.7582436203956604,-0.016763733699917793,0.6369615197181702,921,409
263,8766,32,0.9501597285270691,0.7553229331970215,-0.02993202954530716,0.6482736468315125,912,407
264,8800,0,1.0493824481964111,0.326988160610199,-0.05551273003220558,0.5164461135864258,1007,176
264,8800,1,1.0543758869171143,0.323834627866745,-0.059593021869659424,0.4923144280910492,1012,174
264,8800,2,1.0553879737854004,0.324650377035141,-0.05974048748612404,0.4885053038597107,1013,175
264,8800,3,1.0563513040542603,0.32588112354278564,-0.059744127094745636,0.511618435382843,1014,175
264,8800,4,1.052266240119934,0.3234127163887024,-0.053094323724508286,0.5126087665557861,1010,174
264,8800,5,1.0519665479660034,0.3244708478450775,-0.05329342186450958,0.5314388275146484,1009,175
264,8800,6,1.051641583442688,0.325451523065567,-0.0534195750951767,0.5557122230529785,1009,175
264,8800,7,1.059236764907837,0.34436026215553284,-0.057810861617326736,0.5486551523208618,1016,185
264,8800,8,1.0528734922409058,0.34009096026420593,-0.025457661598920822,0.538547158241272,1010,183
264,8800,9,1.0495808124542236,0.339495986700058,-0.05105177313089371,0.5113111734390259,1007,183
264,8800,10,1.0470026731491089,0.33899661898612976,-0.04377245157957077,0.5169387459754944,1005,183
264,8800,11,1.052446722984314,0.3988625705242157,-0.05016790330410004,0.8996517062187195,1010,215
264,8800,12,1.0339032411575317,0.38778257369995117,-0.006112770177423954,0.9138177037239075,992,209
264,8800,13,1.025528907775879,0.44093266129493713,-0.04880695417523384,0.1477147489786148,984,238
264,8800,14,1.0224403142929077,0.42691469192504883,0.0012098464649170637,0.3768022358417511,981,230
264,8800,15,1.0275148153305054,0.447128027677536,-0.04879020154476166,0.10398740321397781,986,241
264,8800,16,1.0047755241394043,0.44338423013687134,-0.03704522177577019,0.18125969171524048,964,239
264,8800,17,1.0165750980377197,0.45227769017219543,-0.05701562017202377,0.11588513851165771,975,244
264,8800,18,0.9988664388656616,0.44788089394569397,-0.04691876843571663,0.18581326305866241,958,241
264,8800,19,1.0234397649765015,0.44702500104904175,-0.06330090016126633,0.11829224973917007,982,241
264,8800,20,0.997535765171051,0.44779592752456665,-0.06111569702625275,0.19641244411468506,957,241
264,8800,21,1.028084397315979,0.4452888071537018,-0.050774309784173965,0.10069035738706589,986,240
264,8800,22,1.0008338689804077,0.44604456424713135,-0.0449669174849987,0.17587044835090637,960,240
264,8800,23,1.0122228860855103,0.5183228254318237,-0.0048795961774885654,0.9512322545051575,971,279
264,8800,24,1.0021231174468994,0.500048041343689,0.00482237758114934,0.958755373954773,962,270
264,8800,25,0.982956051826477,0.6350870728492737,0.007684872951358557,0.36370643973350525,943,342
264,8800,26,0.9812012910842896,0.6169840097427368,-0.009360683150589466,0.6300001740455627,941,333
264,8800,27,0.9577116370201111,0.7350142002105713,0.05591609701514244,0.7482506036758423,919,396
264,8800,28,0.9544665217399597,0.7319647669792175,0.028539132326841354,0.7699036002159119,916,395
264,8800,29,0.949255645275116,0.7532964944839478,0.056782595813274384,0.5861092805862427,911,406
264,8800,30,0.9502198696136475,0.7412972450256348,0.031312063336372375,0.4667781889438629,912,400
264,8800,31,0.9605217576026917,0.7569625377655029,-0.012167776003479958,0.651381254196167,922,408
264,8800,32,0.9577981233596802,0.7578507661819458,-0.04145343601703644,0.6538534164428711,919,409
265,8833,0,1.0431503057479858,0.33577391505241394,-0.017844904214143753,0.47769859433174133,1001,181
265,8833,1,1.0467145442962646,0.3307281732559204,-0.02070365473628044,0.4501412510871887,1004,178
265,8833,2,1.047448754310608,0.33066561818122864,-0.020833386108279228,0.4471139907836914,1005,178
265,8833,3,1.0481345653533936,0.3310146927833557,-0.020838387310504913,0.4713001549243927,1006,178
265,8833,4,1.0448381900787354,0.3307320773601532,-0.01699349656701088,0.4716019332408905,1003,178
265,8833,5,1.044488787651062,0.3312566876411438,-0.01718946173787117,0.4923233985900879,1002,178
265,8833,6,1.0441220998764038,0.33160969614982605,-0.017317594960331917,0.5214809775352478,1002,179
265,8833,7,1.0503382682800293,0.3375736176967621,-0.015613032504916191,0.5150436162948608,1008,182
265,8833,8,1.044899821281433,0.336755633354187,0.0022327150218188763,0.5015242099761963,1003,181
265,8833,9,1.0437673330307007,0.34281349182128906,-0.01191397663205862,0.4836300015449524,1002,185
265,8833,10,1.0415270328521729,0.3430420458316803,-0.008178284391760826,0.49138233065605164,999,185
265,8833,11,1.046044945716858,0.3900584280490875,-0.03338467329740524,0.905516505241394,1004,210
265,8833,12,1.0287553071975708,0.3759550154209137,0.01315049547702074,0.9195012450218201,987,203
265,8833,13,1.02390718460083,0.42768406867980957,-0.012489908374845982,0.15444964170455933,982,230
265,8833,14,1.0169868469238281,0.3966999650001526,0.015461401082575321,0.36850613355636597,976,214
265,8833,15,1.0127824544906616,0.39780089259147644,-0.030311645939946175,0.10051892697811127,972,214
265,8833,16,0.9987079501152039,0.37170863151550293,-0.01494631078094244,0.18121111392974854,958,200
265,8833,17,1.0032590627670288,0.39287039637565613,-0.037749312818050385,0.11503247916698456,963,212
265,8833,18,0.994519054889679,0.36636272072792053,-0.025304848328232765,0.19015496969223022,954,197
265,8833,19,1.0099413394927979,0.38718608021736145,-0.04576514661312103,0.11842981725931168,969,209
265,8833,20,0.9937764406204224,0.36477166414260864,-0.03616129979491234,0.2037583589553833,954,196
265,8833,21,1.0138708353042603,0.38792330026626587,-0.034018244594335556,0.10081952810287476,973,209
265,8833,22,0.996029257774353,0.3667013645172119,-0.02137441374361515,0.1842663437128067,956,198
265,8833,23,1.0078619718551636,0.510341227054596,0.004834085702896118,0.9525603652000427,967,275
265,8833,24,0.9996071457862854,0.4921095073223114,-0.004912554752081633,0.9604231715202332,959,265
265,8833,25,0.9826341867446899,0.6300055980682373,-0.005835342686623335,0.3450460135936737,943,340
265,8833,26,0.9820184707641602,0.6070569157600403,-0.028777776286005974,0.6139040589332581,942,327
265,8833,27,0.9575514197349548,0.7351937294006348,0.02126169763505459,0.7152409553527832,919,397
265,8833,28,0.9545214772224426,0.7350194454193115,-0.03027057647705078,0.7500736117362976,916,396
265,8833,29,0.9491435885429382,0.7535867094993591,0.020662175491452217,0.5517939329147339,911,406
265,8833,30,0.9497435688972473,0.7472027540206909,-0.03224191442131996,0.43722155690193176,911,403
265,8833,31,0.9644960165023804,0.7575142979621887,-0.04335016757249832,0.6224378347396851,925,409
265,8833,32,0.9661785364151001,0.7615445256233215,-0.1021747961640358,0.6306051015853882,927,411
266,8866,0,1.0697075128555298,0.3585287928581238,-0.11332443356513977,0.43006062507629395,1026,193
266,8866,1,1.0723363161087036,0.34976208209991455,-0.10942527651786804,0.40519118309020996,1029,188
266,8866,2,1.0736597776412964,0.34955963492393494,-0.10960696637630463,0.402477502822876,1030,188
266,8866,3,1.0749319791793823,0.3497783839702606,-0.10962285101413727,0.4242837131023407,1031,188
266,8866,4,1.0682719945907593,0.3493722677230835,-0.11295189708471298,0.4245372712612152,1025,188
266,8866,5,1.0667780637741089,0.3493714928627014,-0.11317408829927444,0.44325965642929077,1024,188
266,8866,6,1.0652843713760376,0.34917008876800537,-0.11340395361185074,0.46962103247642517,1022,188
266,8866,7,1.0751627683639526,0.3529735803604126,-0.07199946790933609,0.4638245105743408,1032,190
266,8866,8,1.0619380474090576,0.35135480761528015,-0.08636746555566788,0.45166128873825073,1019,189
266,8866,9,1.0760513544082642,0.3583974838256836,-0.09581076353788376,0.43583017587661743,1033,193
266,8866,10,1.06548273563385,0.36544886231422424,-0.10123959928750992,0.4429131746292114,1022,197
266,8866,11,1.0728768110275269,0.41978004574775696,-0.027972225099802017,0.8856585621833801,1029,226
266,8866,12,1.0372709035873413,0.382220059633255,-0.07242390513420105,0.9037407636642456,995,206
266,8866,13,1.0450905561447144,0.49209022521972656,-0.005167901981621981,0.14069879055023193,1003,265
266,8866,14,1.018811821937561,0.42902663350105286,-0.08425343036651611,0.3554910719394684,978,231
266,8866,15,1.0372380018234253,0.5103548169136047,-0.031411781907081604,0.0912642553448677,995,275
266,8866,16,1.0291200876235962,0.45201820135116577,-0.13127636909484863,0.17119555175304413,987,244
266,8866,17,1.0325939655303955,0.5150708556175232,-0.03937314823269844,0.10510825365781784,991,278
266,8866,18,1.0321999788284302,0.4648047983646393,-0.15042509138584137,0.1817982941865921,990,250
266,8866,19,1.0386548042297363,0.5080528855323792,-0.051373131573200226,0.10853265225887299,997,274
266,8866,20,1.0362745523452759,0.45381081104278564,-0.15348397195339203,0.19606630504131317,994,245
266,8866,21,1.0392910242080688,0.5034527778625488,-0.03641804680228233,0.0926695168018341,997,271
266,8866,22,1.0362545251846313,0.44781166315078735,-0.13403289020061493,0.17623372375965118,994,241
266,8866,23,1.0269074440002441,0.5282480716705322,0.01482881885021925,0.9445756077766418,985,285
266,8866,24,1.0070925951004028,0.505014181137085,-0.014856182970106602,0.9564390778541565,966,272
266,8866,25,1.0051065683364868,0.6337049603462219,0.012183031067252159,0.32273077964782715,964,342
266,8866,26,0.9857127666473389,0.6078157424926758,-0.04648144543170929,0.6015384197235107,946,328
266,8866,27,0.9661983847618103,0.721890389919281,0.04764516279101372,0.6967726945877075,927,389
266,8866,28,0.9565490484237671,0.7347525954246521,-0.010723059996962547,0.7540836334228516,918,396
266,8866,29,0.9648674726486206,0.7296263575553894,0.056524913758039474,0.5222938060760498,926,393
266,8866,30,0.9494903087615967,0.7458996176719666,-0.009440083056688309,0.42070674896240234,911,402
266,8866,31,0.973956823348999,0.7575533986091614,-0.013875221833586693,0.6005972623825073,934,409
266,8866,32,0.9698778390884399,0.763971745967865,-0.0862148329615593,0.6250847578048706,931,412
267,8900,0,1.092621088027954,0.37869393825531006,-0.1370987743139267,0.3870793879032135,1048,204
267,8900,1,1.0959323644638062,0.37052080035209656,-0.13351567089557648,0.36468371748924255,1052,200
267,8900,2,1.0973318815231323,0.37053489685058594,-0.13370198011398315,0.3622429370880127,1053,200
267,8900,3,1.0986791849136353,0.37096312642097473,-0.1337246596813202,0.381877064704895,1054,200
267,8900,4,1.0917314291000366,0.36971142888069153,-0.13569249212741852,0.3821006417274475,1048,199
267,8900,5,1.09028160572052,0.36964288353919983,-0.1359216719865799,0.3989618718624115,1046,199
267,8900,6,1.0888248682022095,0.36937153339385986,-0.13617482781410217,0.42271116375923157,1045,199
267,8900,7,1.099644422531128,0.37569814920425415,-0.09723187983036041,0.41749390959739685,1055,202
267,8900,8,1.0860800743103027,0.37270382046699524,-0.10564529150724411,0.4065539836883545,1042,201
267,8900,9,1.0958267450332642,0.3760014474391937,-0.12003163248300552,0.39235633611679077,1051,203
267,8900,10,1.0905205011367798,0.37210729718208313,-0.12367507815361023,0.3987339437007904,1046,200
267,8900,11,1.0967942476272583,0.44679051637649536,-0.048709359019994736,0.8326522707939148,1052,241
267,8900,12,1.0584702491760254,0.41182568669319153,-0.08734090626239777,0.8492608070373535,1016,222
267,8900,13,1.0645262002944946,0.5209320783615112,-0.024547958746552467,0.12739498913288116,1021,281
267,8900,14,1.0359996557235718,0.4839570224285126,-0.08127649873495102,0.33242058753967285,994,261
267,8900,15,1.0535995960235596,0.5336076021194458,-0.0480712428689003,0.0823671892285347,1011,288
267,8900,16,1.0421135425567627,0.4995453357696533,-0.10579899698495865,0.15666340291500092,1000,269
267,8900,17,1.04899001121521,0.5359302163124084,-0.05657638981938362,0.095149464905262,1007,289
267,8900,18,1.0442795753479004,0.5057739019393921,-0.1213715448975563,0.1670554131269455,1002,273
267,8900,19,1.0539565086364746,0.5291554927825928,-0.0680915117263794,0.09837314486503601,1011,285
267,8900,20,1.045946717262268,0.4961414933204651,-0.1272473931312561,0.1807788908481598,1004,267
267,8900,21,1.0548083782196045,0.5247844457626343,-0.052787624299526215,0.08409713208675385,1012,283
267,8900,22,1.0469202995300293,0.49224841594696045,-0.1092790886759758,0.16233709454536438,1005,265
267,8900,23,1.045054316520691,0.5585923194885254,0.015091078355908394,0.92256098985672,1003,301
267,8900,24,1.02667236328125,0.534797191619873,-0.015141233801841736,0.9408169984817505,985,288
267,8900,25,1.0017961263656616,0.6429058909416199,0.015494824387133121,0.29920899868011475,961,347
267,8900,26,0.9877405166625977,0.6183171272277832,-0.03304912522435188,0.5766124725341797,948,333
267,8900,27,0.9651590585708618,0.7221405506134033,0.08545931428670883,0.6869121193885803,926,389
267,8900,28,0.9574347138404846,0.7347138524055481,0.03918257728219032,0.753105878829956,919,396
267,8900,29,0.9606146216392517,0.735912561416626,0.09207209199666977,0.4986374080181122,922,397
267,8900,30,0.9494901895523071,0.745582640171051,0.04416400194168091,0.40405336022377014,911,402
267,8900,31,0.9781749844551086,0.7635136842727661,0.010185948573052883,0.5846847891807556,939,412
267,8900,32,0.9699499607086182,0.7647680640220642,-0.03733101114630699,0.6134576201438904,931,412
268,8933,0,1.0880863666534424,0.4176473021507263,-0.09907512366771698,0.41510331630706787,1044,225
268,8933,1,1.092362880706787,0.4097249209880829,-0.10300179570913315,0.38779184222221375,1048,221
268,8933,2,1.0939185619354248,0.4101305305957794,-0.10319188237190247,0.3876347243785858,1050,221
268,8933,3,1.09538996219635,0.4109330475330353,-0.10327538102865219,0.4079117774963379,1051,221
268,8933,4,1.0882436037063599,0.40785276889801025,-0.10619346797466278,0.407316118478775,1044,220
268,8933,5,1.0868351459503174,0.4072505235671997,-0.10650265216827393,0.43027088046073914,1043,219
268,8933,6,1.085442304611206,0.406453400850296,-0.10689863562583923,0.45426011085510254,1042,219
268,8933,7,1.0969773530960083,0.41475003957748413,-0.062395624816417694,0.44958826899528503,1053,223
268,8933,8,1.083558440208435,0.40833693742752075,-0.06558077037334442,0.4318942427635193,1040,220
268,8933,9,1.089477777481079,0.4255257248878479,-0.09606275707483292,0.3975333273410797,1045,229
268,8933,10,1.0842564105987549,0.42300906777381897,-0.10184533149003983,0.40102383494377136,1040,228
268,8933,11,1.0877357721328735,0.4594057500362396,-0.03117392398416996,0.8450954556465149,1044,248
268,8933,12,1.0692191123962402,0.4418632984161377,-0.04852168262004852,0.8584258556365967,1026,238
268,8933,13,1.0648032426834106,0.5008482933044434,-0.03396998718380928,0.12018176168203354,1022,270
268,8933,14,1.052824854850769,0.4887918531894684,-0.06670861691236496,0.32311806082725525,1010,263
268,8933,15,1.0617594718933105,0.5101318359375,-0.09682465344667435,0.08395792543888092,1019,275
268,8933,16,1.0582232475280762,0.4985598623752594,-0.10841488838195801,0.16499455273151398,1015,269
268,8933,17,1.0595080852508545,0.5137996673583984,-0.1100301668047905,0.10738588869571686,1017,277
268,8933,18,1.059362769126892,0.5034754872322083,-0.12388841807842255,0.1859670877456665,1016,271
268,8933,19,1.0632989406585693,0.5077679753303528,-0.11618974804878235,0.113596111536026,1020,274
268,8933,20,1.0612503290176392,0.4970291554927826,-0.1273665875196457,0.20236051082611084,1018,268
268,8933,21,1.0632824897766113,0.5045835375785828,-0.10057911276817322,0.09707807004451752,1020,272
268,8933,22,1.0612459182739258,0.4949658513069153,-0.11150361597537994,0.1803528219461441,1018,267
268,8933,23,1.03493332862854,0.5758835077285767,0.01439320482313633,0.9232309460639954,993,310
268,8933,24,1.0256861448287964,0.5613055229187012,-0.014457356184720993,0.9399864673614502,984,303
268,8933,25,0.9962375164031982,0.6482596397399902,0.01909342035651207,0.2951505482196808,956,350
268,8933,26,0.9937651753425598,0.6417882442474365,-0.03313349932432175,0.5715169906616211,954,346
268,8933,27,0.9652566909790039,0.7245762944221497,0.05330933257937431,0.6918851733207703,926,391
268,8933,28,0.9607505798339844,0.7316794991493225,0.024132300168275833,0.740347146987915,922,395
268,8933,29,0.9589454531669617,0.7387887239456177,0.053821101784706116,0.5084489583969116,920,398
268,8933,30,0.9572334289550781,0.733615517616272,0.029513036832213402,0.3915771543979645,918,396
268,8933,31,0.9771912693977356,0.7633243203163147,0.003641278948634863,0.5954511761665344,938,412
268,8933,32,0.973556637763977,0.7641540765762329,-0.03302129730582237,0.6029333472251892,934,412
269,8966,0,1.0844112634658813,0.4390849173069,-0.07739254832267761,0.4506821930408478,1041,237
269,8966,1,1.0891386270523071,0.43214842677116394,-0.07475551962852478,0.4175461530685425,1045,233
269,8966,2,1.0906533002853394,0.4328460395336151,-0.07487361133098602,0.4191129803657532,1047,233
269,8966,3,1.092071294784546,0.43391337990760803,-0.07490026950836182,0.4380616843700409,1048,234
269,8966,4,1.0851658582687378,0.4295218884944916,-0.07501944154500961,0.4440914988517761,1041,231
269,8966,5,1.0838054418563843,0.42864224314689636,-0.07523765414953232,0.4707578420639038,1040,231
269,8966,6,1.082470417022705,0.4275760054588318,-0.07540901750326157,0.49491196870803833,1039,230
269,8966,7,1.0933959484100342,0.43809956312179565,-0.03705238178372383,0.4865044057369232,1049,236
269,8966,8,1.0804572105407715,0.42909565567970276,-0.037822965532541275,0.4732251465320587,1037,231
269,8966,9,1.0850728750228882,0.44796302914619446,-0.06524217873811722,0.42321428656578064,1041,241
269,8966,10,1.080011248588562,0.4447379410266876,-0.06678378582000732,0.43287259340286255,1036,240
269,8966,11,1.082211971282959,0.4814881384372711,-0.0229017436504364,0.8566336631774902,1038,260
269,8966,12,1.0639009475708008,0.4600246846675873,-0.023113546893000603,0.8701142072677612,1021,248
269,8966,13,1.058035135269165,0.5103979706764221,-0.034349314868450165,0.12632106244564056,1015,275
269,8966,14,1.0418347120285034,0.5050273537635803,-0.03680318966507912,0.3301530182361603,1000,272
269,8966,15,1.0674132108688354,0.5017073154449463,-0.08844278007745743,0.10259624570608139,1024,270
269,8966,16,1.0434359312057495,0.5290073156356812,-0.0757313072681427,0.18746724724769592,1001,285
269,8966,17,1.0688921213150024,0.5082631707191467,-0.10010074079036713,0.14183680713176727,1026,274
269,8966,18,1.0541930198669434,0.5370284914970398,-0.08514440804719925,0.21590067446231842,1012,289
269,8966,19,1.073752999305725,0.5007590651512146,-0.10509835928678513,0.1523761749267578,1030,270
269,8966,20,1.0556658506393433,0.5362727046012878,-0.09238603711128235,0.23627214133739471,1013,289
269,8966,21,1.0721096992492676,0.49651360511779785,-0.09149562567472458,0.13320639729499817,1029,268
269,8966,22,1.0495084524154663,0.5343634486198425,-0.07992610335350037,0.2129896581172943,1007,288
269,8966,23,1.028343677520752,0.5902901291847229,0.010291832499206066,0.9214588403701782,987,318
269,8966,24,1.0191924571990967,0.575256884098053,-0.010381522588431835,0.9387965798377991,978,310
269,8966,25,0.9922348260879517,0.6654371023178101,0.017836183309555054,0.298584908246994,952,359
269,8966,26,0.9913643002510071,0.6609997749328613,-0.02817583456635475,0.5702838897705078,951,356
269,8966,27,0.9646803140640259,0.7294071316719055,0.05186818540096283,0.6913231611251831,926,393
269,8966,28,0.9615299105644226,0.7313563823699951,0.021645819768309593,0.7242974042892456,923,394
269,8966,29,0.9618658423423767,0.7415599226951599,0.05283446982502937,0.5097187161445618,923,400
269,8966,30,0.9598603844642639,0.7328808307647705,0.02580150030553341,0.37818971276283264,921,395
269,8966,31,0.9767728447914124,0.7631500363349915,0.006406049244105816,0.6001731157302856,937,412
269,8966,32,0.9726331830024719,0.7640471458435059,-0.02329442650079727,0.590090274810791,933,412
270,9000,0,nan,nan,nan,0.0,-1,-1
271,9033,0,nan,nan,nan,0.0,-1,-1
272,9066,0,nan,nan,nan,0.0,-1,-1
273,9100,0,nan,nan,nan,0.0,-1,-1
