frame,timestamp_ms,landmark_id,x_norm,y_norm,z_norm,visibility,x_px,y_px
0,0,0,nan,nan,nan,0.0,-1,-1
1,33,0,nan,nan,nan,0.0,-1,-1
2,66,0,nan,nan,nan,0.0,-1,-1
3,100,0,nan,nan,nan,0.0,-1,-1
4,133,0,nan,nan,nan,0.0,-1,-1
5,166,0,nan,nan,nan,0.0,-1,-1
6,200,0,nan,nan,nan,0.0,-1,-1
7,233,0,nan,nan,nan,0.0,-1,-1
8,266,0,nan,nan,nan,0.0,-1,-1
9,300,0,nan,nan,nan,0.0,-1,-1
10,333,0,nan,nan,nan,0.0,-1,-1
11,366,0,nan,nan,nan,0.0,-1,-1
12,400,0,nan,nan,nan,0.0,-1,-1
13,433,0,nan,nan,nan,0.0,-1,-1
14,466,0,nan,nan,nan,0.0,-1,-1
15,500,0,nan,nan,nan,0.0,-1,-1
16,533,0,nan,nan,nan,0.0,-1,-1
17,566,0,nan,nan,nan,0.0,-1,-1
18,600,0,nan,nan,nan,0.0,-1,-1
19,633,0,nan,nan,nan,0.0,-1,-1
20,666,0,nan,nan,nan,0.0,-1,-1
21,700,0,nan,nan,nan,0.0,-1,-1
22,733,0,0.883346676826477,0.28590160608291626,-0.12485197931528091,0.9997223019599915,848,154
22,733,1,0.8860733509063721,0.2752876579761505,-0.12872165441513062,0.9994543194770813,850,148
22,733,2,0.8872102499008179,0.27501752972602844,-0.12893234193325043,0.9995220899581909,851,148
22,733,3,0.8883954882621765,0.27491024136543274,-0.12883998453617096,0.999537467956543,852,148
22,733,4,0.8836202621459961,0.2760109007358551,-0.11423371732234955,0.9995427131652832,848,149
22,733,5,0.8829831480979919,0.27619466185569763,-0.11445409804582596,0.9996658563613892,847,149
22,733,6,0.8821237683296204,0.27648451924324036,-0.11455713212490082,0.9996767044067383,846,149
22,733,7,0.8942708373069763,0.2788243889808655,-0.11685580760240555,0.9996603727340698,858,150
22,733,8,0.8838050961494446,0.280551016330719,-0.050375547260046005,0.9993141889572144,848,151
22,733,9,0.8866527080535889,0.2961170971393585,-0.11680952459573746,0.999632716178894,851,159
22,733,10,0.8837953805923462,0.2968538701534271,-0.0990791767835617,0.9995349645614624,848,160
22,733,11,0.919971227645874,0.3394530713558197,-0.1394391655921936,0.9999768733978271,883,183
22,733,12,0.8826820850372314,0.34961992502212524,0.040808532387018204,0.9997223019599915,847,188
22,733,13,0.9382113218307495,0.4400746822357178,-0.17534537613391876,0.9952511787414551,900,237
22,733,14,0.8675135374069214,0.4309666156768799,0.07803014665842056,0.3959592878818512,832,232
22,733,15,0.9254732131958008,0.5290192365646362,-0.2276092916727066,0.9953200221061707,888,285
22,733,16,0.8338242173194885,0.4854086935520172,0.02508585713803768,0.9037891030311584,800,262
22,733,17,0.9266270995140076,0.5592733025550842,-0.25063765048980713,0.9923710823059082,889,302
22,733,18,0.8250201344490051,0.5037224888801575,0.01688353531062603,0.9064921736717224,792,272
22,733,19,0.9177817702293396,0.5574980974197388,-0.25873640179634094,0.9925918579101562,881,301
22,733,20,0.821217954158783,0.5007197260856628,-0.007203320506960154,0.9169296622276306,788,270
22,733,21,0.9157842993736267,0.5457889437675476,-0.23041926324367523,0.9870685338973999,879,294
22,733,22,0.8263395428657532,0.49559536576271057,0.012326504103839397,0.9040074944496155,793,267
22,733,23,0.919463574886322,0.5498950481414795,-0.053103599697351456,0.9998927116394043,882,296
22,733,24,0.8943893909454346,0.5396586656570435,0.053036484867334366,0.999854564666748,858,291
22,733,25,0.9183776378631592,0.6548981666564941,0.0038231867365539074,0.987168550491333,881,353
22,733,26,0.8626238107681274,0.6270831227302551,0.060592930763959885,0.9452130794525146,828,338
22,733,27,0.9320167899131775,0.7540414333343506,0.10374758392572403,0.9868177175521851,894,407
22,733,28,0.8501115441322327,0.7558944821357727,0.09625820815563202,0.9777236580848694,816,408
22,733,29,0.9396661520004272,0.7777751088142395,0.10887960344552994,0.8879994750022888,902,419
22,733,30,0.8552342653274536,0.7803542613983154,0.09653273969888687,0.9354202151298523,821,421
22,733,31,0.8990033268928528,0.7879920601844788,0.041987769305706024,0.9801107048988342,863,425
22,733,32,0.8194143772125244,0.7764798998832703,0.037288472056388855,0.9796508550643921,786,419
23,766,0,0.8833965063095093,0.29078951478004456,-0.1409420669078827,0.9997410774230957,848,157
23,766,1,0.8862584233283997,0.279466450214386,-0.14305081963539124,0.9994894862174988,850,150
23,766,2,0.8876341581344604,0.2793257534503937,-0.14322873950004578,0.99955153465271,852,150
23,766,3,0.8892042636871338,0.2792164385318756,-0.14313697814941406,0.9995659589767456,853,150
23,766,4,0.8834155201911926,0.27938932180404663,-0.12878884375095367,0.9995720982551575,848,150
23,766,5,0.882498562335968,0.2792820334434509,-0.12900309264659882,0.9996863007545471,847,150
23,766,6,0.8813769221305847,0.2793046534061432,-0.12908868491649628,0.9996965527534485,846,150
23,766,7,0.8954397439956665,0.28166571259498596,-0.12117798626422882,0.9996798038482666,859,152
23,766,8,0.8834835886955261,0.2826666533946991,-0.05534692853689194,0.9993510842323303,848,152
23,766,9,0.8872577548027039,0.3002002537250519,-0.12870219349861145,0.9996485710144043,851,162
23,766,10,0.8837660551071167,0.3008452355861664,-0.11114290356636047,0.9995533227920532,848,162
23,766,11,0.9204296469688416,0.34044793248176575,-0.1372985541820526,0.9999775290489197,883,183
23,766,12,0.8828761577606201,0.3495851159095764,0.04031435027718544,0.9997344613075256,847,188
23,766,13,0.9382120966911316,0.4401443302631378,-0.17154930531978607,0.99505615234375,900,237
23,766,14,0.8679084777832031,0.4304865598678589,0.07940260320901871,0.38624250888824463,833,232
23,766,15,0.9255836606025696,0.5295581221580505,-0.22228379547595978,0.9947218298912048,888,285
23,766,16,0.8341845273971558,0.48516806960105896,0.029617786407470703,0.9011113047599792,800,261
23,766,17,0.9269371032714844,0.5592970252037048,-0.24436858296394348,0.9914080500602722,889,302
23,766,18,0.8251681923866272,0.5035746693611145,0.022686494514346123,0.904411256313324,792,271
23,766,19,0.918093740940094,0.5578709840774536,-0.25205403566360474,0.9916940927505493,881,301
23,766,20,0.8214489221572876,0.5008224248886108,-0.0014987861504778266,0.9149754643440247,788,270
23,766,21,0.9161213040351868,0.5466336011886597,-0.22489884495735168,0.9855833053588867,879,295
23,766,22,0.8266085982322693,0.4956330358982086,0.017136596143245697,0.9017995595932007,793,267
23,766,23,0.919284999370575,0.5461253523826599,-0.05300105735659599,0.99989253282547,882,294
23,766,24,0.8942955732345581,0.5372333526611328,0.052936725318431854,0.9998563528060913,858,290
23,766,25,0.9183765053749084,0.6537275910377502,-0.01115521602332592,0.9868372082710266,881,353
23,766,26,0.8632983565330505,0.6278532147407532,0.03726939111948013,0.945730447769165,828,339
23,766,27,0.9320164918899536,0.7545580267906189,0.07813925296068192,0.9865849614143372,894,407
23,766,28,0.8501149415969849,0.7562074065208435,0.06195378676056862,0.977820098400116,816,408
23,766,29,0.9396640062332153,0.7785110473632812,0.08213342726230621,0.8880161643028259,902,420
23,766,30,0.8551303148269653,0.7817232608795166,0.06123187020421028,0.9356322288513184,820,422
23,766,31,0.8998984694480896,0.7883395552635193,0.01579376310110092,0.9799737334251404,863,425
23,766,32,0.8200584650039673,0.7764744758605957,0.0007733649690635502,0.9798429012298584,787,419
24,800,0,0.8767654299736023,0.2957814037799835,-0.1348143070936203,0.9997619390487671,841,159
24,800,1,0.8782601952552795,0.28419196605682373,-0.13554811477661133,0.999527096748352,843,153
24,800,2,0.8792403340339661,0.28399917483329773,-0.13569596409797668,0.9995837807655334,844,153
24,800,3,0.880509078502655,0.2839241027832031,-0.13563816249370575,0.9995980858802795,845,153
24,800,4,0.8762937188148499,0.28403785824775696,-0.12194439023733139,0.9996028542518616,841,153
24,800,5,0.8753980398178101,0.2839415669441223,-0.12211810797452927,0.9997074007987976,840,153
24,800,6,0.8745300769805908,0.28394556045532227,-0.122166208922863,0.9997170567512512,839,153
24,800,7,0.8865729570388794,0.2869287133216858,-0.11298368871212006,0.9997032880783081,851,154
24,800,8,0.876846432685852,0.2881470322608948,-0.04890703409910202,0.999390721321106,841,155
24,800,9,0.8800237774848938,0.30449679493904114,-0.12188512831926346,0.9996715784072876,844,164
24,800,10,0.8772162795066833,0.3049033284187317,-0.10485590994358063,0.9995789527893066,842,164
24,800,11,0.9120556712150574,0.3443950414657593,-0.12634117901325226,0.9999788999557495,875,185
24,800,12,0.8738609552383423,0.3500330448150635,0.046246714890003204,0.9997463226318359,838,189
24,800,13,0.9310854077339172,0.44092845916748047,-0.1483687311410904,0.9948822259902954,893,238
24,800,14,0.8545230031013489,0.4274051785469055,0.08742313832044601,0.37153419852256775,820,230
24,800,15,0.9264945983886719,0.531213104724884,-0.18154452741146088,0.9941584467887878,889,286
24,800,16,0.820452868938446,0.4810720980167389,0.039632100611925125,0.8951995372772217,787,259
24,800,17,0.9303979277610779,0.5593340396881104,-0.19993680715560913,0.9900381565093994,893,302
24,800,18,0.8106328845024109,0.4951324462890625,0.03447289019823074,0.8974980115890503,778,267
24,800,19,0.9218738675117493,0.5593336820602417,-0.20950719714164734,0.9904484152793884,884,302
24,800,20,0.8072221279144287,0.49200841784477234,0.009907959029078484,0.908981204032898,774,265
24,800,21,0.9183641076087952,0.5493818521499634,-0.184884175658226,0.9835577011108398,881,296
24,800,22,0.8119344711303711,0.48903289437294006,0.02688182331621647,0.8952630758285522,779,264
24,800,23,0.9061550498008728,0.5333465933799744,-0.05347160995006561,0.9998883605003357,869,288
24,800,24,0.8869262337684631,0.5324840545654297,0.053403548896312714,0.9998485445976257,851,287
24,800,25,0.9130558371543884,0.6471347212791443,-0.037547770887613297,0.9840997457504272,876,349
24,800,26,0.8548914790153503,0.6298462152481079,0.04338599368929863,0.9255695343017578,820,340
24,800,27,0.931853711605072,0.7547630667686462,0.01825442723929882,0.9837444424629211,894,407
24,800,28,0.8237552642822266,0.7540299296379089,0.07755225151777267,0.9688528776168823,790,407
24,800,29,0.9400540590286255,0.7785159349441528,0.018681097775697708,0.8761644959449768,902,420
24,800,30,0.8251925110816956,0.7808400392532349,0.07893384248018265,0.9228368401527405,792,421
24,800,31,0.898622453212738,0.7883619070053101,-0.054963644593954086,0.9775528311729431,862,425
24,800,32,0.7930538654327393,0.7608563303947449,0.024449391290545464,0.9744428992271423,761,410
25,833,0,0.8753892183303833,0.2980176508426666,-0.12685413658618927,0.9997802972793579,840,160
25,833,1,0.8775802254676819,0.2863563299179077,-0.12545880675315857,0.9995594024658203,842,154
25,833,2,0.8790255188941956,0.2861613631248474,-0.12559804320335388,0.9996102452278137,843,154
25,833,3,0.8806684613227844,0.2860022783279419,-0.12554620206356049,0.9996251463890076,845,154
25,833,4,0.8737276792526245,0.28624436259269714,-0.11268167197704315,0.9996303915977478,838,154
25,833,5,0.8723992109298706,0.2861267030239105,-0.11285919696092606,0.9997259378433228,837,154
25,833,6,0.8710925579071045,0.28611382842063904,-0.11292087286710739,0.9997358322143555,836,154
25,833,7,0.8861038684844971,0.2885206639766693,-0.09601762145757675,0.9997228384017944,850,155
25,833,8,0.8724749684333801,0.2901173233985901,-0.03585811331868172,0.9994267225265503,837,156
25,833,9,0.879716157913208,0.30711081624031067,-0.11197707802057266,0.9996922612190247,844,165
25,833,10,0.8754139542579651,0.3071546256542206,-0.09601663053035736,0.9996030926704407,840,165
25,833,11,0.9111940860748291,0.3484969735145569,-0.10311015695333481,0.9999798536300659,874,188
25,833,12,0.8705994486808777,0.3516700267791748,0.05653855577111244,0.9997584819793701,835,189
25,833,13,0.9292904734611511,0.4419233500957489,-0.11821284145116806,0.9942584037780762,892,238
25,833,14,0.8504831194877625,0.4260672926902771,0.09659601747989655,0.3581778109073639,816,230
25,833,15,0.9269924163818359,0.5305296778678894,-0.15290723741054535,0.9928088784217834,889,286
25,833,16,0.8177840709686279,0.47892293334007263,0.044337328523397446,0.8837590217590332,785,258
25,833,17,0.9308237433433533,0.5567761659622192,-0.1713644415140152,0.9873777627944946,893,300
25,833,18,0.8083130121231079,0.49252623319625854,0.03761506825685501,0.8857568502426147,775,265
25,833,19,0.9223935604095459,0.5578613877296448,-0.1817009598016739,0.9880173802375793,885,301
25,833,20,0.8054542541503906,0.49015599489212036,0.01403137482702732,0.8983898162841797,773,264
25,833,21,0.9193127155303955,0.5479514002799988,-0.1566692739725113,0.9796640276908875,882,295
25,833,22,0.8102173209190369,0.48737335205078125,0.03194528445601463,0.883976399898529,777,263
25,833,23,0.9046519994735718,0.5294129252433777,-0.05278894677758217,0.9998849630355835,868,285
25,833,24,0.8830009698867798,0.5290467739105225,0.05272922292351723,0.9998443126678467,847,285
25,833,25,0.9117368459701538,0.645573079586029,-0.045842502266168594,0.9814814329147339,875,348
25,833,26,0.8530052304267883,0.6305475234985352,0.03941209614276886,0.911065936088562,818,340
25,833,27,0.9317677021026611,0.7558874487876892,0.021016232669353485,0.9802274107933044,894,408
25,833,28,0.8194319605827332,0.7536709904670715,0.07496636360883713,0.9616286754608154,786,406
25,833,29,0.9409640431404114,0.7793747782707214,0.02283797785639763,0.8603169918060303,903,420
25,833,30,0.8210169672966003,0.779344379901886,0.07551812380552292,0.9083869457244873,788,420
25,833,31,0.8991910219192505,0.788936972618103,-0.051641788333654404,0.9743297100067139,863,426
25,833,32,0.7904770970344543,0.7574267983436584,0.014133201912045479,0.9694957733154297,758,409
26,866,0,0.8629773259162903,0.2982479929924011,-0.12230439484119415,0.9998019337654114,828,161
26,866,1,0.8640991449356079,0.2864387035369873,-0.12208291888237,0.9996029138565063,829,154
26,866,2,0.8649032115936279,0.2861562669277191,-0.1222325935959816,0.9996488690376282,830,154
26,866,3,0.8658649325370789,0.28591272234916687,-0.1221931055188179,0.9996622204780579,831,154
26,866,4,0.8623500466346741,0.2867357134819031,-0.10934586822986603,0.9996669292449951,827,154
26,866,5,0.8618561029434204,0.2867506444454193,-0.10950998216867447,0.9997530579566956,827,154
26,866,6,0.8611802458763123,0.28681689500808716,-0.10955937206745148,0.9997617602348328,826,154
26,866,7,0.8708963990211487,0.2889370620250702,-0.09962774813175201,0.9997503757476807,836,156
26,866,8,0.8627764582633972,0.2911258637905121,-0.03924195468425751,0.9994831681251526,828,157
26,866,9,0.8663857579231262,0.3072696030139923,-0.11013547331094742,0.9997223019599915,831,165
26,866,10,0.8638752102851868,0.30773723125457764,-0.09440018236637115,0.999641478061676,829,166
26,866,11,0.8976784348487854,0.3514084219932556,-0.11301273852586746,0.9999814629554749,861,189
26,866,12,0.859922468662262,0.3526976406574249,0.05582207813858986,0.9997764825820923,825,190
26,866,13,0.9167144894599915,0.4409087598323822,-0.13330142199993134,0.99473637342453,880,238
26,866,14,0.8359948992729187,0.4242456555366516,0.06804721802473068,0.37552833557128906,802,229
26,866,15,0.9232329726219177,0.530045211315155,-0.15860319137573242,0.993345320224762,886,286
26,866,16,0.8036779761314392,0.4682183563709259,0.012477891519665718,0.8885456919670105,771,252
26,866,17,0.9297055006027222,0.5542400479316711,-0.17484529316425323,0.9883147478103638,892,299
26,866,18,0.7935456037521362,0.4856211841106415,0.006342959124594927,0.8904986381530762,761,262
26,866,19,0.9220955967903137,0.5576078295707703,-0.18471497297286987,0.9889230132102966,885,301
26,866,20,0.7909381985664368,0.48243385553359985,-0.015224701724946499,0.9025663733482361,759,260
26,866,21,0.9179459810256958,0.5480679273605347,-0.16222482919692993,0.9813333749771118,881,295
26,866,22,0.7949765920639038,0.4777177572250366,0.000848307681735605,0.8895756006240845,763,257
26,866,23,0.8805088400840759,0.5270140767097473,-0.056259144097566605,0.9998953342437744,845,284
26,866,24,0.8822325468063354,0.5270681381225586,0.05614681914448738,0.9998582005500793,846,284
26,866,25,0.8374611735343933,0.6375927925109863,-0.03196348249912262,0.9831294417381287,803,344
26,866,26,0.8948063254356384,0.6327912211418152,0.04326099902391434,0.9189490079879761,859,341
26,866,27,0.8055683970451355,0.7519192099571228,0.025786738842725754,0.982088565826416,773,406
26,866,28,0.920603334903717,0.7523157000541687,0.08429895341396332,0.9653133749961853,883,406
26,866,29,0.805900514125824,0.7776671051979065,0.026990769430994987,0.8740243911743164,773,419
26,866,30,0.9335861206054688,0.7715364694595337,0.08671950548887253,0.9173721671104431,896,416
26,866,31,0.7746736407279968,0.7504202127456665,-0.0242670476436615,0.9767729043960571,743,405
26,866,32,0.8965708613395691,0.7789692878723145,0.0533074215054512,0.9723938703536987,860,420
27,900,0,0.8622081279754639,0.3001362383365631,-0.12282023578882217,0.9998210668563843,827,162
27,900,1,0.8631590008735657,0.2878224849700928,-0.12259186059236526,0.9996415376663208,828,155
27,900,2,0.8642649054527283,0.2874213457107544,-0.12274757027626038,0.9996832013130188,829,155
27,900,3,0.8653920292854309,0.28710290789604187,-0.12271129339933395,0.9996952414512634,830,155
27,900,4,0.8609250783920288,0.28835588693618774,-0.11027242988348007,0.9996992945671082,826,155
27,900,5,0.8598048090934753,0.2884688675403595,-0.11044680327177048,0.9997770190238953,825,155
27,900,6,0.8589437007904053,0.2885068953037262,-0.11050645262002945,0.999784529209137,824,155
27,900,7,0.8696123957633972,0.28988873958587646,-0.09732765704393387,0.9997749924659729,834,156
27,900,8,0.8597843050956726,0.29223448038101196,-0.03959392383694649,0.9995328187942505,825,157
27,900,9,0.8656092882156372,0.3085770010948181,-0.11048630625009537,0.9997488260269165,830,166
27,900,10,0.8622272610664368,0.3094612658023834,-0.09510104358196259,0.9996747374534607,827,167
27,900,11,0.8956374526023865,0.352076917886734,-0.1083541214466095,0.9999827146530151,859,190
27,900,12,0.8559315204620361,0.35439690947532654,0.04711095616221428,0.9997825622558594,821,191
27,900,13,0.9146912693977356,0.4409217834472656,-0.12787824869155884,0.995171070098877,878,238
27,900,14,0.8331476449966431,0.4243966341018677,0.05391184613108635,0.38582465052604675,799,229
27,900,15,0.9219714403152466,0.5300411581993103,-0.15847939252853394,0.9938648343086243,885,286
27,900,16,0.8006609082221985,0.46600785851478577,0.0009675836772657931,0.8825675845146179,768,251
27,900,17,0.9294714331626892,0.5544520616531372,-0.1751387119293213,0.9892130494117737,892,299
27,900,18,0.7907208204269409,0.48323747515678406,-0.00464633759111166,0.8861215710639954,759,260
27,900,19,0.9220178127288818,0.5577201843261719,-0.18575908243656158,0.9897863864898682,885,301
27,900,20,0.7879554629325867,0.47934412956237793,-0.026204761117696762,0.8983215093612671,756,258
27,900,21,0.9174513220787048,0.5485202074050903,-0.1626421958208084,0.9828876852989197,880,296
27,900,22,0.7924973368644714,0.47423163056373596,-0.010431244969367981,0.8877199292182922,760,256
27,900,23,0.8839660286903381,0.5253037214279175,-0.056116145104169846,0.9999043345451355,848,283
27,900,24,0.877028226852417,0.5235910415649414,0.05597545951604843,0.9998698830604553,841,282
27,900,25,0.8328139781951904,0.6359672546386719,-0.042553309351205826,0.9846611618995667,799,343
27,900,26,0.8989541530609131,0.6329187750816345,0.03801073133945465,0.9261842370033264,862,341
27,900,27,0.800300657749176,0.7489028573036194,-0.005140366032719612,0.9838016033172607,768,404
27,900,28,0.9246251583099365,0.7517101168632507,0.05569039285182953,0.9686275720596313,887,405
27,900,29,0.8018931746482849,0.7753015756607056,-0.0056548696011304855,0.8864245414733887,769,418
27,900,30,0.9385226368904114,0.7697159647941589,0.05500849708914757,0.9254322052001953,900,415
27,900,31,0.7710208892822266,0.7456501722335815,-0.05749501287937164,0.9790107607841492,740,402
27,900,32,0.9029801487922668,0.7846515774726868,0.015604793094098568,0.9750018119812012,866,423
28,933,0,0.8460432291030884,0.2995466887950897,-0.08566934615373611,0.9998379945755005,812,161
28,933,1,0.8472023606300354,0.28770801424980164,-0.09372703731060028,0.9996757507324219,813,155
28,933,2,0.8471251130104065,0.2872360348701477,-0.09388627111911774,0.9997140765190125,813,155
28,933,3,0.8469175100326538,0.28682228922843933,-0.09386385977268219,0.999724805355072,813,154
28,933,4,0.8481380939483643,0.28756582736968994,-0.07921167463064194,0.9997279644012451,814,155
28,933,5,0.8485811948776245,0.28741031885147095,-0.07937536388635635,0.9997984766960144,814,155
28,933,6,0.8490031361579895,0.287038117647171,-0.07941433042287827,0.9998047947883606,815,155
28,933,7,0.8504499197006226,0.28952261805534363,-0.10040599852800369,0.9997972846031189,816,156
28,933,8,0.8532377481460571,0.2917620539665222,-0.038388513028621674,0.9995779991149902,819,157
28,933,9,0.8475529551506042,0.30811184644699097,-0.08635620772838593,0.9997732639312744,813,166
28,933,10,0.8477619886398315,0.30922290682792664,-0.06842948496341705,0.9997059106826782,813,166
28,933,11,0.8801944255828857,0.35237252712249756,-0.12149035185575485,0.9999843239784241,844,190
28,933,12,0.8430594205856323,0.35483860969543457,0.042003195732831955,0.9998013377189636,809,191
28,933,13,0.9039884209632874,0.44046929478645325,-0.1365964412689209,0.9956259727478027,867,237
28,933,14,0.8188552856445312,0.4239915609359741,0.05579857900738716,0.4046316146850586,786,228
28,933,15,0.9140830636024475,0.5250808596611023,-0.15543927252292633,0.9944440126419067,877,283
28,933,16,0.7860243916511536,0.4602651596069336,0.007238766178488731,0.8887280821800232,754,248
28,933,17,0.9217681288719177,0.547422468662262,-0.1696142703294754,0.9902240037918091,884,295
28,933,18,0.7766649127006531,0.47010061144828796,0.0018679221393540502,0.8918346166610718,745,253
28,933,19,0.9155109524726868,0.5530369877815247,-0.17879170179367065,0.9907454252243042,878,298
28,933,20,0.7736547589302063,0.4647563099861145,-0.01961922086775303,0.9035367369651794,742,250
28,933,21,0.9112603068351746,0.5455913543701172,-0.15855684876441956,0.9845167994499207,874,294
28,933,22,0.7777054905891418,0.46221601963043213,-0.004283537622541189,0.894254744052887,746,249
28,933,23,0.8626500368118286,0.5275546908378601,-0.05649268999695778,0.9999130964279175,828,284
28,933,24,0.8650751113891602,0.5247721076011658,0.056365255266427994,0.9998812079429626,830,283
28,933,25,0.8161686062812805,0.6356491446495056,-0.010344384238123894,0.9859781861305237,783,343
28,933,26,0.8888489007949829,0.6335154175758362,0.05320023372769356,0.9330340623855591,853,342
28,933,27,0.7862557768821716,0.7515698671340942,-0.0012791644548997283,0.9853172898292542,754,405
28,933,28,0.9191904067993164,0.7454438209533691,0.10019120573997498,0.9716729521751404,882,402
28,933,29,0.7874389290809631,0.7789186239242554,0.007312646601349115,0.8974993824958801,755,420
28,933,30,0.9328281879425049,0.7616204619407654,0.1036682277917862,0.9327909350395203,895,411
28,933,31,0.7548961043357849,0.748338520526886,-0.0022318880073726177,0.9809743762016296,724,404
28,933,32,0.8967292904853821,0.784126877784729,0.07967661321163177,0.9774035215377808,860,423
29,966,0,0.8458651304244995,0.2999136745929718,-0.1089497059583664,0.9998539686203003,812,161
29,966,1,0.8479270935058594,0.287579208612442,-0.10465478152036667,0.9997078776359558,814,155
29,966,2,0.8490806221961975,0.28698936104774475,-0.10479274392127991,0.9997424483299255,815,154
29,966,3,0.8503027558326721,0.2866303622722626,-0.10479579865932465,0.9997521042823792,816,154
29,966,4,0.8453156352043152,0.28743383288383484,-0.09419549256563187,0.9997549057006836,811,155
29,966,5,0.8442344665527344,0.28727319836616516,-0.09430518001317978,0.9998184442520142,810,155
29,966,6,0.8433476090431213,0.2869354486465454,-0.0943114310503006,0.9998239874839783,809,154
29,966,7,0.8545809984207153,0.2894836366176605,-0.09738143533468246,0.999817430973053,820,156
29,966,8,0.8447343707084656,0.2913990318775177,-0.03938395529985428,0.9996194839477539,810,157
29,966,9,0.8494529128074646,0.3087148368358612,-0.09497483819723129,0.9997954368591309,815,166
29,966,10,0.845960259437561,0.3093315660953522,-0.08187910169363022,0.9997342824935913,812,167
29,966,11,0.880506157875061,0.35252174735069275,-0.11404838413000107,0.9999855756759644,845,190
29,966,12,0.839425802230835,0.35722801089286804,0.045786138623952866,0.9998096823692322,805,192
29,966,13,0.903592050075531,0.4408898651599884,-0.13695120811462402,0.9960388541221619,867,238
29,966,14,0.817517876625061,0.42411312460899353,0.06166388839483261,0.41242361068725586,784,229
29,966,15,0.9126399755477905,0.5253061056137085,-0.16836068034172058,0.9949707388877869,876,283
29,966,16,0.7835995554924011,0.45750918984413147,0.011446175165474415,0.8917576670646667,752,247
29,966,17,0.9201533198356628,0.5482522249221802,-0.1854676753282547,0.9911445379257202,883,296
29,966,18,0.7721489071846008,0.4658554494380951,0.0057787527330219746,0.8954721689224243,741,251
29,966,19,0.9127055406570435,0.5540733337402344,-0.19361905753612518,0.9916204214096069,876,299
29,966,20,0.7697595953941345,0.4601361155509949,-0.01656641811132431,0.906822681427002,738,248
29,966,21,0.9082933664321899,0.5473456978797913,-0.17105570435523987,0.9860008955001831,871,295
29,966,22,0.7746681571006775,0.45793038606643677,-0.0004834067076444626,0.89887934923172,743,247
29,966,23,0.8657773733139038,0.5288202166557312,-0.05744559317827225,0.9999207854270935,831,285
29,966,24,0.8584235310554504,0.5253613591194153,0.05731000006198883,0.9998907446861267,824,283
29,966,25,0.8145148754119873,0.6364268064498901,-0.03752404451370239,0.98727947473526,781,343
29,966,26,0.8848657011985779,0.6341425180435181,0.046745143830776215,0.93915194272995,849,342
29,966,27,0.7855076193809509,0.7534893751144409,-0.0163413118571043,0.9867370128631592,754,406
29,966,28,0.9185944199562073,0.7423868775367737,0.07718650251626968,0.9743945002555847,881,400
29,966,29,0.7874622344970703,0.7809504866600037,-0.017646079882979393,0.9076350331306458,755,421
29,966,30,0.9321651458740234,0.758617103099823,0.078633151948452,0.9394086003303528,894,409
29,966,31,0.7513521313667297,0.7497290372848511,-0.0687863677740097,0.982828676700592,721,404
29,966,32,0.8949510455131531,0.7833453416824341,0.06620658189058304,0.9795669913291931,859,423
30,1000,0,0.8349435329437256,0.298760324716568,0.043946828693151474,0.9997795820236206,801,161
30,1000,1,0.8340118527412415,0.2875279486179352,0.02698158100247383,0.9996824860572815,800,155
30,1000,2,0.8327340483665466,0.28683871030807495,0.02687852457165718,0.9996992945671082,799,154
30,1000,3,0.8313879370689392,0.2864707112312317,0.02687523141503334,0.9997288584709167,798,154
30,1000,4,0.8387409448623657,0.28703638911247253,0.03519078344106674,0.9997484683990479,805,154
30,1000,5,0.8406778573989868,0.28665658831596375,0.03503643721342087,0.9998093247413635,807,154
30,1000,6,0.8426459431648254,0.28607258200645447,0.03498661890625954,0.9998236298561096,808,154
30,1000,7,0.8312269449234009,0.28979793190956116,-0.031855300068855286,0.9998067021369934,797,156
30,1000,8,0.846619188785553,0.2909659445285797,0.005077289417386055,0.9996309280395508,812,157
30,1000,9,0.8342553973197937,0.3081206977367401,0.027812812477350235,0.9997548460960388,800,166
30,1000,10,0.837761640548706,0.3091142475605011,0.037294697016477585,0.999702513217926,804,166
30,1000,11,0.8266860246658325,0.35819244384765625,-0.07274572551250458,0.99997878074646,793,193
30,1000,12,0.8591307997703552,0.35938218235969543,0.017756100744009018,0.9998188018798828,824,194
30,1000,13,0.8055573105812073,0.4309037923812866,-0.08631785959005356,0.9940208196640015,773,232
30,1000,14,0.8837248086929321,0.4373185634613037,0.023240208625793457,0.43554314970970154,848,236
30,1000,15,0.7743697762489319,0.4625328779220581,-0.06164107099175453,0.9834471344947815,743,249
30,1000,16,0.8953946828842163,0.5143174529075623,0.011859887279570103,0.8904919624328613,859,277
30,1000,17,0.7647923231124878,0.47440141439437866,-0.06832049041986465,0.9787858724594116,734,256
30,1000,18,0.901865541934967,0.5397049188613892,0.0048707351088523865,0.8932225704193115,865,291
30,1000,19,0.76305091381073,0.4681541323661804,-0.0654216930270195,0.9787601828575134,732,252
30,1000,20,0.8964567184448242,0.5441551208496094,-0.00936641450971365,0.9028123617172241,860,293
30,1000,21,0.7669328451156616,0.4648323655128479,-0.0581088624894619,0.9648526906967163,736,251
30,1000,22,0.8915837407112122,0.5367806553840637,0.0006521850591525435,0.8882374167442322,855,289
30,1000,23,0.8359358906745911,0.5296494960784912,-0.033113110810518265,0.9999276995658875,802,286
30,1000,24,0.8590104579925537,0.5281246900558472,0.03302006050944328,0.999900758266449,824,285
30,1000,25,0.8028694987297058,0.636569619178772,0.024893183261156082,0.9866331219673157,770,343
30,1000,26,0.8733561038970947,0.6403865218162537,0.037571124732494354,0.9364109635353088,838,345
30,1000,27,0.7785990238189697,0.7547988295555115,0.02964816428720951,0.9874183535575867,747,407
30,1000,28,0.9102874994277954,0.7389897704124451,0.052257638424634933,0.9717069864273071,873,399
30,1000,29,0.7826251983642578,0.7817750573158264,0.028098486363887787,0.915972113609314,751,422
30,1000,30,0.9232531189918518,0.7456923723220825,0.05371490493416786,0.942915678024292,886,402
30,1000,31,0.7474464178085327,0.7574980854988098,0.019733520224690437,0.9811195731163025,717,409
30,1000,32,0.8993456959724426,0.7844477891921997,0.06398312002420425,0.9676251411437988,863,423
31,1033,0,0.8357112407684326,0.2978464663028717,0.04392324388027191,0.9997572898864746,802,160
31,1033,1,0.833611249923706,0.287381649017334,0.026841824874281883,0.9996874928474426,800,155
31,1033,2,0.8318139314651489,0.2867869436740875,0.026738354936242104,0.9996965527534485,798,154
31,1033,3,0.8300063014030457,0.2863766551017761,0.026735570281744003,0.9997309446334839,796,154
31,1033,4,0.8393033146858215,0.28664496541023254,0.03347453102469444,0.9997606873512268,805,154
31,1033,5,0.8413798809051514,0.28624340891838074,0.03331226855516434,0.9998182058334351,807,154
31,1033,6,0.8435221910476685,0.2856275737285614,0.033237673342227936,0.9998344779014587,809,154
31,1033,7,0.8294900059700012,0.29062172770500183,-0.033526770770549774,0.9998131990432739,796,156
31,1033,8,0.8473818898200989,0.2908220589160919,-0.0031834018882364035,0.9996591806411743,813,157
31,1033,9,0.8345007300376892,0.3077920079231262,0.026915473863482475,0.9997509717941284,801,166
31,1033,10,0.8391152024269104,0.30895572900772095,0.034327466040849686,0.9997078776359558,805,166
31,1033,11,0.8247684240341187,0.36138561367988586,-0.07227250933647156,0.9999741315841675,791,195
31,1033,12,0.865535318851471,0.36051201820373535,-0.004293917678296566,0.999832034111023,830,194
31,1033,13,0.8050167560577393,0.42849963903427124,-0.07207155227661133,0.9911150932312012,772,231
31,1033,14,0.8892545700073242,0.44295763969421387,-0.009714546613395214,0.4765964150428772,853,239
31,1033,15,0.7697431445121765,0.455035537481308,-0.030643848702311516,0.9574181437492371,738,245
31,1033,16,0.9010340571403503,0.5250290036201477,-0.026513608172535896,0.8946167826652527,864,283
31,1033,17,0.7588697671890259,0.46735939383506775,-0.03362612798810005,0.9522410035133362,728,252
31,1033,18,0.9085535407066345,0.5492530465126038,-0.037258945405483246,0.8962134718894958,872,296
31,1033,19,0.7571860551834106,0.45927852392196655,-0.03192232549190521,0.9512007236480713,726,248
31,1033,20,0.9027281403541565,0.5539780259132385,-0.04223034158349037,0.904264509677887,866,299
31,1033,21,0.7629668116569519,0.45529189705848694,-0.02713245339691639,0.9269104599952698,732,245
31,1033,22,0.8976395130157471,0.5454506278038025,-0.02955770120024681,0.8855469226837158,861,294
31,1033,23,0.8348590731620789,0.5299150347709656,-0.02765977568924427,0.9999341368675232,801,286
31,1033,24,0.8578393459320068,0.5292416214942932,0.02760055474936962,0.9999100565910339,823,285
31,1033,25,0.8004021048545837,0.6370512247085571,0.03811948373913765,0.9872558116912842,768,344
31,1033,26,0.8678396940231323,0.64189213514328,0.021930726245045662,0.939094066619873,833,346
31,1033,27,0.7774151563644409,0.7554126977920532,0.05055834352970123,0.9883970618247986,746,407
31,1033,28,0.9083835482597351,0.7365243434906006,0.04067278653383255,0.971937894821167,872,397
31,1033,29,0.7811880111694336,0.78199303150177,0.04995638132095337,0.9239009022712708,749,422
31,1033,30,0.9218959212303162,0.7425455451011658,0.043087515980005264,0.9474464058876038,885,400
31,1033,31,0.745024561882019,0.7609665393829346,0.0301761906594038,0.9813808798789978,715,410
31,1033,32,0.8990007638931274,0.7843273282051086,0.0432114452123642,0.9635335206985474,863,423
32,1066,0,0.8181725740432739,0.297067254781723,-0.0796431452035904,0.9997796416282654,785,160
32,1066,1,0.8198890089988708,0.2866271138191223,-0.08295707404613495,0.9997161030769348,787,154
32,1066,2,0.8201213479042053,0.2861707806587219,-0.08309724181890488,0.9997254014015198,787,154
32,1066,3,0.8203713297843933,0.28585073351860046,-0.08305026590824127,0.9997559785842896,787,154
32,1066,4,0.8201010227203369,0.28598925471305847,-0.06847499310970306,0.999782383441925,787,154
32,1066,5,0.8203962445259094,0.28562504053115845,-0.06863180547952652,0.9998350739479065,787,154
32,1066,6,0.8205260038375854,0.28502342104911804,-0.06867528706789017,0.9998488426208496,787,153
32,1066,7,0.8237112760543823,0.29001563787460327,-0.07885302603244781,0.9998312592506409,790,156
32,1066,8,0.8241177797317505,0.28995466232299805,-0.011644748039543629,0.9996901154518127,791,156
32,1066,9,0.8200655579566956,0.30672919750213623,-0.075100377202034,0.9997737407684326,787,165
32,1066,10,0.8201273083686829,0.3078736960887909,-0.05745647847652435,0.999733030796051,787,166
32,1066,11,0.8458318114280701,0.3600134253501892,-0.09981675446033478,0.9999762177467346,811,194
32,1066,12,0.818263828754425,0.36013057827949524,0.03491779789328575,0.9998332858085632,785,194
32,1066,13,0.8521260619163513,0.43500667810440063,-0.12029294669628143,0.9919735193252563,818,234
32,1066,14,0.797048807144165,0.43280601501464844,0.03905162587761879,0.47911909222602844,765,233
32,1066,15,0.8542379140853882,0.5099285244941711,-0.14790578186511993,0.9616358876228333,820,275
32,1066,16,0.7638154625892639,0.466906875371933,-0.008636564947664738,0.8968621492385864,733,252
32,1066,17,0.8690077662467957,0.5310586094856262,-0.16239403188228607,0.956943690776825,834,286
32,1066,18,0.7541530132293701,0.47725576162338257,-0.01699300855398178,0.8977982997894287,723,257
32,1066,19,0.8631064295768738,0.534667432308197,-0.17470745742321014,0.9560173749923706,828,288
32,1066,20,0.7513100504875183,0.4735604524612427,-0.03257317468523979,0.9063572287559509,721,255
32,1066,21,0.8557794690132141,0.5274702310562134,-0.15293048322200775,0.934139609336853,821,284
32,1066,22,0.7549335360527039,0.47038203477859497,-0.017204100266098976,0.8900588154792786,724,254
32,1066,23,0.8293877840042114,0.5279889702796936,-0.045228179544210434,0.9999401569366455,796,285
32,1066,24,0.8300367593765259,0.5259900093078613,0.045111674815416336,0.9999176859855652,796,284
32,1066,25,0.7882566452026367,0.6376574635505676,-0.02774733491241932,0.9884200692176819,756,344
32,1066,26,0.8411921262741089,0.6413112878799438,0.027274835854768753,0.9448661208152771,807,346
32,1066,27,0.7735049724578857,0.7596554756164551,-0.014323596842586994,0.9895035624504089,742,410
32,1066,28,0.905680775642395,0.7236596941947937,0.053896214812994,0.974641740322113,869,390
32,1066,29,0.7796692252159119,0.7853646874427795,-0.016626061871647835,0.9313101768493652,748,424
32,1066,30,0.9137396216392517,0.7209433317184448,0.055770207196474075,0.9525907039642334,877,389
32,1066,31,0.7370756268501282,0.7740013003349304,-0.07791006565093994,0.9831815958023071,707,417
32,1066,32,0.8921585083007812,0.780958354473114,0.028684167191386223,0.9670870900154114,856,421
33,1100,0,0.8189201354980469,0.2961327135562897,-0.0769621804356575,0.9997820854187012,786,159
33,1100,1,0.8188363313674927,0.28580665588378906,-0.08398309350013733,0.999710202217102,786,154
33,1100,2,0.8180435299873352,0.2854500114917755,-0.08412136137485504,0.9997340440750122,785,154
33,1100,3,0.8171870112419128,0.2851281762123108,-0.08408387005329132,0.999755859375,784,153
33,1100,4,0.8216369152069092,0.2851274311542511,-0.07001764327287674,0.9997790455818176,788,153
33,1100,5,0.8227718472480774,0.28469622135162354,-0.07017287611961365,0.9998389482498169,789,153
33,1100,6,0.8241872191429138,0.28419220447540283,-0.07021599262952805,0.9998446106910706,791,153
33,1100,7,0.8181971311569214,0.28995421528816223,-0.10390018671751022,0.9998430013656616,785,156
33,1100,8,0.827983021736145,0.2892415523529053,-0.04037145525217056,0.9997043013572693,794,156
33,1100,9,0.8200651407241821,0.30631783604621887,-0.07718712836503983,0.9997831583023071,787,165
33,1100,10,0.8220762014389038,0.3073585033416748,-0.06000138819217682,0.999739944934845,789,165
33,1100,11,0.8357570171356201,0.35911548137664795,-0.12553255259990692,0.999977707862854,802,193
33,1100,12,0.8198692798614502,0.3601703345775604,0.022997800260782242,0.9998328685760498,787,194
33,1100,13,0.8629007339477539,0.4381210505962372,-0.1351923942565918,0.9925922155380249,828,236
33,1100,14,0.7901073098182678,0.430113822221756,0.027370261028409004,0.45411932468414307,758,232
33,1100,15,0.871969997882843,0.5247688293457031,-0.14699317514896393,0.9652358889579773,837,283
33,1100,16,0.7555387616157532,0.45535972714424133,-0.02337895706295967,0.8923727869987488,725,245
33,1100,17,0.8858212232589722,0.5463834404945374,-0.15543220937252045,0.9609200954437256,850,295
33,1100,18,0.7458963394165039,0.4656464457511902,-0.02866048738360405,0.8951329588890076,716,251
33,1100,19,0.8796454668045044,0.5523623824119568,-0.17181545495986938,0.9601234793663025,844,298
33,1100,20,0.744059145450592,0.4611329138278961,-0.0472707636654377,0.9044245481491089,714,249
33,1100,21,0.872804582118988,0.5468131899833679,-0.15098561346530914,0.9403662085533142,837,295
33,1100,22,0.7485888004302979,0.45793506503105164,-0.034033071249723434,0.891230583190918,718,247
33,1100,23,0.8268173933029175,0.528298556804657,-0.046722013503313065,0.9999451637268066,793,285
33,1100,24,0.8310428857803345,0.5255967974662781,0.04656614735722542,0.999923825263977,797,283
33,1100,25,0.7880112528800964,0.6373965740203857,-0.023956842720508575,0.9892675280570984,756,344
33,1100,26,0.8385187983512878,0.6397593021392822,0.034609243273735046,0.9497647285461426,804,345
33,1100,27,0.7727367877960205,0.7609585523605347,0.008944566361606121,0.9904414415359497,741,410
33,1100,28,0.9031898975372314,0.7225037813186646,0.055674370378255844,0.977044939994812,867,390
33,1100,29,0.7794731259346008,0.7874062061309814,0.007888330146670341,0.9377039670944214,748,425
33,1100,30,0.910144567489624,0.7170414924621582,0.059439517557621,0.9571903347969055,873,387
33,1100,31,0.7399407029151917,0.7799118757247925,-0.04460582882165909,0.9846718311309814,710,421
33,1100,32,0.8931012749671936,0.7783751487731934,0.03735923022031784,0.9702121019363403,857,420
34,1133,0,0.8044722080230713,0.2941441237926483,-0.11095116287469864,0.999799907207489,772,158
34,1133,1,0.8068071007728577,0.2840315103530884,-0.11211326718330383,0.9997347593307495,774,153
34,1133,2,0.8077016472816467,0.28386780619621277,-0.11225508898496628,0.999757707118988,775,153
34,1133,3,0.8085118532180786,0.2837432622909546,-0.11220332980155945,0.9997768402099609,776,153
34,1133,4,0.8054142594337463,0.2833031713962555,-0.09798164665699005,0.9997973442077637,773,152
34,1133,5,0.8052354454994202,0.2828492522239685,-0.09814836829900742,0.9998524188995361,773,152
34,1133,6,0.8049198389053345,0.28228577971458435,-0.09819884598255157,0.9998563528060913,772,152
34,1133,7,0.8137028217315674,0.2885160744190216,-0.09905979037284851,0.9998571276664734,781,155
34,1133,8,0.8079870343208313,0.28682494163513184,-0.03880488499999046,0.999727189540863,775,154
34,1133,9,0.80766361951828,0.30442872643470764,-0.10149028897285461,0.9997991919517517,775,164
34,1133,10,0.8050925135612488,0.3049437403678894,-0.08430486172437668,0.9997567534446716,772,164
34,1133,11,0.8320748805999756,0.3557318150997162,-0.12058594822883606,0.9999789595603943,798,192
34,1133,12,0.8022722601890564,0.3569094240665436,0.04951975494623184,0.9998263716697693,770,192
34,1133,13,0.8533604741096497,0.43934768438339233,-0.14410322904586792,0.9931944608688354,819,237
34,1133,14,0.783981204032898,0.42698848247528076,0.07614059746265411,0.4386255741119385,752,230
34,1133,15,0.8637323379516602,0.5264216065406799,-0.18089337646961212,0.9684991240501404,829,284
34,1133,16,0.7483071684837341,0.45698651671409607,0.020320022478699684,0.8923245668411255,718,246
34,1133,17,0.8745059370994568,0.5481734871864319,-0.19657054543495178,0.9644923806190491,839,296
34,1133,18,0.7372888326644897,0.46865713596343994,0.016460416838526726,0.8959192037582397,707,253
34,1133,19,0.869465708732605,0.5535690784454346,-0.20711904764175415,0.9638171792030334,834,298
34,1133,20,0.7338582277297974,0.46490758657455444,-0.007527207490056753,0.9056670665740967,704,251
34,1133,21,0.8641072511672974,0.5473442673683167,-0.18482817709445953,0.9459618926048279,829,295
34,1133,22,0.7389412522315979,0.4614189565181732,0.007384533528238535,0.8941421508789062,709,249
34,1133,23,0.816632866859436,0.5236189961433411,-0.05409860610961914,0.9999498128890991,783,282
34,1133,24,0.8126747608184814,0.5207346677780151,0.05396638810634613,0.9999297261238098,780,281
34,1133,25,0.7817071080207825,0.6364119648933411,-0.04864097759127617,0.9902386665344238,750,343
34,1133,26,0.8134833574295044,0.6357921361923218,0.025160612538456917,0.9543781280517578,780,343
34,1133,27,0.770630955696106,0.7621429562568665,-0.03513772785663605,0.9913671612739563,739,411
34,1133,28,0.8752725124359131,0.712344229221344,0.044566430151462555,0.9792107343673706,840,384
34,1133,29,0.778026282787323,0.7883820533752441,-0.037118956446647644,0.943778395652771,746,425
34,1133,30,0.8896206021308899,0.706414520740509,0.046321552246809006,0.9612669348716736,854,381
34,1133,31,0.7374417781829834,0.7868757843971252,-0.10169565677642822,0.986171543598175,707,424
34,1133,32,0.8855751156806946,0.7749032974243164,0.006278678309172392,0.9730827212333679,850,418
35,1166,0,0.8058645129203796,0.2941153943538666,-0.10276401042938232,0.9998153448104858,773,158
35,1166,1,0.8077294826507568,0.2839753329753876,-0.10379686206579208,0.999755859375,775,153
35,1166,2,0.8085025548934937,0.28381243348121643,-0.10393329709768295,0.999778151512146,776,153
35,1166,3,0.8093229532241821,0.28369221091270447,-0.10388460755348206,0.9997950792312622,776,153
35,1166,4,0.8060653805732727,0.28328222036361694,-0.09056995809078217,0.9998131990432739,773,152
35,1166,5,0.8055185675621033,0.28284379839897156,-0.09073784202337265,0.9998639225959778,773,152
35,1166,6,0.8048761487007141,0.28229671716690063,-0.09079232811927795,0.9998666048049927,772,152
35,1166,7,0.8132525682449341,0.2885618805885315,-0.09007743746042252,0.9998692274093628,780,155
35,1166,8,0.8056885004043579,0.287025511264801,-0.029164081439375877,0.9997463822364807,773,154
35,1166,9,0.8081701397895813,0.30441492795944214,-0.09395826607942581,0.9998124837875366,775,164
35,1166,10,0.8058472275733948,0.30481091141700745,-0.07785327732563019,0.999769926071167,773,164
35,1166,11,0.8304594159126282,0.3545650243759155,-0.11129012703895569,0.9999796748161316,797,191
35,1166,12,0.8005658388137817,0.3568309545516968,0.06152905896306038,0.9998143315315247,768,192
35,1166,13,0.8510932922363281,0.44015899300575256,-0.1416359394788742,0.9937883615493774,817,237
35,1166,14,0.7836424112319946,0.425783634185791,0.10370979458093643,0.42877110838890076,752,229
35,1166,15,0.8621829152107239,0.5296681523323059,-0.17166416347026825,0.9714823961257935,827,286
35,1166,16,0.7483670115470886,0.4557645320892334,0.06665489077568054,0.8950653672218323,718,246
35,1166,17,0.87095046043396,0.550972044467926,-0.18709048628807068,0.9677239656448364,836,297
35,1166,18,0.7366178631782532,0.46755319833755493,0.06568964570760727,0.8985208868980408,707,252
35,1166,19,0.8642857670783997,0.5564123392105103,-0.1969367116689682,0.9671527743339539,829,300
35,1166,20,0.7342490553855896,0.4642947018146515,0.040710534900426865,0.9083406925201416,704,250
35,1166,21,0.8590696454048157,0.5508323907852173,-0.17537519335746765,0.9510051012039185,824,297
35,1166,22,0.7388245463371277,0.4612646698951721,0.05410952493548393,0.8981807231903076,709,249
35,1166,23,0.8173990249633789,0.5215111970901489,-0.05644120275974274,0.9999527931213379,784,281
35,1166,24,0.8089451193809509,0.5186600685119629,0.05632082372903824,0.9999325275421143,776,280
35,1166,25,0.7782420516014099,0.6367506980895996,-0.0624547153711319,0.9910078048706055,747,343
35,1166,26,0.8106927871704102,0.6330589056015015,0.020426325500011444,0.9573736190795898,778,341
35,1166,27,0.7704695463180542,0.7636218667030334,-0.0662122294306755,0.9921709299087524,739,412
35,1166,28,0.8706880807876587,0.7091376781463623,0.03351709619164467,0.9806897044181824,835,382
35,1166,29,0.7788858413696289,0.7894784212112427,-0.06991971284151077,0.949141800403595,747,426
35,1166,30,0.8854129910469055,0.7044138312339783,0.033993374556303024,0.9644419550895691,849,380
35,1166,31,0.736391007900238,0.7879251837730408,-0.13537119328975677,0.9874858856201172,706,425
35,1166,32,0.8815362453460693,0.7742276191711426,-0.006752961315214634,0.9753187298774719,846,418
36,1200,0,0.7907814383506775,0.2924567759037018,-0.10900341719388962,0.9998254776000977,759,157
36,1200,1,0.7937653064727783,0.28218621015548706,-0.11089787632226944,0.9997702240943909,762,152
36,1200,2,0.7952107191085815,0.2822472155094147,-0.11104321479797363,0.9997929334640503,763,152
36,1200,3,0.7965593934059143,0.2823142409324646,-0.11098428815603256,0.9998072981834412,764,152
36,1200,4,0.7912614941596985,0.2816956639289856,-0.09712057560682297,0.9998237490653992,759,152
36,1200,5,0.7906851172447205,0.2815469801425934,-0.09729549288749695,0.9998716115951538,759,152
36,1200,6,0.7897342443466187,0.281326562166214,-0.0973629578948021,0.9998728036880493,758,151
36,1200,7,0.8022353649139404,0.28743135929107666,-0.09630647301673889,0.9998777508735657,770,155
36,1200,8,0.791691243648529,0.286687433719635,-0.033174779266119,0.9997603297233582,760,154
36,1200,9,0.7940232753753662,0.3035113215446472,-0.10092146694660187,0.9998177289962769,762,163
36,1200,10,0.7911950945854187,0.30327218770980835,-0.08415214717388153,0.9997746348381042,759,163
36,1200,11,0.8181622624397278,0.3543210029602051,-0.11889731138944626,0.9999791979789734,785,191
36,1200,12,0.7893053889274597,0.35361841320991516,0.052471838891506195,0.9997978806495667,757,190
36,1200,13,0.8320633172988892,0.4438488185405731,-0.15459612011909485,0.9941990375518799,798,239
36,1200,14,0.7724196314811707,0.424588680267334,0.08547826111316681,0.42560508847236633,741,229
36,1200,15,0.8388004302978516,0.5314647555351257,-0.19118186831474304,0.9739363789558411,805,286
36,1200,16,0.7371985912322998,0.4596409201622009,0.0454588383436203,0.8997153639793396,707,248
36,1200,17,0.8446848392486572,0.5524864792823792,-0.2074081003665924,0.9703335762023926,810,298
36,1200,18,0.7259076833724976,0.47257232666015625,0.042768485844135284,0.903266191482544,696,255
36,1200,19,0.837673008441925,0.5567151308059692,-0.21677426993846893,0.9698774218559265,804,300
36,1200,20,0.7227067947387695,0.4696846306324005,0.01985194906592369,0.9128347039222717,693,253
36,1200,21,0.8338579535484314,0.5505424737930298,-0.19479192793369293,0.9551746249198914,800,297
36,1200,22,0.7272841930389404,0.46614938974380493,0.0337258018553257,0.9034929871559143,698,251
36,1200,23,0.8040772676467896,0.5226060748100281,-0.05676845833659172,0.9999541640281677,771,282
36,1200,24,0.7947086095809937,0.5189976692199707,0.05666673183441162,0.9999330043792725,762,280
36,1200,25,0.7742480635643005,0.6364899277687073,-0.05100083351135254,0.9916858673095703,743,343
36,1200,26,0.7942036390304565,0.6188551783561707,0.04942458122968674,0.9569692611694336,762,334
36,1200,27,0.7696563005447388,0.7632561326026917,-0.04271014779806137,0.9929074048995972,738,412
36,1200,28,0.8452029824256897,0.7018459439277649,0.07249804586172104,0.9810298681259155,811,378
36,1200,29,0.7785507440567017,0.7890965938568115,-0.04518740996718407,0.9540157318115234,747,426
36,1200,30,0.8611709475517273,0.7025876045227051,0.07352790236473083,0.9662389755249023,826,379
36,1200,31,0.7346748113632202,0.7891268134117126,-0.10812069475650787,0.9886830449104309,705,426
36,1200,32,0.8434202075004578,0.753011167049408,0.03554883971810341,0.9767993092536926,809,406
37,1233,0,0.7899338603019714,0.2917253077030182,-0.1284007579088211,0.9998270273208618,758,157
37,1233,1,0.7934867739677429,0.2814863622188568,-0.12808485329151154,0.9997746348381042,761,152
37,1233,2,0.7951666712760925,0.2814989387989044,-0.12823142111301422,0.9997991919517517,763,152
37,1233,3,0.7970240116119385,0.28160354495048523,-0.1281692087650299,0.9998109936714172,765,152
37,1233,4,0.7892863750457764,0.280884325504303,-0.11402835696935654,0.9998266100883484,757,151
37,1233,5,0.7881795167922974,0.2807186543941498,-0.11421474069356918,0.9998733401298523,756,151
37,1233,6,0.7870088219642639,0.28047889471054077,-0.11430356651544571,0.9998729825019836,755,151
37,1233,7,0.8019940853118896,0.2861939072608948,-0.10307357460260391,0.9998798370361328,769,154
37,1233,8,0.7886021733283997,0.285600870847702,-0.0387452095746994,0.9997591376304626,757,154
37,1233,9,0.7941679358482361,0.3028217852115631,-0.11652776598930359,0.9998070001602173,762,163
37,1233,10,0.7896124124526978,0.30209165811538696,-0.09933818876743317,0.9997578263282776,758,163
37,1233,11,0.8188440799713135,0.35316070914268494,-0.12124330550432205,0.9999765157699585,786,190
37,1233,12,0.7861691117286682,0.35313674807548523,0.050977129489183426,0.9997664093971252,754,190
37,1233,13,0.8288400173187256,0.44677555561065674,-0.15201064944267273,0.9941828846931458,795,241
37,1233,14,0.771912693977356,0.4240610897541046,0.08641459792852402,0.40751010179519653,741,228
37,1233,15,0.8363549113273621,0.5344734191894531,-0.1888899803161621,0.9752078652381897,802,288
37,1233,16,0.7373369336128235,0.4614110589027405,0.03856496885418892,0.8972978591918945,707,249
37,1233,17,0.8431981801986694,0.5534592270851135,-0.20549637079238892,0.9712880253791809,809,298
37,1233,18,0.7265720367431641,0.4744538962841034,0.03488962724804878,0.9025470614433289,697,256
37,1233,19,0.8361850380897522,0.558082640171051,-0.21593521535396576,0.9710785746574402,802,301
37,1233,20,0.7236661911010742,0.4719431698322296,0.011641976423561573,0.9123006463050842,694,254
37,1233,21,0.8325122594833374,0.5523130893707275,-0.19284258782863617,0.9573314189910889,799,298
37,1233,22,0.7285671234130859,0.4683851897716522,0.026628319174051285,0.9034485816955566,699,252
37,1233,23,0.8055944442749023,0.5229381322860718,-0.05963767692446709,0.9999547004699707,773,282
37,1233,24,0.7934726476669312,0.5193455219268799,0.05953391268849373,0.9999321103096008,761,280
37,1233,25,0.7754175066947937,0.6361841559410095,-0.07317343354225159,0.9923157691955566,744,343
37,1233,26,0.7948652505874634,0.6148874759674072,0.055993858724832535,0.9557048678398132,763,332
37,1233,27,0.770638108253479,0.7630360126495361,-0.06555730104446411,0.993577778339386,739,412
37,1233,28,0.8454565405845642,0.7017109990119934,0.09511808305978775,0.9814102649688721,811,378
37,1233,29,0.7779089212417603,0.7893368601799011,-0.06828539073467255,0.9583734273910522,746,426
37,1233,30,0.8608360290527344,0.7021443843841553,0.09775839745998383,0.9676945209503174,826,379
37,1233,31,0.735408365726471,0.7901767492294312,-0.1410887986421585,0.9897691607475281,705,426
37,1233,32,0.8416792154312134,0.7505641579627991,0.056633368134498596,0.9781605005264282,808,405
38,1266,0,0.7714956402778625,0.2837032377719879,-0.11335757374763489,0.9998114705085754,740,153
38,1266,1,0.7751968502998352,0.272492378950119,-0.11765318363904953,0.9997590184211731,744,147
38,1266,2,0.7763299942016602,0.2721693813800812,-0.11780039221048355,0.9997860193252563,745,146
38,1266,3,0.7771427631378174,0.2720758318901062,-0.1177404597401619,0.9997953176498413,746,146
38,1266,4,0.7742577791213989,0.2723630964756012,-0.10235723853111267,0.9998164772987366,743,147
38,1266,5,0.7745178937911987,0.27228888869285583,-0.10254570841789246,0.9998650550842285,743,147
38,1266,6,0.7745794653892517,0.2720385491847992,-0.10263250023126602,0.999866247177124,743,146
38,1266,7,0.7839495539665222,0.27621397376060486,-0.1126154363155365,0.9998731017112732,752,149
38,1266,8,0.7795236110687256,0.2762485146522522,-0.03959168493747711,0.999756932258606,748,149
38,1266,9,0.7751743197441101,0.29440242052078247,-0.10758142918348312,0.9997798204421997,744,158
38,1266,10,0.773604154586792,0.29459843039512634,-0.08881600946187973,0.9997311234474182,742,159
38,1266,11,0.8017072081565857,0.34501945972442627,-0.13522887229919434,0.9999722242355347,769,186
38,1266,12,0.7778987288475037,0.34647947549819946,0.04797551780939102,0.999747633934021,746,187
38,1266,13,0.8083999752998352,0.44341596961021423,-0.16215601563453674,0.9920929670333862,776,239
38,1266,14,0.7594293355941772,0.4242002069950104,0.08020167797803879,0.3869748115539551,729,229
38,1266,15,0.8102183938026428,0.5318175554275513,-0.18126478791236877,0.9703633189201355,777,287
38,1266,16,0.725911557674408,0.4659779965877533,0.03642440587282181,0.8913924098014832,696,251
38,1266,17,0.8135133385658264,0.5519207715988159,-0.1959761083126068,0.9658071994781494,780,298
38,1266,18,0.7165220975875854,0.48380884528160095,0.032687537372112274,0.8981905579566956,687,261
38,1266,19,0.8055443167686462,0.555627703666687,-0.20495763421058655,0.9658965468406677,773,300
38,1266,20,0.713861346244812,0.48285573720932007,0.010578137822449207,0.9082598686218262,685,260
38,1266,21,0.8040449023246765,0.549518883228302,-0.18418531119823456,0.9509950876235962,771,296
38,1266,22,0.7179685235023499,0.4774610698223114,0.02493560127913952,0.8993590474128723,689,257
38,1266,23,0.7930750250816345,0.5222927927970886,-0.059551212936639786,0.9999547004699707,761,282
38,1266,24,0.7814180850982666,0.519083559513092,0.059467341750860214,0.9999325275421143,750,280
38,1266,25,0.773773729801178,0.6384006142616272,-0.04199530929327011,0.9923731684684753,742,344
38,1266,26,0.7701404094696045,0.6176835298538208,0.08854322880506516,0.9429522752761841,739,333
38,1266,27,0.7717991471290588,0.7634053826332092,0.01023899856954813,0.9940335154533386,740,412
38,1266,28,0.8156457543373108,0.7010778188705444,0.1522560864686966,0.9757809638977051,783,378
38,1266,29,0.7793417572975159,0.7901610136032104,0.012015793472528458,0.9613900780677795,748,426
38,1266,30,0.8297713398933411,0.703420877456665,0.15754683315753937,0.9627430438995361,796,379
38,1266,31,0.7352948784828186,0.789811372756958,-0.04542325809597969,0.9905200600624084,705,426
38,1266,32,0.8013322949409485,0.7451720237731934,0.12900492548942566,0.975426435470581,769,402
39,1300,0,0.7688871026039124,0.281341016292572,-0.1270330399274826,0.9998212456703186,738,151
39,1300,1,0.7735547423362732,0.27038004994392395,-0.13207463920116425,0.9997738003730774,742,146
39,1300,2,0.774891197681427,0.27030760049819946,-0.13223367929458618,0.9997991919517517,743,145
39,1300,3,0.7765858173370361,0.2702401280403137,-0.13215500116348267,0.9998077750205994,745,145
39,1300,4,0.7713225483894348,0.2703778147697449,-0.11481885612010956,0.9998272061347961,740,146
39,1300,5,0.771015465259552,0.27038946747779846,-0.11500991880893707,0.9998722076416016,740,146
39,1300,6,0.7705706357955933,0.2701965868473053,-0.1150989904999733,0.9998736381530762,739,145
39,1300,7,0.7835459113121033,0.27483487129211426,-0.12591274082660675,0.999879777431488,752,148
39,1300,8,0.7750877737998962,0.2749238610267639,-0.046827275305986404,0.9997693300247192,744,148
39,1300,9,0.7738167643547058,0.29249703884124756,-0.12132982164621353,0.9997897148132324,742,157
39,1300,10,0.7706941962242126,0.29231491684913635,-0.0999479591846466,0.9997431039810181,739,157
39,1300,11,0.8011915683746338,0.3427269756793976,-0.1490568369626999,0.9999728202819824,769,185
39,1300,12,0.7761226296424866,0.34625244140625,0.04694793373346329,0.9997496008872986,745,186
39,1300,13,0.80671226978302,0.44241780042648315,-0.17829400300979614,0.9918597936630249,774,238
39,1300,14,0.7588085532188416,0.42382681369781494,0.08714371174573898,0.36503785848617554,728,228
39,1300,15,0.8077394962310791,0.531003475189209,-0.20832191407680511,0.9717170000076294,775,286
39,1300,16,0.7258430123329163,0.46630388498306274,0.0433284267783165,0.8878698348999023,696,251
39,1300,17,0.8112190961837769,0.5542653203010559,-0.22680635750293732,0.966992199420929,778,299
39,1300,18,0.7173401713371277,0.4856775403022766,0.039155758917331696,0.8966206312179565,688,262
39,1300,19,0.8032384514808655,0.5563892722129822,-0.23610742390155792,0.967176079750061,771,300
39,1300,20,0.7142857909202576,0.48477739095687866,0.015531976707279682,0.9068268537521362,685,261
39,1300,21,0.8006712198257446,0.5484074354171753,-0.21137169003486633,0.9527092576026917,768,296
39,1300,22,0.7189780473709106,0.4781571626663208,0.031236432492733,0.8975653052330017,690,258
39,1300,23,0.7921779155731201,0.5216573476791382,-0.06299344450235367,0.9999555945396423,760,281
39,1300,24,0.7782183885574341,0.5179590582847595,0.06291790306568146,0.9999330043792725,747,279
39,1300,25,0.7720348834991455,0.6388992667198181,-0.04186626523733139,0.9923891425132751,741,345
39,1300,26,0.7688950896263123,0.6164847016334534,0.10166999697685242,0.92643141746521,738,332
39,1300,27,0.7717392444610596,0.7632720470428467,0.01177480723708868,0.9943907856941223,740,412
39,1300,28,0.8124619722366333,0.7008260488510132,0.16801665723323822,0.9691174626350403,779,378
39,1300,29,0.7816003561019897,0.7912587523460388,0.014008219353854656,0.9637673497200012,750,427
39,1300,30,0.8262319564819336,0.7048242092132568,0.17344285547733307,0.9559996724128723,793,380
39,1300,31,0.7342610955238342,0.7899175882339478,-0.044982004910707474,0.9911753535270691,704,426
39,1300,32,0.8014472723007202,0.7430335879325867,0.14329370856285095,0.9727570414543152,769,401
40,1333,0,0.7543508410453796,0.27289196848869324,-0.09300407022237778,0.9997358322143555,724,147
40,1333,1,0.7577192187309265,0.2616632878780365,-0.10630209743976593,0.9996216297149658,727,141
40,1333,2,0.7585811018943787,0.2617003619670868,-0.10645332932472229,0.9996375441551208,728,141
40,1333,3,0.7590919137001038,0.261722207069397,-0.10640730708837509,0.9996870160102844,728,141
40,1333,4,0.7576472163200378,0.2613924741744995,-0.08563771843910217,0.9997124075889587,727,141
40,1333,5,0.7582661509513855,0.2612208425998688,-0.08582007139921188,0.9997705221176147,727,141
40,1333,6,0.7592173218727112,0.2607465386390686,-0.08590154349803925,0.999803900718689,728,140
40,1333,7,0.764555037021637,0.26668140292167664,-0.11997104436159134,0.9998044967651367,733,144
40,1333,8,0.7650512456893921,0.2654895484447479,-0.04145599901676178,0.9996541142463684,734,143
40,1333,9,0.7573876976966858,0.2839575409889221,-0.1003762036561966,0.9997056722640991,727,153
40,1333,10,0.7570069432258606,0.2842012643814087,-0.07398306578397751,0.9996533989906311,726,153
40,1333,11,0.7805607914924622,0.33557602763175964,-0.15282170474529266,0.9999706149101257,749,181
40,1333,12,0.7696106433868408,0.33918821811676025,0.046260908246040344,0.9997414946556091,738,183
40,1333,13,0.7829369902610779,0.43730291724205017,-0.1799638271331787,0.988551676273346,751,236
40,1333,14,0.7494786381721497,0.4239160120487213,0.08519455790519714,0.3348762094974518,719,228
40,1333,15,0.7737243175506592,0.5300256013870239,-0.1918180286884308,0.9670376777648926,742,286
40,1333,16,0.7170759439468384,0.47761479020118713,0.04443652927875519,0.8652694821357727,688,257
40,1333,17,0.7741444110870361,0.5530182123184204,-0.2083291858434677,0.9591286778450012,743,298
40,1333,18,0.7080320715904236,0.5009908676147461,0.04015551507472992,0.8766719102859497,679,270
40,1333,19,0.7667692303657532,0.5553397536277771,-0.21814081072807312,0.9594749212265015,736,299
40,1333,20,0.7062427401542664,0.5035513043403625,0.017715012654662132,0.8885301947593689,677,271
40,1333,21,0.765816867351532,0.5476872324943542,-0.19533513486385345,0.9401823878288269,735,295
40,1333,22,0.7104446291923523,0.49418866634368896,0.03284028545022011,0.8759219646453857,682,266
40,1333,23,0.7814264297485352,0.5175482630729675,-0.0640033632516861,0.9999241232872009,750,279
40,1333,24,0.7753825783729553,0.5147305727005005,0.06394580006599426,0.9998931288719177,744,277
40,1333,25,0.7684515714645386,0.6387967467308044,-0.01050785556435585,0.9281812906265259,737,344
40,1333,26,0.7699966430664062,0.6174455881118774,0.11143681406974792,0.8353738784790039,739,333
40,1333,27,0.7699074149131775,0.7633281946182251,0.04996476694941521,0.9568662047386169,739,412
40,1333,28,0.781740128993988,0.7266002297401428,0.17658734321594238,0.8779313564300537,750,392
40,1333,29,0.7795048952102661,0.7917811274528503,0.0520445890724659,0.9125038981437683,748,427
40,1333,30,0.7872257232666016,0.7595006227493286,0.18096162378787994,0.8720001578330994,755,410
40,1333,31,0.7346605062484741,0.7897772192955017,-0.0016991643933579326,0.95536869764328,705,426
40,1333,32,0.7558384537696838,0.7544686198234558,0.15012770891189575,0.8889920115470886,725,407
41,1366,0,0.7545352578163147,0.2698594331741333,-0.08209645748138428,0.9996411204338074,724,145
41,1366,1,0.7570648789405823,0.2588385343551636,-0.09463893622159958,0.9994601607322693,726,139
41,1366,2,0.7577692866325378,0.2588351368904114,-0.09480103850364685,0.9994651079177856,727,139
41,1366,3,0.758017361164093,0.25885680317878723,-0.09476174414157867,0.9995666742324829,727,139
41,1366,4,0.7574884295463562,0.2585601806640625,-0.07576457411050797,0.9996000528335571,727,139
41,1366,5,0.7580483555793762,0.25841042399406433,-0.07596345245838165,0.9996728897094727,727,139
41,1366,6,0.7591901421546936,0.2578897178173065,-0.0760519951581955,0.9997386336326599,728,139
41,1366,7,0.7630189061164856,0.2642647922039032,-0.11562130600214005,0.9997290372848511,732,142
41,1366,8,0.7642974257469177,0.2630756199359894,-0.037767842411994934,0.9995555281639099,733,142
41,1366,9,0.7578350305557251,0.28194305300712585,-0.08876706659793854,0.9996606707572937,727,152
41,1366,10,0.7574244141578674,0.2819744944572449,-0.06481155008077621,0.9996089935302734,727,152
41,1366,11,0.7809921503067017,0.3361421227455139,-0.14810967445373535,0.9999703168869019,749,181
41,1366,12,0.7659903764724731,0.33941301703453064,0.045679785311222076,0.9997494220733643,735,183
41,1366,13,0.7849266529083252,0.4382711350917816,-0.17317624390125275,0.9868102073669434,753,236
41,1366,14,0.7480846047401428,0.42346468567848206,0.08261235803365707,0.3117939233779907,718,228
41,1366,15,0.7758821249008179,0.5293891429901123,-0.18606284260749817,0.9665578007698059,744,285
41,1366,16,0.7171397805213928,0.48066794872283936,0.04140089452266693,0.852699875831604,688,259
41,1366,17,0.7766569256782532,0.5529628396034241,-0.202900230884552,0.9573171138763428,745,298
41,1366,18,0.7086055874824524,0.5045167207717896,0.03620918467640877,0.864619791507721,680,272
41,1366,19,0.7687649130821228,0.5545074939727783,-0.21103718876838684,0.9578951001167297,738,299
41,1366,20,0.7064768075942993,0.5049716830253601,0.01393603254109621,0.8782302141189575,678,272
41,1366,21,0.7672111392021179,0.546878457069397,-0.18904688954353333,0.936653733253479,736,295
41,1366,22,0.7105592489242554,0.49659016728401184,0.029719242826104164,0.8624809980392456,682,268
41,1366,23,0.7812475562095642,0.5183539986610413,-0.06267353892326355,0.9999021887779236,749,279
41,1366,24,0.771479606628418,0.5153924822807312,0.06261204928159714,0.9998689293861389,740,278
41,1366,25,0.7693170309066772,0.6399262547492981,0.009094057604670525,0.8594000339508057,738,345
41,1366,26,0.7678416967391968,0.6292148232460022,0.0979241132736206,0.7537137269973755,737,339
41,1366,27,0.7698982954025269,0.7641709446907043,0.07681018859148026,0.9051438570022583,739,412
41,1366,28,0.7720339894294739,0.7522234320640564,0.15676455199718475,0.7953907251358032,741,406
41,1366,29,0.7793768644332886,0.7917298078536987,0.07925330102443695,0.8510183095932007,748,427
41,1366,30,0.7791022062301636,0.7782096862792969,0.16016314923763275,0.7941147685050964,747,420
41,1366,31,0.7352623343467712,0.7900091409683228,0.02423163875937462,0.9075930118560791,705,426
41,1366,32,0.7392813563346863,0.7724660038948059,0.12272604554891586,0.812964677810669,709,417
42,1400,0,0.7443112730979919,0.26985085010528564,-0.08082292228937149,0.9996620416641235,714,145
42,1400,1,0.7459825277328491,0.25859370827674866,-0.09286267310380936,0.9994879364967346,716,139
42,1400,2,0.7459394335746765,0.2585528492927551,-0.09300585836172104,0.9994940161705017,716,139
42,1400,3,0.7456451654434204,0.2585203945636749,-0.09299397468566895,0.9995904564857483,715,139
42,1400,4,0.7476240396499634,0.25818565487861633,-0.074166439473629,0.9996157288551331,717,139
42,1400,5,0.7486473321914673,0.2578575015068054,-0.07433827221393585,0.9996846914291382,718,139
42,1400,6,0.7495959401130676,0.25727957487106323,-0.07440311461687088,0.9997474551200867,719,138
42,1400,7,0.7505391836166382,0.26333656907081604,-0.11828694492578506,0.9997480511665344,720,142
42,1400,8,0.7557012438774109,0.26225540041923523,-0.037401456385850906,0.9995723962783813,725,141
42,1400,9,0.7460103631019592,0.2806345224380493,-0.08726604282855988,0.9996792674064636,716,151
42,1400,10,0.7466870546340942,0.28107690811157227,-0.06376919895410538,0.9996247291564941,716,151
42,1400,11,0.7628611922264099,0.3336929976940155,-0.15935856103897095,0.999971866607666,732,180
42,1400,12,0.7592189908027649,0.3365768790245056,0.04768373817205429,0.9997568130493164,728,181
42,1400,13,0.7692466378211975,0.4352570176124573,-0.18730688095092773,0.9868377447128296,738,235
42,1400,14,0.7420749068260193,0.42490479350090027,0.07570238411426544,0.28773272037506104,712,229
42,1400,15,0.7515641450881958,0.5255661010742188,-0.18426832556724548,0.9662705063819885,721,283
42,1400,16,0.7148076295852661,0.483511745929718,0.024354547262191772,0.8145331740379333,686,261
42,1400,17,0.750318706035614,0.5524372458457947,-0.20135119557380676,0.9554250836372375,720,298
42,1400,18,0.7060498595237732,0.5067890286445618,0.01959976553916931,0.8330203890800476,677,273
42,1400,19,0.7415632009506226,0.5512236952781677,-0.21053414046764374,0.9556499123573303,711,297
42,1400,20,0.7051278352737427,0.508754551410675,0.000732337823137641,0.8463995456695557,676,274
42,1400,21,0.7412077188491821,0.5424660444259644,-0.18631646037101746,0.9322634339332581,711,292
42,1400,22,0.7105583548545837,0.5007518529891968,0.013884143903851509,0.8292995691299438,682,270
42,1400,23,0.7620795369148254,0.5124925971031189,-0.06653603166341782,0.9999063014984131,731,276
42,1400,24,0.7664888501167297,0.5120404362678528,0.06647111475467682,0.9998744130134583,735,276
42,1400,25,0.7253591418266296,0.6315336227416992,-0.048323556780815125,0.8675574064254761,696,341
42,1400,26,0.7652288675308228,0.6325113773345947,0.09627614915370941,0.7139118909835815,734,341
42,1400,27,0.7507250905036926,0.7404419779777527,0.04450328275561333,0.905683696269989,720,399
42,1400,28,0.7682933807373047,0.7573277950286865,0.14110229909420013,0.7839617133140564,737,408
42,1400,29,0.7585863471031189,0.7590194344520569,0.04850798472762108,0.8457735776901245,728,409
42,1400,30,0.77606600522995,0.782867431640625,0.14359594881534576,0.7841247916221619,745,422
42,1400,31,0.7223812937736511,0.7800981998443604,0.01524889376014471,0.906812310218811,693,421
42,1400,32,0.7360096573829651,0.7823903560638428,0.11676334589719772,0.8077352046966553,706,422
43,1433,0,0.7427812218666077,0.2709452509880066,-0.07256539911031723,0.9996834397315979,713,146
43,1433,1,0.744777500629425,0.25952690839767456,-0.08363641053438187,0.9995169043540955,714,140
43,1433,2,0.7449959516525269,0.25943490862846375,-0.08376744389533997,0.99952232837677,715,140
43,1433,3,0.7450169324874878,0.25933194160461426,-0.08375448733568192,0.9996127486228943,715,140
43,1433,4,0.7454655170440674,0.2592487037181854,-0.06592747569084167,0.9996374845504761,715,139
43,1433,5,0.7460730075836182,0.25895631313323975,-0.06610200554132462,0.9997027516365051,716,139
43,1433,6,0.7465327382087708,0.25846993923187256,-0.06616894155740738,0.9997624754905701,716,139
43,1433,7,0.7496359348297119,0.26437434554100037,-0.11232952028512955,0.9997643232345581,719,142
43,1433,8,0.7518776059150696,0.2634814381599426,-0.02934499830007553,0.9995993375778198,721,142
43,1433,9,0.7451794147491455,0.2816016674041748,-0.07808887958526611,0.999697208404541,715,152
43,1433,10,0.7450796961784363,0.2820827066898346,-0.055938176810741425,0.9996451139450073,715,152
43,1433,11,0.7622078657150269,0.33117756247520447,-0.15075941383838654,0.9999730587005615,731,178
43,1433,12,0.7551208734512329,0.337150901556015,0.05014929920434952,0.9997715353965759,724,182
43,1433,13,0.769464373588562,0.4319743812084198,-0.1773097813129425,0.9859961867332458,738,233
43,1433,14,0.7398672103881836,0.4251060485839844,0.07565390318632126,0.2703428864479065,710,229
43,1433,15,0.7503136992454529,0.521384060382843,-0.17338380217552185,0.9641891121864319,720,281
43,1433,16,0.713208019733429,0.4837042987346649,0.02550332061946392,0.7982622385025024,684,261
43,1433,17,0.7484157085418701,0.5504798293113708,-0.1906861811876297,0.9514647126197815,718,297
43,1433,18,0.7066031694412231,0.5085456967353821,0.020619885995984077,0.8194987177848816,678,274
43,1433,19,0.7408384680747986,0.5487583875656128,-0.19258365035057068,0.951476514339447,711,296
43,1433,20,0.7055713534355164,0.5102567672729492,0.0011627357453107834,0.8330201506614685,677,275
43,1433,21,0.7407433986663818,0.5379873514175415,-0.17267289757728577,0.9252526164054871,711,290
43,1433,22,0.709361732006073,0.4998963475227356,0.014864472672343254,0.8129847049713135,680,269
43,1433,23,0.7621930837631226,0.507773756980896,-0.06512334942817688,0.9999093413352966,731,274
43,1433,24,0.7652353048324585,0.5092215538024902,0.0650562196969986,0.9998800754547119,734,274
43,1433,25,0.7241429090499878,0.6273708343505859,-0.04821711406111717,0.8706206679344177,695,338
43,1433,26,0.768497884273529,0.6327947974205017,0.09151364117860794,0.6660088896751404,737,341
43,1433,27,0.7478306293487549,0.735870361328125,0.0362735278904438,0.9002289772033691,717,397
43,1433,28,0.7687504887580872,0.7591191530227661,0.1391013115644455,0.758847713470459,738,409
43,1433,29,0.7567622065544128,0.7537837028503418,0.040661923587322235,0.8349718451499939,726,407
43,1433,30,0.7768598794937134,0.783881664276123,0.136292964220047,0.7608677744865417,745,423
43,1433,31,0.718535304069519,0.7758958339691162,0.009807420894503593,0.9021191596984863,689,418
43,1433,32,0.734146237373352,0.7844699025154114,0.1075064018368721,0.7937083840370178,704,423
44,1466,0,0.7294139862060547,0.2694757580757141,-0.07003165036439896,0.9997049570083618,700,145
44,1466,1,0.7318099737167358,0.2584020495414734,-0.08000301569700241,0.9995542168617249,702,139
44,1466,2,0.7323244214057922,0.25830793380737305,-0.08013338595628738,0.999559223651886,703,139
44,1466,3,0.732678234577179,0.25819167494773865,-0.08011823147535324,0.9996436834335327,703,139
44,1466,4,0.7318779230117798,0.25826388597488403,-0.06255096942186356,0.9996622800827026,702,139
44,1466,5,0.7324036359786987,0.25803348422050476,-0.06272660195827484,0.9997206926345825,703,139
44,1466,6,0.7327224612236023,0.25763434171676636,-0.06278708577156067,0.9997753500938416,703,139
44,1466,7,0.7394390106201172,0.26352551579475403,-0.10003861039876938,0.9997836947441101,709,142
44,1466,8,0.738694429397583,0.2630627155303955,-0.019940456375479698,0.9996134042739868,709,142
44,1466,9,0.7322259545326233,0.2804528474807739,-0.07232306152582169,0.9997067451477051,702,151
44,1466,10,0.7318353056907654,0.28093644976615906,-0.05085374787449837,0.9996413588523865,702,151
44,1466,11,0.750993549823761,0.33023151755332947,-0.13943777978420258,0.9999740719795227,720,178
44,1466,12,0.7508969902992249,0.33343902230262756,0.06207560375332832,0.9997095465660095,720,180
44,1466,13,0.7534564137458801,0.43137675523757935,-0.15844012796878815,0.986268937587738,723,232
44,1466,14,0.7434934973716736,0.42543089389801025,0.07832437008619308,0.24391861259937286,713,229
44,1466,15,0.7237701416015625,0.508391797542572,-0.13851886987686157,0.9636026620864868,694,274
44,1466,16,0.7171803712844849,0.4966191053390503,0.02702644094824791,0.7199417352676392,688,268
44,1466,17,0.7178671956062317,0.5352821946144104,-0.15313445031642914,0.949512243270874,689,289
44,1466,18,0.7215719223022461,0.5147478580474854,0.021951638162136078,0.7404735684394836,692,277
44,1466,19,0.7117751836776733,0.5306784510612488,-0.1514860987663269,0.9494140148162842,683,286
44,1466,20,0.715015709400177,0.5155684351921082,0.006326994393020868,0.7526730895042419,686,278
44,1466,21,0.7141892910003662,0.5214847326278687,-0.13578054308891296,0.921355128288269,685,281
44,1466,22,0.711631178855896,0.5089208483695984,0.01798950880765915,0.7346497178077698,683,274
44,1466,23,0.7401658892631531,0.5097176432609558,-0.06442167609930038,0.999914288520813,710,275
44,1466,24,0.7568401098251343,0.5097747445106506,0.06433652341365814,0.9998832941055298,726,275
44,1466,25,0.7072075605392456,0.6256635189056396,-0.021668316796422005,0.8797770738601685,678,337
44,1466,26,0.7600164413452148,0.6330913305282593,0.08907054364681244,0.6372663974761963,729,341
44,1466,27,0.7114153504371643,0.7361912727355957,0.04971760883927345,0.9080516695976257,682,397
44,1466,28,0.7654858827590942,0.7580747008323669,0.1295047253370285,0.763093888759613,734,409
44,1466,29,0.7171726226806641,0.757055938243866,0.05324782803654671,0.8460969924926758,688,408
44,1466,30,0.7752269506454468,0.7831365466117859,0.12623482942581177,0.765425443649292,744,422
44,1466,31,0.6806374788284302,0.768733561038971,0.013164494186639786,0.9090507626533508,653,415
44,1466,32,0.7370076775550842,0.7823701500892639,0.09230092167854309,0.799256443977356,707,422
45,1500,0,0.7279123067855835,0.2682717442512512,-0.06021880358457565,0.9997161626815796,698,144
45,1500,1,0.7311990261077881,0.25702938437461853,-0.070152148604393,0.9995777010917664,701,138
45,1500,2,0.7315890192985535,0.25696325302124023,-0.07027838379144669,0.9995823502540588,702,138
45,1500,3,0.7318866848945618,0.2568783164024353,-0.07026403397321701,0.9996646046638489,702,138
45,1500,4,0.731437087059021,0.2568530738353729,-0.053216543048620224,0.999674379825592,702,138
45,1500,5,0.7318453192710876,0.25660017132759094,-0.05338916555047035,0.9997262954711914,702,138
45,1500,6,0.732155442237854,0.256143718957901,-0.053451113402843475,0.999777615070343,702,138
45,1500,7,0.7370321750640869,0.2624385356903076,-0.09067347645759583,0.9997974634170532,707,141
45,1500,8,0.737801730632782,0.2612690329551697,-0.01370903942734003,0.9996044039726257,708,141
45,1500,9,0.7316204309463501,0.27894657850265503,-0.06312745064496994,0.9997009038925171,702,150
45,1500,10,0.7297348380088806,0.2796480357646942,-0.0423271469771862,0.9996107220649719,700,151
45,1500,11,0.7449957132339478,0.32832133769989014,-0.12869665026664734,0.9999741911888123,715,177
45,1500,12,0.7534675598144531,0.33083873987197876,0.06330052763223648,0.9995881915092468,723,178
45,1500,13,0.7503125071525574,0.4301486313343048,-0.14978376030921936,0.9860357046127319,720,232
45,1500,14,0.7452532052993774,0.42615601420402527,0.07805023342370987,0.21997135877609253,715,230
45,1500,15,0.7201172113418579,0.5055794715881348,-0.13464400172233582,0.9608396887779236,691,273
45,1500,16,0.7233039736747742,0.5028393864631653,0.028219392523169518,0.6487246751785278,694,271
45,1500,17,0.7151205539703369,0.5302133560180664,-0.14936192333698273,0.9444984793663025,686,286
45,1500,18,0.722093939781189,0.5207303762435913,0.02333199605345726,0.6678621172904968,693,281
45,1500,19,0.7120323777198792,0.5250282287597656,-0.14775243401527405,0.944159209728241,683,283
45,1500,20,0.7180661559104919,0.520490825176239,0.00911164004355669,0.6788514852523804,689,281
45,1500,21,0.7127771973609924,0.5175274014472961,-0.1321123093366623,0.9125738143920898,684,279
45,1500,22,0.7176632285118103,0.5140647888183594,0.01999775879085064,0.662682294845581,688,277
45,1500,23,0.7402225732803345,0.5084443092346191,-0.062065523117780685,0.9999106526374817,710,274
45,1500,24,0.7571739554405212,0.509552538394928,0.06202792376279831,0.9998673796653748,726,275
45,1500,25,0.707156777381897,0.6215071082115173,-0.021021001040935516,0.8807801604270935,678,335
45,1500,26,0.7590998411178589,0.6329041719436646,0.07604862749576569,0.588153064250946,728,341
45,1500,27,0.7121079564094543,0.7402137517929077,0.04378632456064224,0.908968448638916,683,399
45,1500,28,0.7635819315910339,0.7542517781257629,0.11185385286808014,0.7254281044006348,733,407
45,1500,29,0.7176910638809204,0.7626616954803467,0.04856247454881668,0.8471264243125916,688,411
45,1500,30,0.7723999619483948,0.7801432609558105,0.11174453049898148,0.7391757369041443,741,421
45,1500,31,0.6812174916267395,0.7657933831214905,-0.00016305035387631506,0.9067412614822388,653,413
45,1500,32,0.7368897199630737,0.7808408737182617,0.08196070045232773,0.7665772438049316,707,421
46,1533,0,0.7107284665107727,0.2671649754047394,-0.05813101306557655,0.9995600581169128,682,144
46,1533,1,0.7135566473007202,0.25627565383911133,-0.07141426205635071,0.9993659853935242,685,138
46,1533,2,0.7145605087280273,0.25627464056015015,-0.07154987752437592,0.999354898929596,685,138
46,1533,3,0.7151532769203186,0.25624480843544006,-0.07153264433145523,0.9995375275611877,686,138
46,1533,4,0.7131019234657288,0.2560776174068451,-0.05101216584444046,0.9994343519210815,684,138
46,1533,5,0.7137291431427002,0.2559223771095276,-0.051190707832574844,0.9994836449623108,685,138
46,1533,6,0.7139748334884644,0.25555840134620667,-0.05125121772289276,0.99959796667099,685,138
46,1533,7,0.7215947508811951,0.2613881528377533,-0.0912579745054245,0.9997472763061523,692,141
46,1533,8,0.7201422452926636,0.2599049508571625,-0.007984600029885769,0.9991628527641296,691,140
46,1533,9,0.7139024138450623,0.2781548500061035,-0.06402093172073364,0.9995654821395874,685,150
46,1533,10,0.7131798267364502,0.2784717082977295,-0.038551442325115204,0.9993053078651428,684,150
46,1533,11,0.736190915107727,0.32740962505340576,-0.13802669942378998,0.9999749064445496,706,176
46,1533,12,0.7367438673973083,0.33011433482170105,0.07558014988899231,0.9994997382164001,707,178
46,1533,13,0.7430219650268555,0.4300355911254883,-0.15197543799877167,0.9854592680931091,713,232
46,1533,14,0.7409599423408508,0.425850510597229,0.10574504733085632,0.19819281995296478,711,229
46,1533,15,0.7018362283706665,0.4946746826171875,-0.12214107066392899,0.9530200362205505,673,267
46,1533,16,0.7271327376365662,0.49813470244407654,0.05424154922366142,0.584269642829895,698,268
46,1533,17,0.69200199842453,0.5157504677772522,-0.13746288418769836,0.9300262928009033,664,278
46,1533,18,0.7245241403579712,0.5165844559669495,0.04799700900912285,0.6018608808517456,695,278
46,1533,19,0.6886292099952698,0.5088247656822205,-0.1331930160522461,0.9282429814338684,661,274
46,1533,20,0.7185239791870117,0.5162987112998962,0.030133767053484917,0.6117826700210571,689,278
46,1533,21,0.691899299621582,0.5011370182037354,-0.11772576719522476,0.8845870494842529,664,270
46,1533,22,0.7209036946296692,0.5097300410270691,0.04384905472397804,0.5972517132759094,692,275
46,1533,23,0.7373189926147461,0.5063909888267517,-0.06351099908351898,0.9999125003814697,707,273
46,1533,24,0.734390914440155,0.5063994526863098,0.06351222097873688,0.9998615980148315,705,273
46,1533,25,0.7416950464248657,0.6267979145050049,-0.048554886132478714,0.8777893781661987,712,338
46,1533,26,0.6958789825439453,0.6174715161323547,0.057026542723178864,0.5441713929176331,668,333
46,1533,27,0.7508338689804077,0.7481294274330139,0.00941828079521656,0.9079679846763611,720,403
46,1533,28,0.6727182865142822,0.7513996958732605,0.10193746536970139,0.6996575593948364,645,405
46,1533,29,0.7600060701370239,0.76936936378479,0.0106000155210495,0.8269431591033936,729,415
46,1533,30,0.6748762726783752,0.7757666707038879,0.10296029597520828,0.7127043008804321,647,418
46,1533,31,0.7250239253044128,0.7817711234092712,-0.06461116671562195,0.9023666381835938,696,422
46,1533,32,0.6445084810256958,0.7537023425102234,0.04795462265610695,0.7496796250343323,618,406
47,1566,0,0.7115678191184998,0.26806434988975525,-0.00016076902102213353,0.9995964169502258,683,144
47,1566,1,0.7141693830490112,0.25711706280708313,-0.01567063480615616,0.9994226098060608,685,138
47,1566,2,0.714243471622467,0.25711241364479065,-0.015777280554175377,0.9994128346443176,685,138
47,1566,3,0.7141879200935364,0.2570698857307434,-0.01574653387069702,0.9995791912078857,685,138
47,1566,4,0.7151489853858948,0.25687098503112793,0.0018787514418363571,0.9994850158691406,686,138
47,1566,5,0.7157497406005859,0.2566911280155182,0.0017087081214413047,0.9995297789573669,687,138
47,1566,6,0.7161798477172852,0.25629884004592896,0.001676099724136293,0.9996330142021179,687,138
47,1566,7,0.7188391089439392,0.2619277536869049,-0.058882057666778564,0.9997706413269043,690,141
47,1566,8,0.7229180932044983,0.2607227861881256,0.0199213195592165,0.9992368221282959,694,140
47,1566,9,0.7136300802230835,0.2787327468395233,-0.010740553960204124,0.9996007084846497,685,150
47,1566,10,0.7151615023612976,0.2788502275943756,0.010877583175897598,0.9993590712547302,686,150
47,1566,11,0.7249575853347778,0.3266254663467407,-0.10628190636634827,0.9999763369560242,695,176
47,1566,12,0.743006706237793,0.326644629240036,0.08425676822662354,0.9995148181915283,713,176
47,1566,13,0.7334460616111755,0.4281286597251892,-0.11801173537969589,0.9862344264984131,704,231
47,1566,14,0.7424145936965942,0.42231225967407227,0.100762739777565,0.18051816523075104,712,228
47,1566,15,0.7005952596664429,0.49134424328804016,-0.08215843886137009,0.954610288143158,672,265
47,1566,16,0.7287485003471375,0.4962855577468872,0.06024845317006111,0.5309231281280518,699,267
47,1566,17,0.6930285096168518,0.5087720155715942,-0.09262920916080475,0.9320946335792542,665,274
47,1566,18,0.7259198427200317,0.5119066834449768,0.055403366684913635,0.5501738786697388,696,276
47,1566,19,0.6906315684318542,0.5034006237983704,-0.08979351818561554,0.9302574396133423,663,271
47,1566,20,0.7198235988616943,0.5116356015205383,0.04060303792357445,0.5589281320571899,691,276
47,1566,21,0.6928306818008423,0.49730953574180603,-0.07836100459098816,0.8875876665115356,665,268
47,1566,22,0.7226399183273315,0.5064986348152161,0.05158830061554909,0.5455582737922668,693,273
47,1566,23,0.7218747735023499,0.5067760348320007,-0.06118679791688919,0.9999182820320129,692,273
47,1566,24,0.7445510625839233,0.5064435005187988,0.06119852513074875,0.9998700618743896,714,273
47,1566,25,0.6886523365974426,0.6175225377082825,-0.00017583035514689982,0.8888105154037476,661,333
47,1566,26,0.7248207330703735,0.6257621049880981,0.05065329745411873,0.5772899389266968,695,337
47,1566,27,0.6723939776420593,0.7458645105361938,0.04802001267671585,0.9166578054428101,645,402
47,1566,28,0.7313875555992126,0.7588621377944946,0.07151740044355392,0.7266483306884766,702,409
47,1566,29,0.6741563081741333,0.7704182863235474,0.048964597284793854,0.8427067995071411,647,416
47,1566,30,0.7366079092025757,0.7835783958435059,0.07128925621509552,0.7387455105781555,707,423
47,1566,31,0.6443071961402893,0.7506216764450073,0.005288239102810621,0.9108846783638,618,405
47,1566,32,0.7085305452346802,0.7695287466049194,0.03726552054286003,0.7712000012397766,680,415
48,1600,0,0.7015369534492493,0.2694125771522522,-0.010038156062364578,0.9996210336685181,673,145
48,1600,1,0.7034812569618225,0.25790590047836304,-0.024515211582183838,0.9994673728942871,675,139
48,1600,2,0.7033942341804504,0.2577764689922333,-0.02464703656733036,0.999460756778717,675,139
48,1600,3,0.7031539678573608,0.257509708404541,-0.02463381364941597,0.9996137619018555,675,139
48,1600,4,0.7050281167030334,0.2583131492137909,-0.006130368448793888,0.9995239973068237,676,139
48,1600,5,0.7059144973754883,0.25829994678497314,-0.006303900852799416,0.9995660185813904,677,139
48,1600,6,0.7073265314102173,0.25789183378219604,-0.006342459935694933,0.9996584057807922,679,139
48,1600,7,0.708095908164978,0.2627032697200775,-0.062576062977314,0.9997909665107727,679,141
48,1600,8,0.7133760452270508,0.26275670528411865,0.019950611516833305,0.9992903470993042,684,141
48,1600,9,0.7040500640869141,0.27950984239578247,-0.018405068665742874,0.9996259808540344,675,150
48,1600,10,0.7046035528182983,0.27997729182243347,0.004189115948975086,0.9993904829025269,676,151
48,1600,11,0.71864914894104,0.3275394141674042,-0.10848294943571091,0.9999778270721436,689,176
48,1600,12,0.7278410792350769,0.32820048928260803,0.0886697992682457,0.9995303153991699,698,177
48,1600,13,0.7234152555465698,0.42655470967292786,-0.12432477623224258,0.987328052520752,694,230
48,1600,14,0.7318931221961975,0.42330238223075867,0.1087772473692894,0.16513274610042572,702,228
48,1600,15,0.6760421395301819,0.48099246621131897,-0.0936775952577591,0.9582918286323547,649,259
48,1600,16,0.727168619632721,0.5007647275924683,0.07257191091775894,0.4847489595413208,698,270
48,1600,17,0.663928210735321,0.4990154802799225,-0.1071690022945404,0.9373955726623535,637,269
48,1600,18,0.7251884937286377,0.5189695358276367,0.06805982440710068,0.5057956576347351,696,280
48,1600,19,0.6601446270942688,0.49004629254341125,-0.10066626965999603,0.9356803297996521,633,264
48,1600,20,0.7204554080963135,0.5183046460151672,0.05187900364398956,0.5138096809387207,691,279
48,1600,21,0.6648346185684204,0.4839315414428711,-0.08849442005157471,0.8959280848503113,638,261
48,1600,22,0.7218471765518188,0.5118500590324402,0.06362887471914291,0.5011553168296814,692,276
48,1600,23,0.7106174826622009,0.5074819326400757,-0.060664113610982895,0.9999250173568726,682,274
48,1600,24,0.732471227645874,0.5097302198410034,0.06066993251442909,0.999880313873291,703,275
48,1600,25,0.6708254218101501,0.619769811630249,0.005596826784312725,0.8972392678260803,643,334
48,1600,26,0.7443552017211914,0.6331864595413208,0.04820362478494644,0.6083877086639404,714,341
48,1600,27,0.6415566802024841,0.7417894005775452,0.0716172307729721,0.9231187105178833,615,400
48,1600,28,0.7522890567779541,0.7597860097885132,0.07110349088907242,0.7510137557983398,722,410
48,1600,29,0.6428830623626709,0.7666890621185303,0.0748351439833641,0.8553909659385681,617,414
48,1600,30,0.7586241364479065,0.7847646474838257,0.07157060503959656,0.7628007531166077,728,423
48,1600,31,0.6103613972663879,0.7369848489761353,0.04041089862585068,0.9165200591087341,585,397
48,1600,32,0.728787362575531,0.781387209892273,0.040033526718616486,0.790608823299408,699,421
49,1633,0,0.7059385776519775,0.2702271640300751,0.017369190230965614,0.9996545910835266,677,145
49,1633,1,0.7049812078475952,0.2589375078678131,-7.590978202642873e-05,0.9995173811912537,676,139
49,1633,2,0.7039178013801575,0.2587341070175171,-0.00020625046454370022,0.9995118975639343,675,139
49,1633,3,0.7028682231903076,0.25840163230895996,-0.00019630343012977391,0.9996505379676819,674,139
49,1633,4,0.7087945938110352,0.25928622484207153,0.015549353323876858,0.99956876039505,680,140
49,1633,5,0.7102756500244141,0.25917762517929077,0.015393702313303947,0.9996069073677063,681,139
49,1633,6,0.7119480967521667,0.25868546962738037,0.015373836271464825,0.999690055847168,683,139
49,1633,7,0.7041202187538147,0.2642815411090851,-0.0550273135304451,0.9998112320899963,675,142
49,1633,8,0.7167776226997375,0.26307404041290283,0.016455871984362602,0.9993568658828735,688,142
49,1633,9,0.7056885957717896,0.27999594807624817,0.0027170502580702305,0.999660849571228,677,151
49,1633,10,0.7086398601531982,0.28034085035324097,0.021838579326868057,0.9994462132453918,680,151
49,1633,11,0.7153917551040649,0.32779714465141296,-0.10879871249198914,0.9999797344207764,686,177
49,1633,12,0.7297746539115906,0.3288801610469818,0.07920119166374207,0.9995642304420471,700,177
49,1633,13,0.7195723652839661,0.4259698688983917,-0.12362538278102875,0.9884055256843567,690,230
49,1633,14,0.7322734594345093,0.4231485426425934,0.10316874086856842,0.1524856835603714,702,228
49,1633,15,0.6746692061424255,0.477828711271286,-0.0934736579656601,0.9617967009544373,647,258
49,1633,16,0.7229716181755066,0.4984228014945984,0.0666605681180954,0.44402188062667847,694,269
49,1633,17,0.6615157723426819,0.4954412877559662,-0.10572034865617752,0.9425064325332642,635,267
49,1633,18,0.7218971848487854,0.516737699508667,0.06312830746173859,0.4673483669757843,693,279
49,1633,19,0.6586626172065735,0.48658832907676697,-0.0997518002986908,0.9408994317054749,632,262
49,1633,20,0.716444194316864,0.5174633264541626,0.04756784439086914,0.4744132459163666,687,279
49,1633,21,0.6634180545806885,0.4803923964500427,-0.08855487406253815,0.9040252566337585,636,259
49,1633,22,0.7181639075279236,0.509674608707428,0.05824744701385498,0.4626843333244324,689,275
49,1633,23,0.7099733352661133,0.5079297423362732,-0.05763731896877289,0.9999319314956665,681,274
49,1633,24,0.7325944304466248,0.5108957886695862,0.05763585492968559,0.9998911023139954,703,275
49,1633,25,0.6705039739608765,0.6178309321403503,0.030237939208745956,0.9066805243492126,643,333
49,1633,26,0.7486467361450195,0.6359127759933472,0.040133602917194366,0.6429450511932373,718,343
49,1633,27,0.6403185129165649,0.7394950985908508,0.08708871155977249,0.9303707480430603,614,399
49,1633,28,0.759588360786438,0.7594925165176392,0.05791012570261955,0.774554967880249,729,410
49,1633,29,0.6402587294578552,0.7646604180335999,0.08963863551616669,0.8689947128295898,614,412
49,1633,30,0.7674937844276428,0.7832570672035217,0.05839155614376068,0.785681962966919,736,422
49,1633,31,0.6087372899055481,0.7328088283538818,0.06024324148893356,0.9237461090087891,584,395
49,1633,32,0.7357421517372131,0.7836476564407349,0.0337226539850235,0.8097088932991028,706,423
50,1666,0,0.689155638217926,0.2732374668121338,0.04288317635655403,0.9995304942131042,661,147
50,1666,1,0.6895097494125366,0.26269251108169556,0.02744380012154579,0.9993129372596741,661,141
50,1666,2,0.6891413331031799,0.26241910457611084,0.02732563205063343,0.9993084669113159,661,141
50,1666,3,0.6886788606643677,0.2621884047985077,0.027340790256857872,0.9995117783546448,661,141
50,1666,4,0.6916629076004028,0.26301103830337524,0.047408949583768845,0.9993627667427063,663,142
50,1666,5,0.6927635073661804,0.26300758123397827,0.047245342284440994,0.999418318271637,665,142
50,1666,6,0.6938680410385132,0.26274627447128296,0.04720444604754448,0.999557375907898,666,141
50,1666,7,0.6907016634941101,0.2679426968097687,-0.017064470797777176,0.999754011631012,663,144
50,1666,8,0.6993893980979919,0.26692911982536316,0.07340314984321594,0.9990683794021606,671,144
50,1666,9,0.6901904344558716,0.2825911343097687,0.031123241409659386,0.9995176196098328,662,152
50,1666,10,0.6917920708656311,0.2828662395477295,0.055929701775312424,0.9991973042488098,664,152
50,1666,11,0.7041619420051575,0.32816609740257263,-0.08719661086797714,0.9999812245368958,675,177
50,1666,12,0.7085515856742859,0.3294779360294342,0.13797016441822052,0.999561607837677,680,177
50,1666,13,0.7046934962272644,0.42537790536880493,-0.12493373453617096,0.9890813827514648,676,229
50,1666,14,0.7168027758598328,0.42321521043777466,0.15853288769721985,0.13771191239356995,688,228
50,1666,15,0.6548873782157898,0.464049369096756,-0.10257960855960846,0.9618127346038818,628,250
50,1666,16,0.7100564241409302,0.49693235754966736,0.11466265469789505,0.4001767039299011,681,268
50,1666,17,0.6422815918922424,0.4769396185874939,-0.11732745170593262,0.9406831860542297,616,257
50,1666,18,0.7122957706451416,0.5169546008110046,0.11143818497657776,0.4215126037597656,683,279
50,1666,19,0.6392125487327576,0.4703424870967865,-0.10743317753076553,0.9379974007606506,613,253
50,1666,20,0.7081058025360107,0.5177657604217529,0.09827649593353271,0.42786964774131775,679,279
50,1666,21,0.644817590713501,0.4661622941493988,-0.0959286317229271,0.8947035670280457,619,251
50,1666,22,0.7083966732025146,0.5096521973609924,0.10631824284791946,0.41740280389785767,680,275
50,1666,23,0.7102177143096924,0.5066333413124084,-0.062294851988554,0.9999364018440247,681,273
50,1666,24,0.6991893649101257,0.5089423060417175,0.06231136992573738,0.9998955130577087,671,274
50,1666,25,0.7288992404937744,0.6187120079994202,-0.061999592930078506,0.9100899696350098,699,334
50,1666,26,0.6607844829559326,0.6221119165420532,0.047054823487997055,0.6039692163467407,634,335
50,1666,27,0.7562545537948608,0.7408218383789062,-0.04668618366122246,0.9295030832290649,726,400
50,1666,28,0.6262397170066833,0.7422614693641663,0.07087300717830658,0.7523066997528076,601,400
50,1666,29,0.7652965188026428,0.7646743655204773,-0.0493394210934639,0.8461845517158508,734,412
50,1666,30,0.6253882646560669,0.7717604041099548,0.07058362662792206,0.7622051239013672,600,416
50,1666,31,0.7289028167724609,0.776952862739563,-0.12635979056358337,0.9210150241851807,699,419
50,1666,32,0.5950174927711487,0.7344025373458862,0.01748604141175747,0.7953982353210449,571,396
51,1700,0,0.6894463300704956,0.27327027916908264,0.05028057098388672,0.9995076060295105,661,147
51,1700,1,0.6892284750938416,0.26302993297576904,0.03681197017431259,0.9992781281471252,661,142
51,1700,2,0.6884788274765015,0.26275256276130676,0.03668869659304619,0.9992687702178955,660,141
51,1700,3,0.6878742575645447,0.26247042417526245,0.036697253584861755,0.9994885325431824,660,141
51,1700,4,0.6920447945594788,0.26330530643463135,0.05593067780137062,0.999326765537262,664,142
51,1700,5,0.6939001083374023,0.2632587254047394,0.0557720772922039,0.9993809461593628,666,142
51,1700,6,0.6953283548355103,0.2629818320274353,0.05573362484574318,0.9995326995849609,667,142
51,1700,7,0.6900929808616638,0.26838022470474243,-0.0026456841733306646,0.9997456669807434,662,144
51,1700,8,0.6998645067214966,0.2673424482345581,0.08384153246879578,0.9989952445030212,671,144
51,1700,9,0.6900745034217834,0.2827184498310089,0.03981594741344452,0.9994831681251526,662,152
51,1700,10,0.6916452050209045,0.2829824686050415,0.06350784748792648,0.9991349577903748,663,152
51,1700,11,0.7033935785293579,0.32816043496131897,-0.07364063709974289,0.9999827146530151,675,177
51,1700,12,0.7024902105331421,0.3296974003314972,0.14723487198352814,0.9995726346969604,674,178
51,1700,13,0.7041682004928589,0.42378684878349304,-0.11024101823568344,0.9893892407417297,676,228
51,1700,14,0.710431694984436,0.4232769310474396,0.16172748804092407,0.12448937445878983,682,228
51,1700,15,0.6548452377319336,0.4598444998264313,-0.08612196892499924,0.9614723920822144,628,248
51,1700,16,0.7044607996940613,0.4962276816368103,0.1115814745426178,0.3608788549900055,676,267
51,1700,17,0.6400237679481506,0.47466304898262024,-0.10044398903846741,0.9386354088783264,614,256
51,1700,18,0.7053260803222656,0.5153331756591797,0.10776471346616745,0.38055917620658875,677,278
51,1700,19,0.6383100152015686,0.46707919239997864,-0.08902185410261154,0.9348807334899902,612,252
51,1700,20,0.7015119194984436,0.5166953802108765,0.09457289427518845,0.3862650692462921,673,279
51,1700,21,0.6439222693443298,0.46252718567848206,-0.07873322814702988,0.88542640209198,618,249
51,1700,22,0.7018172740936279,0.5074026584625244,0.10309053212404251,0.37693408131599426,673,273
51,1700,23,0.7084896564483643,0.5054011344909668,-0.06315568834543228,0.9999409914016724,680,272
51,1700,24,0.6936683058738708,0.5065192580223083,0.06315742433071136,0.9999012351036072,665,273
51,1700,25,0.7381495237350464,0.6197071075439453,-0.0724511444568634,0.9121360182762146,708,334
51,1700,26,0.6532666087150574,0.6191360354423523,0.0360911525785923,0.5697648525238037,627,334
51,1700,27,0.7640253305435181,0.7413224577903748,-0.046504292637109756,0.9249836802482605,733,400
51,1700,28,0.6207231879234314,0.7367286682128906,0.05573759227991104,0.7318726778030396,595,397
51,1700,29,0.7745789885520935,0.7654100656509399,-0.04779098927974701,0.8216762542724609,743,413
51,1700,30,0.6197717785835266,0.7682762145996094,0.05470793694257736,0.74370938539505,594,414
51,1700,31,0.7369582653045654,0.7884669899940491,-0.11564061790704727,0.9142257571220398,707,425
51,1700,32,0.5902453660964966,0.7220057845115662,0.0020013770554214716,0.7821707129478455,566,389
52,1733,0,0.6723508834838867,0.2749539017677307,0.01652316004037857,0.999378502368927,645,148
52,1733,1,0.6737403869628906,0.2641851603984833,0.0071526640094816685,0.9991186261177063,646,142
52,1733,2,0.67353355884552,0.2640311121940613,0.007069885265082121,0.9991357326507568,646,142
52,1733,3,0.6731786727905273,0.26391714811325073,0.007124858908355236,0.9993931651115417,646,142
52,1733,4,0.6750579476356506,0.2643858790397644,0.02056395262479782,0.9990941882133484,648,142
52,1733,5,0.6758091449737549,0.26440805196762085,0.020401887595653534,0.9991717338562012,648,142
52,1733,6,0.6766693592071533,0.26423779129981995,0.02036638930439949,0.9993488192558289,649,142
52,1733,7,0.6763522624969482,0.2693726122379303,-0.017701055854558945,0.9997245669364929,649,145
52,1733,8,0.6819875240325928,0.2691522240638733,0.048445481806993484,0.9986637830734253,654,145
52,1733,9,0.6743103265762329,0.2844918966293335,0.012194090522825718,0.9994033575057983,647,153
52,1733,10,0.6751347184181213,0.28447678685188293,0.028969252482056618,0.9989321827888489,648,153
52,1733,11,0.6916858553886414,0.33146804571151733,-0.11234855651855469,0.9999837875366211,664,178
52,1733,12,0.6880905628204346,0.32987430691719055,0.12126211822032928,0.9995692372322083,660,178
52,1733,13,0.691257119178772,0.4249282777309418,-0.15504077076911926,0.9902229309082031,663,229
52,1733,14,0.696439802646637,0.42390385270118713,0.1497805416584015,0.11258048564195633,668,228
52,1733,15,0.6398777365684509,0.45400264859199524,-0.12767621874809265,0.963798999786377,614,245
52,1733,16,0.6921146512031555,0.4923021197319031,0.11035065352916718,0.32543623447418213,664,265
52,1733,17,0.6245816946029663,0.46743452548980713,-0.14399076998233795,0.9412593841552734,599,252
52,1733,18,0.6963666677474976,0.5146576762199402,0.10857608914375305,0.3436570465564728,668,277
52,1733,19,0.6217834949493408,0.4603852331638336,-0.12787632644176483,0.9371848106384277,596,248
52,1733,20,0.6925375461578369,0.5155833959579468,0.09429742395877838,0.3487892150878906,664,278
52,1733,21,0.6278154850006104,0.4559457302093506,-0.11803317815065384,0.8870363831520081,602,246
52,1733,22,0.692570686340332,0.5068654417991638,0.10174492746591568,0.3405854105949402,664,273
52,1733,23,0.6983641386032104,0.5087997317314148,-0.06741353124380112,0.999945878982544,670,274
52,1733,24,0.6824305653572083,0.5066734552383423,0.06742576509714127,0.999908447265625,655,273
52,1733,25,0.7374369502067566,0.621728777885437,-0.06584390997886658,0.9191458225250244,707,335
52,1733,26,0.6395129561424255,0.6176163554191589,0.04300318658351898,0.591199517250061,613,333
52,1733,27,0.7602322101593018,0.741045355796814,-0.01220157090574503,0.9294338822364807,729,400
52,1733,28,0.6122884154319763,0.7371968030929565,0.06661075353622437,0.752516508102417,587,398
52,1733,29,0.7721691727638245,0.7580357193946838,-0.01120478194206953,0.8176755309104919,741,409
52,1733,30,0.612514078617096,0.7701066136360168,0.06611447036266327,0.7596825957298279,588,415
52,1733,31,0.7395288944244385,0.7920346260070801,-0.0732550323009491,0.9179860949516296,709,427
52,1733,32,0.5762397050857544,0.7331318259239197,0.01309128012508154,0.7987014055252075,553,395
53,1766,0,0.6694971323013306,0.2756829261779785,0.0046608662232756615,0.9993667006492615,642,148
53,1766,1,0.6704704761505127,0.26500403881073,-0.0078122420236468315,0.9991158843040466,643,143
53,1766,2,0.6699873208999634,0.2648478150367737,-0.007927373051643372,0.999138355255127,643,143
53,1766,3,0.6694048643112183,0.26469549536705017,-0.007897570729255676,0.9993928074836731,642,142
53,1766,4,0.6728937029838562,0.2649571895599365,0.009540367871522903,0.9990788698196411,645,143
53,1766,5,0.6740151643753052,0.2648412585258484,0.009370783343911171,0.9991582632064819,647,143
53,1766,6,0.6750745177268982,0.26453620195388794,0.009322207421064377,0.9993330240249634,648,142
53,1766,7,0.6727720499038696,0.27013644576072693,-0.028413109481334686,0.9997333288192749,645,145
53,1766,8,0.6808844208717346,0.2693440318107605,0.03996502235531807,0.9986600279808044,653,145
53,1766,9,0.6711584329605103,0.28508150577545166,-0.0026422885712236166,0.9994048476219177,644,153
53,1766,10,0.6726948022842407,0.28529122471809387,0.01888767071068287,0.9989180564880371,645,154
53,1766,11,0.6888761520385742,0.33244752883911133,-0.11697421222925186,0.9999849796295166,661,179
53,1766,12,0.6882396936416626,0.33062928915023804,0.11593750864267349,0.9995803236961365,660,178
53,1766,13,0.6903295516967773,0.426026850938797,-0.14990133047103882,0.9909746646881104,662,230
53,1766,14,0.6964426636695862,0.42380061745643616,0.1506214439868927,0.10172192007303238,668,228
53,1766,15,0.6380465626716614,0.45265570282936096,-0.11054524034261703,0.9658485651016235,612,244
53,1766,16,0.6941465139389038,0.49209702014923096,0.12028326094150543,0.2934234142303467,666,265
53,1766,17,0.6230676770210266,0.46483778953552246,-0.12284423410892487,0.9434623122215271,598,251
53,1766,18,0.6961368322372437,0.5143202543258667,0.1205931231379509,0.310278981924057,668,277
53,1766,19,0.6194684505462646,0.4576447308063507,-0.10916920006275177,0.9390808939933777,594,247
53,1766,20,0.6922379732131958,0.5148684978485107,0.10689757019281387,0.3148884177207947,664,278
53,1766,21,0.6258238554000854,0.45383220911026,-0.10125027596950531,0.8883803486824036,600,245
53,1766,22,0.6924876570701599,0.5065783262252808,0.112221360206604,0.3076763451099396,664,273
53,1766,23,0.6982505917549133,0.5091165900230408,-0.06822800636291504,0.9999502897262573,670,274
53,1766,24,0.681312620639801,0.5069705247879028,0.06825296580791473,0.9999149441719055,654,273
53,1766,25,0.7354312539100647,0.6224287152290344,-0.07093846797943115,0.9254745244979858,706,336
53,1766,26,0.6380041837692261,0.615898847579956,0.039307717233896255,0.6014187932014465,612,332
53,1766,27,0.7600430846214294,0.7404376268386841,-0.015180208720266819,0.9329549670219421,729,399
53,1766,28,0.6123856902122498,0.7376874089241028,0.05852872505784035,0.7666722536087036,587,398
53,1766,29,0.7709232568740845,0.7550950050354004,-0.013002694584429264,0.8151409029960632,740,407
53,1766,30,0.6125961542129517,0.7721097469329834,0.05780208110809326,0.7699983716011047,588,416
53,1766,31,0.7378934025764465,0.795024037361145,-0.07103788107633591,0.9211209416389465,708,429
53,1766,32,0.5781475305557251,0.7373096942901611,0.008803518489003181,0.8110678791999817,555,398
54,1800,0,0.6536526083946228,0.27568310499191284,-0.0002013563789660111,0.9991804361343384,627,148
54,1800,1,0.6557864546775818,0.2650814950466156,-0.013271250762045383,0.9989128708839417,629,143
54,1800,2,0.6562119126319885,0.2649357318878174,-0.013394906185567379,0.9989456534385681,629,143
54,1800,3,0.6563509106636047,0.26477763056755066,-0.013371779583394527,0.9992640614509583,630,142
54,1800,4,0.6560398936271667,0.2650885581970215,0.006114943418651819,0.9987825155258179,629,143
54,1800,5,0.6567197442054749,0.26504409313201904,0.005936692003160715,0.9988638758659363,630,143
54,1800,6,0.6570712924003601,0.2648177444934845,0.005876479670405388,0.9990953803062439,630,143
54,1800,7,0.6612098813056946,0.27023443579673767,-0.041590381413698196,0.9996877312660217,634,145
54,1800,8,0.6635599732398987,0.26995909214019775,0.04829784482717514,0.9980992078781128,637,145
54,1800,9,0.6558339595794678,0.2851262390613556,-0.008092748932540417,0.9992479085922241,629,153
54,1800,10,0.6557571887969971,0.28556662797927856,0.016510266810655594,0.998562753200531,629,154
54,1800,11,0.6759716868400574,0.3324550986289978,-0.11639947444200516,0.99998539686203,648,179
54,1800,12,0.675359308719635,0.3308597505092621,0.128737673163414,0.9995557069778442,648,178
54,1800,13,0.6731013059616089,0.42619016766548157,-0.15170405805110931,0.991531252861023,646,230
54,1800,14,0.6821308135986328,0.42626383900642395,0.15557627379894257,0.0920635461807251,654,230
54,1800,15,0.6185226440429688,0.45094600319862366,-0.12301816046237946,0.9670302867889404,593,243
54,1800,16,0.6772763133049011,0.4927303194999695,0.1070343628525734,0.2646726667881012,650,266
54,1800,17,0.603276789188385,0.46248364448547363,-0.1396786868572235,0.944333016872406,579,249
54,1800,18,0.6815811991691589,0.5164751410484314,0.1040281429886818,0.28027263283729553,654,278
54,1800,19,0.6014309525489807,0.45520609617233276,-0.12418179959058762,0.9394799470901489,577,245
54,1800,20,0.6774833798408508,0.5168367624282837,0.08917775005102158,0.28442323207855225,650,279
54,1800,21,0.6071173548698425,0.45176342129707336,-0.11350627988576889,0.8863548636436462,582,243
54,1800,22,0.6778020262718201,0.5082853436470032,0.09796355664730072,0.27809080481529236,650,274
54,1800,23,0.6827619075775146,0.5106143951416016,-0.07046210020780563,0.999954342842102,655,275
54,1800,24,0.6654465198516846,0.5077580213546753,0.07045790553092957,0.9999212622642517,638,274
54,1800,25,0.7108546495437622,0.6270501017570496,-0.08116547018289566,0.9306505918502808,682,338
54,1800,26,0.6242586970329285,0.616949737071991,0.040280599147081375,0.6133736968040466,599,333
54,1800,27,0.7520619034767151,0.7365463972091675,-0.016679346561431885,0.9344084858894348,721,397
54,1800,28,0.6060701012611389,0.745216429233551,0.061848875135183334,0.7812400460243225,581,402
54,1800,29,0.7636139392852783,0.7434478998184204,-0.013818670995533466,0.8027984499931335,733,401
54,1800,30,0.6078441143035889,0.7773783802986145,0.06271378695964813,0.7800352573394775,583,419
54,1800,31,0.7388195395469666,0.7942432165145874,-0.07632305473089218,0.9204123616218567,709,428
54,1800,32,0.5706121325492859,0.7408716678619385,0.017828507348895073,0.8218374252319336,547,400
55,1833,0,0.6524551510810852,0.27569708228111267,-0.04152284562587738,0.9991914629936218,626,148
55,1833,1,0.6555293798446655,0.26512593030929565,-0.052705999463796616,0.9989370107650757,629,143
55,1833,2,0.6558951139450073,0.2650105059146881,-0.0528600737452507,0.9989740252494812,629,143
55,1833,3,0.6560709476470947,0.2648749351501465,-0.05284861847758293,0.9992792010307312,629,143
55,1833,4,0.6552486419677734,0.26513153314590454,-0.03203853964805603,0.9988007545471191,629,143
55,1833,5,0.6560095548629761,0.2650870084762573,-0.032236382365226746,0.9988824129104614,629,143
55,1833,6,0.6561955213546753,0.264885812997818,-0.0323207750916481,0.9991022944450378,629,143
55,1833,7,0.6613977551460266,0.27033889293670654,-0.06989027559757233,0.9996938109397888,634,145
55,1833,8,0.6618896126747131,0.2702202796936035,0.02439155802130699,0.9980863332748413,635,145
55,1833,9,0.655184805393219,0.2852286100387573,-0.04392688348889351,0.9992426633834839,628,154
55,1833,10,0.6547414660453796,0.2856699526309967,-0.018258124589920044,0.9985511898994446,628,154
55,1833,11,0.6763101816177368,0.3322397470474243,-0.12222413718700409,0.9999861121177673,649,179
55,1833,12,0.6673745512962341,0.33205369114875793,0.1239827424287796,0.9995579719543457,640,179
55,1833,13,0.6708483099937439,0.42650121450424194,-0.14991354942321777,0.9921987056732178,644,230
55,1833,14,0.6774171590805054,0.4265148639678955,0.14428479969501495,0.08363834768533707,650,230
55,1833,15,0.620112419128418,0.44870632886886597,-0.1247449442744255,0.9691557884216309,595,242
55,1833,16,0.6770495176315308,0.49430394172668457,0.10474563390016556,0.23899976909160614,649,266
55,1833,17,0.6048328876495361,0.46063321828842163,-0.1420842856168747,0.9473351240158081,580,248
55,1833,18,0.6776062846183777,0.517849862575531,0.10100872814655304,0.2536580264568329,650,279
55,1833,19,0.601520836353302,0.4520258605480194,-0.13004882633686066,0.9425956010818481,577,244
55,1833,20,0.6760563254356384,0.5186389088630676,0.0853298157453537,0.25740495324134827,649,280
55,1833,21,0.6071645617485046,0.4484495520591736,-0.11664500832557678,0.8907156586647034,582,242
55,1833,22,0.6759432554244995,0.5098797082901001,0.09642337262630463,0.25188353657722473,648,275
55,1833,23,0.6820834875106812,0.5113687515258789,-0.06943152099847794,0.9999582767486572,654,276
55,1833,24,0.6625167727470398,0.5080714821815491,0.0694262906908989,0.9999275803565979,636,274
55,1833,25,0.7061529159545898,0.6299802660942078,-0.08245064318180084,0.9370191097259521,677,340
55,1833,26,0.6200926303863525,0.6170850396156311,0.03576000779867172,0.6435699462890625,595,333
55,1833,27,0.749718964099884,0.7346752285957336,-0.010088041424751282,0.9396622776985168,719,396
55,1833,28,0.606158435344696,0.7481702566146851,0.06516260653734207,0.8006966710090637,581,404
55,1833,29,0.7619451880455017,0.7409825921058655,-0.007059854920953512,0.8107913732528687,731,400
55,1833,30,0.6080595850944519,0.7782753705978394,0.0655868723988533,0.796441376209259,583,420
55,1833,31,0.7398970723152161,0.7950586080551147,-0.0706409141421318,0.9262278079986572,710,429
55,1833,32,0.5708872675895691,0.7445735335350037,0.008487025275826454,0.8373422622680664,548,402
56,1866,0,0.6421118974685669,0.27660471200942993,-0.006856532301753759,0.9987396597862244,616,149
56,1866,1,0.6431158781051636,0.2659653127193451,-0.02105100266635418,0.9983310103416443,617,143
56,1866,2,0.643047034740448,0.2659142315387726,-0.021224888041615486,0.9984530806541443,617,143
56,1866,3,0.6428312063217163,0.2658807039260864,-0.021254580467939377,0.9989334344863892,617,143
56,1866,4,0.6440052390098572,0.2659855782985687,-6.98319636285305e-05,0.9979516863822937,618,143
56,1866,5,0.6447044014930725,0.26601436734199524,-0.00025756945251487195,0.9981168508529663,618,143
56,1866,6,0.6452169418334961,0.2659600079059601,-0.00033359078224748373,0.9984801411628723,619,143
56,1866,7,0.6463794112205505,0.271164208650589,-0.055618368089199066,0.9995875954627991,620,146
56,1866,8,0.6506913900375366,0.27163591980934143,0.03964661434292793,0.996882975101471,624,146
56,1866,9,0.6436463594436646,0.2861386835575104,-0.015444464050233364,0.9989418983459473,617,154
56,1866,10,0.6440252661705017,0.2864484190940857,0.010774205438792706,0.9978430867195129,618,154
56,1866,11,0.6619940996170044,0.33248046040534973,-0.12204601615667343,0.9999865293502808,635,179
56,1866,12,0.6560088396072388,0.33276301622390747,0.12026553601026535,0.9995355606079102,629,179
56,1866,13,0.6598719358444214,0.42686790227890015,-0.1586376130580902,0.992424488067627,633,230
56,1866,14,0.6621640920639038,0.4304521679878235,0.1421796977519989,0.07577666640281677,635,232
56,1866,15,0.607422411441803,0.45045849680900574,-0.14769066870212555,0.9675037264823914,583,243
56,1866,16,0.6625557541847229,0.5021800398826599,0.10183747112751007,0.2155098170042038,636,271
56,1866,17,0.5928950905799866,0.46185168623924255,-0.16753257811069489,0.9440513849258423,569,249
56,1866,18,0.6664041876792908,0.5301985144615173,0.09918954968452454,0.22900542616844177,639,286
56,1866,19,0.5893386006355286,0.4546838402748108,-0.15305452048778534,0.938326358795166,565,245
56,1866,20,0.6624193787574768,0.53083336353302,0.08372416347265244,0.23238472640514374,635,286
56,1866,21,0.5950794219970703,0.45117291808128357,-0.13954609632492065,0.8805348873138428,571,243
56,1866,22,0.6624508500099182,0.5210631489753723,0.09295733273029327,0.22751757502555847,635,281
56,1866,23,0.6670293807983398,0.513252317905426,-0.06926184147596359,0.9999620318412781,640,277
56,1866,24,0.6499989032745361,0.5106345415115356,0.06924322992563248,0.9999338984489441,623,275
56,1866,25,0.6821454763412476,0.6431229710578918,-0.09729394316673279,0.941758930683136,654,347
56,1866,26,0.617438018321991,0.6262283325195312,0.05176350846886635,0.6525890827178955,592,338
56,1866,27,0.7400147318840027,0.7258713245391846,-0.00931230653077364,0.9398615956306458,710,391
56,1866,28,0.6043616533279419,0.7581285834312439,0.08830960094928741,0.8125514984130859,580,409
56,1866,29,0.7531222105026245,0.7219416499137878,-0.004426670726388693,0.8013875484466553,722,389
56,1866,30,0.6079159379005432,0.7851724028587341,0.08923479169607162,0.8035492300987244,583,423
56,1866,31,0.7365639805793762,0.7924818992614746,-0.0575258694589138,0.9243332743644714,707,427
56,1866,32,0.56526780128479,0.7669192552566528,0.04195757210254669,0.8449802398681641,542,414
57,1900,0,0.637452244758606,0.2779242992401123,-0.026408633217215538,0.9988115429878235,611,150
57,1900,1,0.6402757167816162,0.2670948803424835,-0.03749594837427139,0.9984297156333923,614,144
57,1900,2,0.6407451033592224,0.2669762670993805,-0.03766433149576187,0.9985446333885193,615,144
57,1900,3,0.6410757303237915,0.2668192684650421,-0.03767966851592064,0.9989948272705078,615,144
57,1900,4,0.6402231454849243,0.26709669828414917,-0.01688237115740776,0.9980704188346863,614,144
57,1900,5,0.6406472325325012,0.26707273721694946,-0.017085548490285873,0.9982247352600098,615,144
57,1900,6,0.6409676671028137,0.26690229773521423,-0.017170336097478867,0.9985637068748474,615,144
57,1900,7,0.6462727785110474,0.2719053328037262,-0.057048093527555466,0.9996112585067749,620,146
57,1900,8,0.6465749144554138,0.272096186876297,0.03876401484012604,0.9970335960388184,620,146
57,1900,9,0.6412063837051392,0.2875741720199585,-0.028941290453076363,0.9989941120147705,615,155
57,1900,10,0.6397598385810852,0.2878674566745758,-0.003283511847257614,0.9979495406150818,614,155
57,1900,11,0.6603285074234009,0.33265089988708496,-0.11788792908191681,0.9999873042106628,633,179
57,1900,12,0.6504516005516052,0.33651962876319885,0.11966578662395477,0.9995540380477905,624,181
57,1900,13,0.6560242176055908,0.4289741516113281,-0.14999081194400787,0.9930107593536377,629,231
57,1900,14,0.6598851680755615,0.43372246623039246,0.1471167653799057,0.06938347965478897,633,234
57,1900,15,0.6053323745727539,0.45155152678489685,-0.14653195440769196,0.9694932699203491,581,243
57,1900,16,0.660651445388794,0.5066250562667847,0.09985306859016418,0.19499747455120087,634,273
57,1900,17,0.5914438366889954,0.4634712338447571,-0.15886299312114716,0.9469115734100342,567,250
57,1900,18,0.6625251173973083,0.5332755446434021,0.09643915295600891,0.20782771706581116,636,287
57,1900,19,0.5876665711402893,0.45603159070014954,-0.15050967037677765,0.9413301944732666,564,246
57,1900,20,0.6567301154136658,0.5331137776374817,0.08065681159496307,0.21087299287319183,630,287
57,1900,21,0.5935065150260925,0.45233583450317383,-0.13577322661876678,0.8849999308586121,569,244
57,1900,22,0.6586577892303467,0.5240647196769714,0.09067361056804657,0.2066955715417862,632,282
57,1900,23,0.6665456295013428,0.5147066116333008,-0.06909956783056259,0.9999655485153198,639,277
57,1900,24,0.6481504440307617,0.5123334527015686,0.06907881051301956,0.9999399781227112,622,276
57,1900,25,0.6804057955741882,0.6475879549980164,-0.1047673374414444,0.9472954869270325,653,349
57,1900,26,0.6102620363235474,0.6276113390922546,0.051133621484041214,0.6800004243850708,585,338
57,1900,27,0.7370898127555847,0.7232480645179749,-0.006851919926702976,0.9444377422332764,707,390
57,1900,28,0.6001439690589905,0.7592400908470154,0.09271840006113052,0.8291119337081909,576,409
57,1900,29,0.7500588297843933,0.717816948890686,-0.001890414161607623,0.8109604716300964,720,387
57,1900,30,0.6041266322135925,0.7867355942726135,0.09428098797798157,0.8180782794952393,579,424
57,1900,31,0.7358423471450806,0.7910172343254089,-0.04938569292426109,0.9295966625213623,706,427
57,1900,32,0.5656144618988037,0.7716353535652161,0.043418191373348236,0.8581380248069763,542,416
58,1933,0,0.6261482834815979,0.27806204557418823,-0.006724207196384668,0.9987969994544983,601,150
58,1933,1,0.6260821223258972,0.2672944962978363,-0.023366296663880348,0.998511552810669,601,144
58,1933,2,0.6254259943962097,0.2672329545021057,-0.023510891944169998,0.9986351728439331,600,144
58,1933,3,0.6246339082717896,0.2671270966529846,-0.023487823083996773,0.9990519285202026,599,144
58,1933,4,0.62901371717453,0.2672954499721527,-0.006936025805771351,0.998173713684082,603,144
58,1933,5,0.6305601000785828,0.2672949433326721,-0.007112319581210613,0.9983294010162354,605,144
58,1933,6,0.6320593357086182,0.2671554684638977,-0.007156683597713709,0.998624324798584,606,144
58,1933,7,0.6268735527992249,0.2724500298500061,-0.06301570683717728,0.9996373653411865,601,147
58,1933,8,0.6383948922157288,0.27243682742118835,0.011882910504937172,0.9972009062767029,612,147
58,1933,9,0.6269485950469971,0.2880019247531891,-0.018477220088243484,0.9990280866622925,601,155
58,1933,10,0.6291066408157349,0.2882615923881531,0.0017727240920066833,0.9979943037033081,603,155
58,1933,11,0.6417225003242493,0.3327317237854004,-0.11873042583465576,0.9999874830245972,616,179
58,1933,12,0.6484757661819458,0.3363491892814636,0.07266673445701599,0.9995068311691284,622,181
58,1933,13,0.6468731760978699,0.4291645288467407,-0.15618787705898285,0.9934455156326294,620,231
58,1933,14,0.647894561290741,0.4335235059261322,0.09932548552751541,0.06393182277679443,621,234
58,1933,15,0.5946968793869019,0.4536587595939636,-0.1560559868812561,0.9720398783683777,570,244
58,1933,16,0.6393548846244812,0.4909067749977112,0.08059860020875931,0.17877323925495148,613,265
58,1933,17,0.5800496935844421,0.46639201045036316,-0.17018994688987732,0.9515812397003174,556,251
58,1933,18,0.6406189799308777,0.5153656005859375,0.0797436460852623,0.19311341643333435,614,278
58,1933,19,0.5770187973976135,0.45871028304100037,-0.16028478741645813,0.9465365409851074,553,247
58,1933,20,0.6366143822669983,0.5132837891578674,0.06609249860048294,0.19590365886688232,611,277
58,1933,21,0.5828372240066528,0.4545901119709015,-0.1491173356771469,0.8951960206031799,559,245
58,1933,22,0.636330783367157,0.5080628991127014,0.07321380823850632,0.19235855340957642,610,274
58,1933,23,0.6319313049316406,0.5214458107948303,-0.060193996876478195,0.9999687671661377,606,281
58,1933,24,0.6498323678970337,0.52268385887146,0.06013994663953781,0.9999452233314514,623,282
58,1933,25,0.6014110445976257,0.6446096301078796,0.021310955286026,0.9520640969276428,577,348
58,1933,26,0.6331333518028259,0.6366280913352966,0.05155905708670616,0.7112874984741211,607,343
58,1933,27,0.6000988483428955,0.751067578792572,0.06347642838954926,0.9499068260192871,576,405
58,1933,28,0.7052162289619446,0.7187014222145081,0.07001909613609314,0.8459995985031128,677,388
58,1933,29,0.6048058867454529,0.7730293273925781,0.0652923434972763,0.8295249342918396,580,417
58,1933,30,0.7195966243743896,0.7147644758224487,0.07181014865636826,0.836077868938446,690,385
58,1933,31,0.5686466693878174,0.7823919057846069,0.02485702559351921,0.9364038705825806,545,422
58,1933,32,0.7099294066429138,0.7695780992507935,0.04113398492336273,0.8719715476036072,681,415
59,1966,0,0.6262084245681763,0.2786957025527954,0.018299410119652748,0.998855471611023,601,150
59,1966,1,0.6250477433204651,0.2679109573364258,0.0003044585755560547,0.9986249804496765,600,144
59,1966,2,0.6238775253295898,0.26783671975135803,0.00019004195928573608,0.9987455010414124,598,144
59,1966,3,0.6227059960365295,0.2677271068096161,0.0002224432391813025,0.9991247653961182,597,144
59,1966,4,0.6294408440589905,0.26794296503067017,0.015388363040983677,0.9983177781105042,604,144
59,1966,5,0.63124680519104,0.2678821086883545,0.015220031142234802,0.9984669089317322,605,144
59,1966,6,0.6332630515098572,0.2676652669906616,0.015170312486588955,0.9987277984619141,607,144
59,1966,7,0.624855101108551,0.2731921076774597,-0.056533392518758774,0.9996684789657593,599,147
59,1966,8,0.6382258534431458,0.27243611216545105,0.014857898466289043,0.9974430799484253,612,147
59,1966,9,0.6258308291435242,0.2885969579219818,0.002561700763180852,0.9991030097007751,600,155
59,1966,10,0.6301475167274475,0.2890939712524414,0.020739145576953888,0.9981435537338257,604,156
59,1966,11,0.63693767786026,0.33254924416542053,-0.11585799604654312,0.9999881386756897,611,179
59,1966,12,0.6526088118553162,0.3363701403141022,0.06470488756895065,0.9995146989822388,626,181
59,1966,13,0.6444627046585083,0.42925354838371277,-0.15429288148880005,0.9940541982650757,618,231
59,1966,14,0.6537918448448181,0.4333462715148926,0.09258697181940079,0.07314819097518921,627,234
59,1966,15,0.5924380421638489,0.45421430468559265,-0.1524985283613205,0.9745333790779114,568,245
59,1966,16,0.6403853893280029,0.48455703258514404,0.08278469741344452,0.1638249009847641,614,261
59,1966,17,0.578184962272644,0.4669519364833832,-0.16471658647060394,0.9559583067893982,555,252
59,1966,18,0.6387316584587097,0.50803142786026,0.08777758479118347,0.17791229486465454,613,274
59,1966,19,0.5754398107528687,0.45918551087379456,-0.15448731184005737,0.951396644115448,552,247
59,1966,20,0.6356913447380066,0.5034579634666443,0.07667898386716843,0.18029406666755676,610,271
59,1966,21,0.5807660222053528,0.45514175295829773,-0.14576265215873718,0.9046897888183594,557,245
59,1966,22,0.6359981298446655,0.4980277717113495,0.07848691940307617,0.1775446981191635,610,268
59,1966,23,0.6294066309928894,0.5224900245666504,-0.056115999817848206,0.9999715685844421,604,282
59,1966,24,0.6497808694839478,0.5257663130760193,0.05605731159448624,0.9999496340751648,623,283
59,1966,25,0.5960001349449158,0.6416184306144714,0.02598913386464119,0.9567011594772339,572,346
59,1966,26,0.6400308012962341,0.6394991278648376,0.03798520192503929,0.7398736476898193,614,345
59,1966,27,0.5962391495704651,0.7580986022949219,0.04492373391985893,0.9548938870429993,572,409
59,1966,28,0.7110356688499451,0.7130709886550903,0.020642440766096115,0.8613015413284302,682,385
59,1966,29,0.6020402908325195,0.7835437655448914,0.045328568667173386,0.8464974164962769,577,423
59,1966,30,0.7258472442626953,0.7072008848190308,0.019494835287332535,0.85239577293396,696,381
59,1966,31,0.5603590607643127,0.7802023887634277,0.005050093866884708,0.942690908908844,537,421
59,1966,32,0.7155166268348694,0.7685011625289917,-0.003968386445194483,0.884584903717041,686,414
60,2000,0,0.6117355823516846,0.2779180705547333,0.011572008952498436,0.998680055141449,587,150
60,2000,1,0.6130589246749878,0.26728084683418274,-0.009133794344961643,0.9985796213150024,588,144
60,2000,2,0.61293625831604,0.26712924242019653,-0.00924540776759386,0.9987236261367798,588,144
60,2000,3,0.6126371026039124,0.2669600546360016,-0.009203338995575905,0.9991014003753662,588,144
60,2000,4,0.6147003769874573,0.26740121841430664,0.00620229123160243,0.9982820749282837,590,144
60,2000,5,0.6155765652656555,0.26734623312950134,0.006030777003616095,0.9984482526779175,590,144
60,2000,6,0.6163845062255859,0.2671354413032532,0.005951432511210442,0.9986864924430847,591,144
60,2000,7,0.6152709722518921,0.2723640203475952,-0.0647650882601738,0.9996665716171265,590,147
60,2000,8,0.6220406293869019,0.27182185649871826,0.012986370362341404,0.9974604845046997,597,146
60,2000,9,0.6127653121948242,0.28816550970077515,-0.007138324435800314,0.9990145564079285,588,155
60,2000,10,0.6137648224830627,0.28863441944122314,0.011704628355801105,0.9979508519172668,589,155
60,2000,11,0.6310625672340393,0.3306756019592285,-0.11994680762290955,0.9999867677688599,605,178
60,2000,12,0.6369215250015259,0.33625689148902893,0.07479118555784225,0.9993062019348145,611,181
60,2000,13,0.636895477771759,0.42805391550064087,-0.15757505595684052,0.9942823052406311,611,231
60,2000,14,0.6369225382804871,0.4341573715209961,0.10189545899629593,0.06689272820949554,611,234
60,2000,15,0.5856267213821411,0.46132397651672363,-0.1485852748155594,0.9762192964553833,562,249
60,2000,16,0.6258175373077393,0.4920329451560974,0.08299130946397781,0.1503092348575592,600,265
60,2000,17,0.5718456506729126,0.4776994585990906,-0.16127000749111176,0.9591177105903625,548,257
60,2000,18,0.6236435174942017,0.510240912437439,0.08572123199701309,0.16528411209583282,598,275
60,2000,19,0.5692622065544128,0.46905025839805603,-0.15176789462566376,0.954954981803894,546,253
60,2000,20,0.6228212714195251,0.5092015862464905,0.07334791123867035,0.16744926571846008,597,274
60,2000,21,0.5739743709564209,0.46267351508140564,-0.14217981696128845,0.9116556644439697,551,249
60,2000,22,0.6227273344993591,0.5075968503952026,0.07690832018852234,0.16521766781806946,597,274
60,2000,23,0.62241530418396,0.5219429135322571,-0.057232458144426346,0.999973714351654,597,281
60,2000,24,0.6386202573776245,0.5243120193481445,0.057173874229192734,0.9999524354934692,613,283
60,2000,25,0.5923748016357422,0.6327913403511047,-7.690514030400664e-05,0.9601182341575623,568,341
60,2000,26,0.6297600269317627,0.6396496295928955,0.04028945416212082,0.7591556906700134,604,345
60,2000,27,0.5959473252296448,0.7595784068107605,0.033812593668699265,0.9592754244804382,572,410
60,2000,28,0.6905567646026611,0.7112932801246643,0.04238985851407051,0.873020589351654,662,384
60,2000,29,0.6037616729736328,0.7854540348052979,0.041188351809978485,0.8613248467445374,579,424
60,2000,30,0.7050166726112366,0.7050390839576721,0.042336754500865936,0.865776002407074,676,380
60,2000,31,0.5624145269393921,0.7805263996124268,-0.0030896563548594713,0.9481396079063416,539,421
60,2000,32,0.6883896589279175,0.7677105665206909,0.01000173855572939,0.8939530849456787,660,414
61,2033,0,0.6070513129234314,0.2776676118373871,-0.02743031270802021,0.998622477054596,582,149
61,2033,1,0.609323263168335,0.26681360602378845,-0.043155789375305176,0.9986105561256409,584,144
61,2033,2,0.6094508767127991,0.2666729688644409,-0.043299753218889236,0.9987738132476807,585,144
61,2033,3,0.609322190284729,0.266491174697876,-0.04327234998345375,0.9991276860237122,584,143
61,2033,4,0.6110201478004456,0.2667546570301056,-0.02317667193710804,0.9983170032501221,586,144
61,2033,5,0.6120240092277527,0.2666310966014862,-0.023353243246674538,0.9984928965568542,587,143
61,2033,6,0.6128895282745361,0.26631540060043335,-0.023429881781339645,0.9986904263496399,588,143
61,2033,7,0.6140870451927185,0.2717183828353882,-0.08386917412281036,0.9996821284294128,589,146
61,2033,8,0.6186885833740234,0.2710300385951996,0.006165521219372749,0.9975188970565796,593,146
61,2033,9,0.6092807650566101,0.28814002871513367,-0.03774888068437576,0.9990081787109375,584,155
61,2033,10,0.6103135943412781,0.2885172367095947,-0.013195798732340336,0.99790358543396,585,155
61,2033,11,0.630698025226593,0.329845666885376,-0.13903838396072388,0.9999866485595703,605,178
61,2033,12,0.6308087110519409,0.3362559974193573,0.08051607012748718,0.9992108345031738,605,181
61,2033,13,0.6345206499099731,0.42793333530426025,-0.17977163195610046,0.9947429299354553,609,231
61,2033,14,0.6299704909324646,0.4356663227081299,0.10646508634090424,0.06174509599804878,604,235
61,2033,15,0.5831694006919861,0.46326959133148193,-0.17210762202739716,0.9783499836921692,559,250
61,2033,16,0.618753969669342,0.49856069684028625,0.08363323658704758,0.13853687047958374,594,269
61,2033,17,0.5695803165435791,0.48066282272338867,-0.18824394047260284,0.9628139734268188,546,259
61,2033,18,0.6177293658256531,0.5205081105232239,0.08480259031057358,0.15465617179870605,593,281
61,2033,19,0.5670080184936523,0.47273683547973633,-0.17817562818527222,0.9590541124343872,544,255
61,2033,20,0.6132650375366211,0.5179110169410706,0.06975725293159485,0.15675517916679382,588,279
61,2033,21,0.5721455812454224,0.4660879969596863,-0.16556647419929504,0.9196719527244568,549,251
61,2033,22,0.6132100820541382,0.5159607529640198,0.07622068375349045,0.15538650751113892,588,278
61,2033,23,0.6200567483901978,0.5216196775436401,-0.06292207539081573,0.9999759793281555,595,281
61,2033,24,0.633111834526062,0.5233827233314514,0.06288880109786987,0.9999560117721558,607,282
61,2033,25,0.5904825329780579,0.6299340128898621,-0.0073675052262842655,0.9638616442680359,566,340
61,2033,26,0.6289321780204773,0.6420962810516357,0.04593261703848839,0.7824971079826355,603,346
61,2033,27,0.5943686962127686,0.759380578994751,0.048466138541698456,0.9632903933525085,570,410
61,2033,28,0.6880658268928528,0.7104131579399109,0.06566863507032394,0.885513961315155,660,383
61,2033,29,0.6021339893341064,0.7826800346374512,0.05231761559844017,0.8749078512191772,578,422
61,2033,30,0.7029038071632385,0.7051417231559753,0.06826935708522797,0.8789979815483093,674,380
61,2033,31,0.5614105463027954,0.7805975675582886,0.004652062430977821,0.9531934857368469,538,421
61,2033,32,0.6871122717857361,0.7691816091537476,0.03860403969883919,0.9042842388153076,659,415
62,2066,0,0.5942465662956238,0.2746977210044861,-0.07369200885295868,0.9986519813537598,570,148
62,2066,1,0.5973795056343079,0.26312029361724854,-0.08577974140644073,0.9986178278923035,573,142
62,2066,2,0.5983668565750122,0.2628369629383087,-0.08593413233757019,0.9987818598747253,574,141
62,2066,3,0.5991578698158264,0.2625579535961151,-0.08593226224184036,0.9991346001625061,575,141
62,2066,4,0.5959495902061462,0.2638567388057709,-0.06360577046871185,0.9982994794845581,572,142
62,2066,5,0.595943033695221,0.2638823688030243,-0.06378831714391708,0.9984548687934875,572,142
62,2066,6,0.5959340929985046,0.2637470066547394,-0.06387298554182053,0.9986513257026672,572,142
62,2066,7,0.6052000522613525,0.26698583364486694,-0.107778400182724,0.9996720552444458,580,144
62,2066,8,0.6011978387832642,0.2678127884864807,-0.007357434835284948,0.9972883462905884,577,144
62,2066,9,0.5976116061210632,0.2846218943595886,-0.0770999938249588,0.9989606142044067,573,153
62,2066,10,0.5957727432250977,0.2849816679954529,-0.04939498007297516,0.9977561831474304,571,153
62,2066,11,0.6210991144180298,0.32492372393608093,-0.15761706233024597,0.9999865293502808,596,175
62,2066,12,0.6121317744255066,0.3307194411754608,0.0832860916852951,0.9991884231567383,587,178
62,2066,13,0.624154806137085,0.4238862991333008,-0.18660695850849152,0.9945418238639832,599,228
62,2066,14,0.6149186491966248,0.43312516808509827,0.10966207087039948,0.05595287308096886,590,233
62,2066,15,0.5784813165664673,0.47320130467414856,-0.16515129804611206,0.9743670225143433,555,255
62,2066,16,0.6096294522285461,0.5008005499839783,0.06094016134738922,0.12514249980449677,585,270
62,2066,17,0.5668277144432068,0.49410486221313477,-0.18229636549949646,0.9559201002120972,544,266
62,2066,18,0.6068536639213562,0.5219279527664185,0.05710555985569954,0.14003640413284302,582,281
62,2066,19,0.5636117458343506,0.48823028802871704,-0.17470186948776245,0.9517830014228821,541,263
62,2066,20,0.6038750410079956,0.5201994180679321,0.038722313940525055,0.1419377624988556,579,280
62,2066,21,0.5680071115493774,0.4805944263935089,-0.15939278900623322,0.9059358835220337,545,259
62,2066,22,0.6035905480384827,0.5162984132766724,0.05038170516490936,0.14085549116134644,579,278
62,2066,23,0.6174222230911255,0.5028258562088013,-0.07280192524194717,0.999977171421051,592,271
62,2066,24,0.610395073890686,0.5043767690658569,0.0727740153670311,0.9999580383300781,585,272
62,2066,25,0.6046631336212158,0.6299184560775757,-0.07337259501218796,0.9655983448028564,580,340
62,2066,26,0.5934211611747742,0.6307725310325623,0.045951180160045624,0.7883813977241516,569,340
62,2066,27,0.6245677471160889,0.7207071781158447,0.020456183701753616,0.9641612768173218,599,389
62,2066,28,0.5983087420463562,0.7482929229736328,0.06614944338798523,0.8933417797088623,574,404
62,2066,29,0.610396146774292,0.724053144454956,0.028002522885799408,0.8694254159927368,585,390
62,2066,30,0.6067482233047485,0.7731341123580933,0.06815437227487564,0.8851293921470642,582,417
62,2066,31,0.6189185976982117,0.777819812297821,-0.012736542150378227,0.9532867670059204,594,420
62,2066,32,0.5647075176239014,0.776704728603363,0.031090252101421356,0.9102280735969543,542,419
63,2100,0,0.5905361175537109,0.2733854651451111,-0.05578188970685005,0.9987168908119202,566,147
63,2100,1,0.5934103727340698,0.2615235447883606,-0.0678161010146141,0.9986658692359924,569,141
63,2100,2,0.5940185189247131,0.2612719237804413,-0.06795608252286911,0.9988238215446472,570,141
63,2100,3,0.5943349003791809,0.26102474331855774,-0.06794880330562592,0.9991585612297058,570,140
63,2100,4,0.5936667919158936,0.26197513937950134,-0.047140251845121384,0.9983527660369873,569,141
63,2100,5,0.5942800641059875,0.2619590759277344,-0.04731694236397743,0.9984971284866333,570,141
63,2100,6,0.5946778655052185,0.26185548305511475,-0.047392118722200394,0.9986841678619385,570,141
63,2100,7,0.6017828583717346,0.2647763788700104,-0.09258794039487839,0.9996785521507263,577,142
63,2100,8,0.6015046834945679,0.2656953036785126,0.001079745008610189,0.9973243474960327,577,143
63,2100,9,0.5947076678276062,0.2834755778312683,-0.059832390397787094,0.9989457130432129,570,153
63,2100,10,0.5939313173294067,0.2838038504123688,-0.03409562632441521,0.9977101683616638,570,153
63,2100,11,0.6180611252784729,0.3229858875274658,-0.14408907294273376,0.9999866485595703,593,174
63,2100,12,0.6120132803916931,0.32889699935913086,0.0878228023648262,0.9991708397865295,587,177
63,2100,13,0.6238137483596802,0.42217013239860535,-0.176185742020607,0.9945915341377258,598,227
63,2100,14,0.6178861856460571,0.42577245831489563,0.1114785447716713,0.05066166818141937,593,229
63,2100,15,0.5792227387428284,0.4779187738895416,-0.16429732739925385,0.9723960757255554,556,258
63,2100,16,0.6068796515464783,0.5005649924278259,0.06313742697238922,0.11310276389122009,582,270
63,2100,17,0.5673503875732422,0.49786868691444397,-0.18041512370109558,0.9521874785423279,544,268
63,2100,18,0.6051517128944397,0.5206830501556396,0.05925075337290764,0.12698473036289215,580,281
63,2100,19,0.5630897879600525,0.4932602047920227,-0.1684468388557434,0.9478135108947754,540,266
63,2100,20,0.6001311540603638,0.5199394226074219,0.04272768273949623,0.12870225310325623,576,280
63,2100,21,0.5683275461196899,0.4854961931705475,-0.15715791285037994,0.8990238904953003,545,262
63,2100,22,0.6012954115867615,0.5149032473564148,0.053343091160058975,0.12784776091575623,577,278
63,2100,23,0.615759551525116,0.5012047290802002,-0.07172662764787674,0.9999775290489197,591,270
63,2100,24,0.6078911423683167,0.5012799501419067,0.07170828431844711,0.9999579191207886,583,270
63,2100,25,0.6064181923866272,0.6299490332603455,-0.06940849125385284,0.9672808051109314,582,340
63,2100,26,0.5874468088150024,0.6261796951293945,0.06606261432170868,0.7755617499351501,563,338
63,2100,27,0.6380249261856079,0.7148647308349609,0.020915044471621513,0.9637798070907593,612,386
63,2100,28,0.5920178294181824,0.7535082697868347,0.09284912049770355,0.892845630645752,568,406
63,2100,29,0.6253884434700012,0.7133010029792786,0.028527669608592987,0.867473304271698,600,385
63,2100,30,0.6013389229774475,0.782938539981842,0.0934181958436966,0.8829241394996643,577,422
63,2100,31,0.6378809213638306,0.7766097784042358,-0.008444011211395264,0.9522926211357117,612,419
63,2100,32,0.5573033094406128,0.7786590456962585,0.05711810290813446,0.9094752073287964,535,420
64,2133,0,0.5800498723983765,0.2693309485912323,-0.07880666106939316,0.9987668991088867,556,145
64,2133,1,0.5830386877059937,0.257106214761734,-0.08730313926935196,0.9987099766731262,559,138
64,2133,2,0.5840598940849304,0.256602019071579,-0.08746232837438583,0.9988645911216736,560,138
64,2133,3,0.5849374532699585,0.2561124861240387,-0.08746939152479172,0.9991909265518188,561,138
64,2133,4,0.5814382433891296,0.25777745246887207,-0.06605526804924011,0.9983878135681152,558,139
64,2133,5,0.5813273191452026,0.2577243745326996,-0.06623247265815735,0.9985100626945496,558,139
64,2133,6,0.5810244679450989,0.25756800174713135,-0.06631682813167572,0.998688817024231,557,139
64,2133,7,0.5921843647956848,0.26001888513565063,-0.09681682288646698,0.9996855854988098,568,140
64,2133,8,0.5864689946174622,0.2619296908378601,-0.0007603940321132541,0.9972094893455505,563,141
64,2133,9,0.5843580365180969,0.27983057498931885,-0.07790859043598175,0.9989479780197144,560,151
64,2133,10,0.5817340016365051,0.28028741478919983,-0.05145704001188278,0.9976617097854614,558,151
64,2133,11,0.6085092425346375,0.32041215896606445,-0.14309386909008026,0.9999864101409912,584,173
64,2133,12,0.5954734086990356,0.3254816234111786,0.09274740517139435,0.9991099238395691,571,175
64,2133,13,0.6110520958900452,0.4201129674911499,-0.17292489111423492,0.9944930076599121,586,226
64,2133,14,0.599592387676239,0.42367205023765564,0.11217634379863739,0.04591117426753044,575,228
64,2133,15,0.5751352310180664,0.4853147864341736,-0.16077035665512085,0.9699153304100037,552,262
64,2133,16,0.5872420072555542,0.4967193007469177,0.051228683441877365,0.10222505033016205,563,268
64,2133,17,0.5666473507881165,0.5075244307518005,-0.17902137339115143,0.9474849104881287,543,274
64,2133,18,0.5834601521492004,0.5144065022468567,0.04524711146950722,0.1151537224650383,560,277
64,2133,19,0.5611060261726379,0.5033085346221924,-0.1727626770734787,0.9432990550994873,538,271
64,2133,20,0.5804725289344788,0.5145559906959534,0.02647310495376587,0.11674284189939499,557,277
64,2133,21,0.5642359256744385,0.4950605630874634,-0.15578435361385345,0.8911869525909424,541,267
64,2133,22,0.5801163911819458,0.5072140693664551,0.040116894990205765,0.11608022451400757,556,273
64,2133,23,0.6084877252578735,0.4963354170322418,-0.0732702761888504,0.999976634979248,584,268
64,2133,24,0.5964457392692566,0.4972164034843445,0.0732429102063179,0.9999551773071289,572,268
64,2133,25,0.5873467326164246,0.6287716627120972,-0.07896972447633743,0.9670460224151611,563,339
64,2133,26,0.5836827158927917,0.6248078346252441,0.06421123445034027,0.7543161511421204,560,337
64,2133,27,0.6246522068977356,0.7197222113609314,0.019938373938202858,0.9607401490211487,599,388
64,2133,28,0.593450665473938,0.7543860077857971,0.10110817104578018,0.8873464465141296,569,407
64,2133,29,0.6333910226821899,0.7222983241081238,0.02816152386367321,0.8595607876777649,608,390
64,2133,30,0.6035167574882507,0.7805814146995544,0.10235674679279327,0.8752221465110779,579,421
64,2133,31,0.6211419701576233,0.7756547331809998,-0.012619548477232456,0.9490324258804321,596,418
64,2133,32,0.5612422823905945,0.7811532616615295,0.06066033989191055,0.9049407839775085,538,421
65,2166,0,0.5773847699165344,0.2680116593837738,-0.06531462073326111,0.9988545179367065,554,144
65,2166,1,0.5812318325042725,0.25531354546546936,-0.07361676543951035,0.9987988471984863,557,137
65,2166,2,0.5824308395385742,0.2550281882286072,-0.07376525551080704,0.9989423751831055,559,137
65,2166,3,0.583452045917511,0.25476381182670593,-0.07376578450202942,0.9992457032203674,560,137
65,2166,4,0.5796819925308228,0.2556062340736389,-0.05337648466229439,0.99849933385849,556,138
65,2166,5,0.579721987247467,0.2555413544178009,-0.05355776473879814,0.998609721660614,556,137
65,2166,6,0.579206645488739,0.2555887997150421,-0.05363548547029495,0.9987748861312866,556,138
65,2166,7,0.5909789204597473,0.25892868638038635,-0.08984395861625671,0.9997044205665588,567,139
65,2166,8,0.5853644013404846,0.2595449686050415,0.004901262931525707,0.9973586201667786,561,140
65,2166,9,0.5830832123756409,0.2786642909049988,-0.06499823182821274,0.9989988207817078,559,150
65,2166,10,0.579774796962738,0.27899977564811707,-0.03985513746738434,0.9977670311927795,556,150
65,2166,11,0.6062427163124084,0.31903931498527527,-0.13090364634990692,0.9999865889549255,581,172
65,2166,12,0.5930294394493103,0.325164794921875,0.10373307764530182,0.9991165995597839,569,175
65,2166,13,0.6121097207069397,0.41890618205070496,-0.15686412155628204,0.9945777058601379,587,226
65,2166,14,0.6019743084907532,0.41877424716949463,0.12420210242271423,0.04180523008108139,577,226
65,2166,15,0.5752984881401062,0.4863567650318146,-0.14678236842155457,0.968032717704773,552,262
65,2166,16,0.5902899503707886,0.4902617931365967,0.06028015539050102,0.09274347871541977,566,264
65,2166,17,0.5665498375892639,0.508097231388092,-0.16592082381248474,0.9437939524650574,543,274
65,2166,18,0.5887512564659119,0.5082826018333435,0.05579204857349396,0.10509353131055832,565,274
65,2166,19,0.5621204376220703,0.5031809210777283,-0.16240057349205017,0.9396228194236755,539,271
65,2166,20,0.5866268873214722,0.5100438594818115,0.038134243339300156,0.10655646026134491,563,275
65,2166,21,0.5652510523796082,0.49538710713386536,-0.1430186778306961,0.8855722546577454,542,267
65,2166,22,0.5877802968025208,0.50244140625,0.050130538642406464,0.10608753561973572,564,271
65,2166,23,0.6091129779815674,0.4922480285167694,-0.0726269781589508,0.9999770522117615,584,265
65,2166,24,0.5962827801704407,0.4930090010166168,0.072601318359375,0.9999555945396423,572,266
65,2166,25,0.5852807760238647,0.6273195743560791,-0.08653574436903,0.9689799547195435,561,338
65,2166,26,0.5823243260383606,0.6229634881019592,0.06266555935144424,0.7523511052131653,559,336
65,2166,27,0.6255336999893188,0.7217578291893005,0.011045565828680992,0.9608144760131836,600,389
65,2166,28,0.5937674045562744,0.756291389465332,0.09149286150932312,0.8887470364570618,570,408
65,2166,29,0.6351583003997803,0.7235403656959534,0.01910095289349556,0.8597651124000549,609,390
65,2166,30,0.6033527255058289,0.782474160194397,0.09266413748264313,0.8729943633079529,579,422
65,2166,31,0.6191757917404175,0.7757701277732849,-0.017937367781996727,0.9491594433784485,594,418
65,2166,32,0.5605809092521667,0.7818441390991211,0.05732246860861778,0.9055526852607727,538,422
66,2200,0,0.5621328353881836,0.2591765224933624,-0.0757080614566803,0.9989402294158936,539,139
66,2200,1,0.5655822157859802,0.2479643076658249,-0.08548090606927872,0.9988658428192139,542,133
66,2200,2,0.5665728449821472,0.24799007177352905,-0.08561002463102341,0.9989896416664124,543,133
66,2200,3,0.5674525499343872,0.247886061668396,-0.08557088673114777,0.9992766380310059,544,133
66,2200,4,0.5645381808280945,0.2480742335319519,-0.06564907729625702,0.9986110925674438,541,133
66,2200,5,0.5647440552711487,0.24823854863643646,-0.06582338362932205,0.9987133145332336,542,134
66,2200,6,0.5647242665290833,0.2482718527317047,-0.065894216299057,0.9988728761672974,542,134
66,2200,7,0.5746097564697266,0.25322234630584717,-0.10455571860074997,0.9997006058692932,551,136
66,2200,8,0.5710551142692566,0.253717303276062,-0.013889540918171406,0.9975712299346924,548,137
66,2200,9,0.5664952993392944,0.27133166790008545,-0.07850443571805954,0.999053955078125,543,146
66,2200,10,0.5644896030426025,0.2718460261821747,-0.05378896743059158,0.9979352355003357,541,146
66,2200,11,0.5910253524780273,0.3155367970466614,-0.145005464553833,0.9999849796295166,567,170
66,2200,12,0.5811206102371216,0.322427362203598,0.0725579708814621,0.999184250831604,557,174
66,2200,13,0.5972570776939392,0.41671061515808105,-0.17490771412849426,0.9929352402687073,573,225
66,2200,14,0.5676813125610352,0.41799500584602356,0.10936374217271805,0.04294990003108978,544,225
66,2200,15,0.5703698396682739,0.5003597736358643,-0.17184117436408997,0.964295506477356,547,270
66,2200,16,0.5350478291511536,0.484664648771286,0.06021694839000702,0.13955694437026978,513,261
66,2200,17,0.5651851296424866,0.5248361229896545,-0.19014106690883636,0.9376641511917114,542,283
66,2200,18,0.5278233885765076,0.5079765319824219,0.05531032010912895,0.15329523384571075,506,274
66,2200,19,0.559886634349823,0.5243167281150818,-0.19106809794902802,0.9340084195137024,537,283
66,2200,20,0.5277525186538696,0.5103264451026917,0.03420483320951462,0.15735197067260742,506,275
66,2200,21,0.5614977478981018,0.5143366456031799,-0.17066659033298492,0.878028392791748,539,277
66,2200,22,0.5320638418197632,0.5014069080352783,0.04896264895796776,0.15116408467292786,510,270
66,2200,23,0.5926128625869751,0.49327465891838074,-0.07207122445106506,0.999945342540741,568,266
66,2200,24,0.5880527496337891,0.49217817187309265,0.07204467803239822,0.9999174475669861,564,265
66,2200,25,0.5721283555030823,0.6231979131698608,-0.06522653251886368,0.9003450274467468,549,336
66,2200,26,0.5772069096565247,0.6181133985519409,0.08024178445339203,0.678087055683136,554,333
66,2200,27,0.5921140313148499,0.7434099316596985,-0.0010384774068370461,0.9010536074638367,568,401
66,2200,28,0.591812014579773,0.7545207738876343,0.12127473950386047,0.8026462197303772,568,407
66,2200,29,0.6027746200561523,0.768442690372467,0.0004779818409588188,0.8053633570671082,578,414
66,2200,30,0.6007887721061707,0.7767150402069092,0.1227879747748375,0.793992817401886,576,419
66,2200,31,0.5602708458900452,0.7800520062446594,-0.050701651722192764,0.8977628350257874,537,421
66,2200,32,0.5613550543785095,0.7804281711578369,0.08853106200695038,0.822709858417511,538,421
67,2233,0,0.5570380687713623,0.25686293840408325,-0.07103998959064484,0.9990132451057434,534,138
67,2233,1,0.5616136789321899,0.24590027332305908,-0.08227629214525223,0.9989280700683594,539,132
67,2233,2,0.562848687171936,0.24575433135032654,-0.08240799605846405,0.9990363717079163,540,132
67,2233,3,0.563772976398468,0.2454918771982193,-0.08236958086490631,0.9993090629577637,541,132
67,2233,4,0.5607233047485352,0.24619948863983154,-0.061706867069005966,0.998711347579956,538,132
67,2233,5,0.5613663196563721,0.24623483419418335,-0.06188638508319855,0.998806893825531,538,132
67,2233,6,0.5617803335189819,0.24609123170375824,-0.06196359917521477,0.9989613890647888,539,132
67,2233,7,0.5716533064842224,0.25078168511390686,-0.10610318928956985,0.9997045993804932,548,135
67,2233,8,0.5687740445137024,0.2506430745124817,-0.012388504110276699,0.9977651834487915,546,135
67,2233,9,0.5624686479568481,0.2689439356327057,-0.07575485855340958,0.999113142490387,539,145
67,2233,10,0.5604338049888611,0.2693977952003479,-0.050055131316185,0.9980947971343994,538,145
67,2233,11,0.5904317498207092,0.31368499994277954,-0.14807461202144623,0.9999843239784241,566,169
67,2233,12,0.5768672823905945,0.3229581117630005,0.07185680419206619,0.9992437958717346,553,174
67,2233,13,0.5962032079696655,0.41582930088043213,-0.17502929270267487,0.9919073581695557,572,224
67,2233,14,0.5655609369277954,0.4168959856033325,0.10800940543413162,0.042250409722328186,542,225
67,2233,15,0.57010418176651,0.5011284351348877,-0.16815142333507538,0.9605275988578796,547,270
67,2233,16,0.534538984298706,0.4796464741230011,0.05851152911782265,0.15372242033481598,513,259
67,2233,17,0.5653989315032959,0.5282296538352966,-0.18572373688220978,0.9312438368797302,542,285
67,2233,18,0.5263170599937439,0.5071589946746826,0.05313241854310036,0.1703736037015915,505,273
67,2233,19,0.559402346611023,0.5263246297836304,-0.1866336613893509,0.927794873714447,537,284
67,2233,20,0.5255728363990784,0.5087848901748657,0.031166566535830498,0.17617104947566986,504,274
67,2233,21,0.5611173510551453,0.5163018107414246,-0.16677625477313995,0.8695898056030273,538,278
67,2233,22,0.5300958752632141,0.497016966342926,0.0467042475938797,0.16723930835723877,508,268
67,2233,23,0.5925121307373047,0.4922011196613312,-0.07173437625169754,0.9999386072158813,568,265
67,2233,24,0.5851849913597107,0.49248990416526794,0.07170771807432175,0.999907910823822,561,265
67,2233,25,0.5726689100265503,0.6220102906227112,-0.060302961617708206,0.8715980052947998,549,335
67,2233,26,0.5736376643180847,0.6163715124130249,0.08090093731880188,0.6137059330940247,550,332
67,2233,27,0.5893000364303589,0.7499227523803711,-0.0023294389247894287,0.8802717328071594,565,404
67,2233,28,0.5906044244766235,0.7527349591255188,0.12373226135969162,0.7315146327018738,566,406
67,2233,29,0.599420428276062,0.7749585509300232,-0.0013267467729747295,0.7791367173194885,575,418
67,2233,30,0.599653959274292,0.7739923596382141,0.12530630826950073,0.732907235622406,575,417
67,2233,31,0.5572274923324585,0.7826191186904907,-0.057267073541879654,0.879927396774292,534,422
67,2233,32,0.5598441362380981,0.7796418070793152,0.08738252520561218,0.7608562111854553,537,421
68,2266,0,0.5509904026985168,0.257478803396225,-0.0944356918334961,0.9991063475608826,528,139
68,2266,1,0.5531390905380249,0.246405228972435,-0.10382812470197678,0.9990254640579224,531,133
68,2266,2,0.5536452531814575,0.2462231069803238,-0.10394494235515594,0.9991214275360107,531,132
68,2266,3,0.5539621710777283,0.24595415592193604,-0.10390105098485947,0.9993693828582764,531,132
68,2266,4,0.5532758235931396,0.24675987660884857,-0.08600504696369171,0.9988332986831665,531,133
68,2266,5,0.5537803769111633,0.24681377410888672,-0.08617515861988068,0.9989193081855774,531,133
68,2266,6,0.5540741682052612,0.2467355579137802,-0.08623351156711578,0.999060332775116,531,133
68,2266,7,0.5606424808502197,0.25063666701316833,-0.11597777158021927,0.9997271299362183,538,135
68,2266,8,0.5592079758644104,0.2513701021671295,-0.03443610295653343,0.9979780316352844,536,135
68,2266,9,0.5544405579566956,0.2686760425567627,-0.09463250637054443,0.9991942048072815,532,145
68,2266,10,0.5537429451942444,0.2692645192146301,-0.07248108834028244,0.9982755780220032,531,145
68,2266,11,0.5784191489219666,0.3113444447517395,-0.15154355764389038,0.9999850392341614,555,168
68,2266,12,0.5666609406471252,0.31936535239219666,0.05455552041530609,0.9993113279342651,543,172
68,2266,13,0.5851824283599854,0.4153999388217926,-0.17850418388843536,0.9920073747634888,561,224
68,2266,14,0.5543992519378662,0.4145016074180603,0.09602156281471252,0.0533260777592659,532,223
68,2266,15,0.5676122903823853,0.5071026086807251,-0.18384148180484772,0.9625263214111328,544,273
68,2266,16,0.5150013566017151,0.46878698468208313,0.051119767129421234,0.22064945101737976,494,253
68,2266,17,0.5635971426963806,0.5388593673706055,-0.2019014060497284,0.9343987107276917,541,290
68,2266,18,0.5062216520309448,0.4927521347999573,0.04582152143120766,0.23625285923480988,485,266
68,2266,19,0.5569114685058594,0.5377053022384644,-0.20606520771980286,0.9313793182373047,534,290
68,2266,20,0.5046982169151306,0.49431490898132324,0.02216448448598385,0.243213951587677,484,266
68,2266,21,0.558590292930603,0.528084933757782,-0.18400685489177704,0.8763068318367004,536,285
68,2266,22,0.5088200569152832,0.48608851432800293,0.03879077732563019,0.23184436559677124,488,262
68,2266,23,0.5805293917655945,0.4921017587184906,-0.06996247917413712,0.9999247193336487,557,265
68,2266,24,0.5716682076454163,0.4918712377548218,0.06992883235216141,0.9998923540115356,548,265
68,2266,25,0.5724993944168091,0.6161297559738159,-0.07717420160770416,0.8606337904930115,549,332
68,2266,26,0.5421736240386963,0.6170781850814819,0.047521814703941345,0.562317430973053,520,333
68,2266,27,0.5891034007072449,0.7634909152984619,-0.0459744818508625,0.8680080771446228,565,412
68,2266,28,0.5636741518974304,0.7676726579666138,0.07385741919279099,0.6735827922821045,541,414
68,2266,29,0.59870445728302,0.7771027088165283,-0.04653453081846237,0.7613609433174133,574,419
68,2266,30,0.5711250305175781,0.7780483961105347,0.07398025691509247,0.6828887462615967,548,420
68,2266,31,0.5562069416046143,0.7828876376152039,-0.10201271623373032,0.8703780174255371,533,422
68,2266,32,0.527532696723938,0.7820659875869751,0.03364457190036774,0.7127417325973511,506,422
69,2300,0,0.5497052669525146,0.2574426829814911,-0.09322308748960495,0.9991917610168457,527,139
69,2300,1,0.5519111752510071,0.24598684906959534,-0.10069409012794495,0.9991164207458496,529,132
69,2300,2,0.552178144454956,0.24577057361602783,-0.10081560909748077,0.999202311038971,530,132
69,2300,3,0.5523802638053894,0.2454873025417328,-0.10076365619897842,0.9994263648986816,530,132
69,2300,4,0.552357017993927,0.24604566395282745,-0.08381598442792892,0.9989454746246338,530,132
69,2300,5,0.5528180599212646,0.2459762841463089,-0.08398988097906113,0.9990231394767761,530,132
69,2300,6,0.5530858635902405,0.245716854929924,-0.08405245095491409,0.9991509318351746,530,132
69,2300,7,0.5582220554351807,0.25089603662490845,-0.10793723911046982,0.9997498393058777,535,135
69,2300,8,0.5585645437240601,0.25084128975868225,-0.029316337779164314,0.9981730580329895,536,135
69,2300,9,0.5534687638282776,0.2683297097682953,-0.09145775437355042,0.9992676973342896,531,144
69,2300,10,0.5526031851768494,0.2689822018146515,-0.07052362710237503,0.998439371585846,530,145
69,2300,11,0.5766562819480896,0.3114292025566101,-0.14826756715774536,0.9999855756759644,553,168
69,2300,12,0.5628921389579773,0.3199269473552704,0.05898907408118248,0.9993679523468018,540,172
69,2300,13,0.5836200714111328,0.41584423184394836,-0.1762276440858841,0.9920271039009094,560,224
69,2300,14,0.5517338514328003,0.4135584533214569,0.08971831202507019,0.059400808066129684,529,223
69,2300,15,0.565841019153595,0.512432336807251,-0.18749889731407166,0.9640631675720215,543,276
69,2300,16,0.5136882066726685,0.46420320868492126,0.03765661641955376,0.2682541310787201,493,250
69,2300,17,0.5631822347640991,0.5432794094085693,-0.20576713979244232,0.9372455477714539,540,293
69,2300,18,0.5048951506614685,0.48720088601112366,0.03154601529240608,0.285611629486084,484,263
69,2300,19,0.556800901889801,0.5441935062408447,-0.21006383001804352,0.9345513582229614,534,293
69,2300,20,0.5026137232780457,0.4869501292705536,0.00923557672649622,0.29363641142845154,482,262
69,2300,21,0.5577622652053833,0.5366180539131165,-0.18787218630313873,0.8821266889572144,535,289
69,2300,22,0.5073271989822388,0.47994327545166016,0.025641802698373795,0.27956581115722656,487,259
69,2300,23,0.581455647945404,0.4891779124736786,-0.06811081618070602,0.9999204874038696,558,264
69,2300,24,0.5681881308555603,0.4906829297542572,0.06808467954397202,0.9998865723609924,545,264
69,2300,25,0.5756204724311829,0.6147253513336182,-0.08178254961967468,0.8706902265548706,552,331
69,2300,26,0.5378082394599915,0.6166678071022034,0.03949937969446182,0.5435638427734375,516,333
69,2300,27,0.5930414795875549,0.758297860622406,-0.05919569730758667,0.8776853680610657,569,409
69,2300,28,0.5519993305206299,0.7629706263542175,0.057386744767427444,0.6679801940917969,529,412
69,2300,29,0.6027811169624329,0.7755817770957947,-0.060911551117897034,0.772418200969696,578,418
69,2300,30,0.5636361241340637,0.7781765460968018,0.056496698409318924,0.6769774556159973,541,420
69,2300,31,0.5615741610527039,0.7827935218811035,-0.12082651257514954,0.8797972202301025,539,422
69,2300,32,0.5164430737495422,0.7841915488243103,0.013390282168984413,0.716909646987915,495,423
70,2333,0,0.538945198059082,0.25593990087509155,-0.0635283961892128,0.9992706179618835,517,138
70,2333,1,0.5400477647781372,0.24485662579536438,-0.07445099204778671,0.999201774597168,518,132
70,2333,2,0.5399808287620544,0.2447385936975479,-0.07457020878791809,0.9992795586585999,518,132
70,2333,3,0.5397358536720276,0.24454396963119507,-0.07453528046607971,0.9994817972183228,518,132
70,2333,4,0.5415926575660706,0.2450137734413147,-0.05678699538111687,0.9990482330322266,519,132
70,2333,5,0.5425668358802795,0.24501769244670868,-0.05692621320486069,0.9991183876991272,520,132
70,2333,6,0.5434465408325195,0.2448396235704422,-0.056934431195259094,0.9992334842681885,521,132
70,2333,7,0.5445671677589417,0.2500535845756531,-0.10063589364290237,0.9997739791870117,522,135
70,2333,8,0.549246609210968,0.2506260871887207,-0.024238908663392067,0.9983512163162231,527,135
70,2333,9,0.5411823391914368,0.2670830190181732,-0.06905493140220642,0.9993388056755066,519,144
70,2333,10,0.5418333411216736,0.26768144965171814,-0.04723425582051277,0.998591423034668,520,144
70,2333,11,0.5620021820068359,0.31200018525123596,-0.1461043804883957,0.9999866485595703,539,168
70,2333,12,0.5547838807106018,0.3184986710548401,0.06991039961576462,0.9994150400161743,532,171
70,2333,13,0.5720706582069397,0.4158668518066406,-0.1734052300453186,0.9925397038459778,549,224
70,2333,14,0.5376572012901306,0.4107326865196228,0.09580197185277939,0.05868138000369072,516,221
70,2333,15,0.5649612545967102,0.5132556557655334,-0.17985709011554718,0.9670017957687378,542,277
70,2333,16,0.49611371755599976,0.4534684717655182,0.04745317995548248,0.27918192744255066,476,244
70,2333,17,0.5653037428855896,0.5419402122497559,-0.19745686650276184,0.9421936869621277,542,292
70,2333,18,0.48297372460365295,0.47202152013778687,0.04523594677448273,0.30149900913238525,463,254
70,2333,19,0.5585687160491943,0.5431883931159973,-0.1966078281402588,0.93974369764328,536,293
70,2333,20,0.4802796542644501,0.4711247682571411,0.02023385651409626,0.31077706813812256,461,254
70,2333,21,0.557930052280426,0.5353125333786011,-0.17719554901123047,0.8917228579521179,535,289
70,2333,22,0.4852573573589325,0.46652543544769287,0.033442508429288864,0.29739445447921753,465,251
70,2333,23,0.5584307312965393,0.4906853437423706,-0.06874029338359833,0.9999241828918457,536,264
70,2333,24,0.5647581219673157,0.4916015565395355,0.06869863718748093,0.9998893737792969,542,265
70,2333,25,0.5195298194885254,0.6159988045692444,-0.047473326325416565,0.8809526562690735,498,332
70,2333,26,0.558814287185669,0.6171892285346985,0.07400769740343094,0.536878764629364,536,333
70,2333,27,0.5135259032249451,0.7613034844398499,0.001216655015014112,0.8878194093704224,492,411
70,2333,28,0.5753476619720459,0.7604341506958008,0.10770425945520401,0.681240439414978,552,410
70,2333,29,0.5224101543426514,0.783765435218811,0.0019124682294204831,0.7902297973632812,501,423
70,2333,30,0.5839697122573853,0.7795378565788269,0.10868649929761887,0.6944325566291809,560,420
70,2333,31,0.4757819175720215,0.7827571630477905,-0.04215208813548088,0.8894655108451843,456,422
70,2333,32,0.5452069640159607,0.7833983898162842,0.07939028739929199,0.7327929139137268,523,423
71,2366,0,0.5343648195266724,0.25507423281669617,-0.07512246817350388,0.9993413686752319,512,137
71,2366,1,0.5380184054374695,0.24378317594528198,-0.08315622061491013,0.999278724193573,516,131
71,2366,2,0.538773775100708,0.2437092512845993,-0.08328846842050552,0.9993491172790527,517,131
71,2366,3,0.5393354296684265,0.24352125823497772,-0.08324030786752701,0.999531626701355,517,131
71,2366,4,0.5371389985084534,0.24403449892997742,-0.06486983597278595,0.9991408586502075,515,131
71,2366,5,0.5374084711074829,0.2441032975912094,-0.06503237783908844,0.9992042779922485,515,131
71,2366,6,0.5375210046768188,0.24396145343780518,-0.06507670134305954,0.9993078708648682,516,131
71,2366,7,0.5452717542648315,0.2493714541196823,-0.09933269768953323,0.9997954368591309,523,134
71,2366,8,0.54339599609375,0.24964983761310577,-0.018692350015044212,0.9985111951828003,521,134
71,2366,9,0.5388968586921692,0.26682016253471375,-0.0758836641907692,0.9994018077850342,517,144
71,2366,10,0.536852240562439,0.26723453402519226,-0.053153786808252335,0.9987265467643738,515,144
71,2366,11,0.5616658926010132,0.3124372363090515,-0.14024952054023743,0.9999872446060181,539,168
71,2366,12,0.5507968068122864,0.31905460357666016,0.07266094535589218,0.9994492530822754,528,172
71,2366,13,0.5734431743621826,0.4160706698894501,-0.16987542808055878,0.9929831624031067,550,224
71,2366,14,0.5359976291656494,0.40957435965538025,0.10017874091863632,0.0593855045735836,514,221
71,2366,15,0.5657114386558533,0.5153851509094238,-0.1777452826499939,0.9691475033760071,543,278
71,2366,16,0.4961300492286682,0.45271703600883484,0.05115675926208496,0.29051849246025085,476,244
71,2366,17,0.5666353106498718,0.5448307394981384,-0.19591690599918365,0.9457769989967346,543,294
71,2366,18,0.48455819487571716,0.4705444276332855,0.04806129261851311,0.3182210624217987,465,254
71,2366,19,0.5597595572471619,0.5460745692253113,-0.19872720539569855,0.9435758590698242,537,294
71,2366,20,0.48076561093330383,0.46864280104637146,0.025851288810372353,0.3285067677497864,461,253
71,2366,21,0.5582645535469055,0.5359562635421753,-0.1772788017988205,0.899231493473053,535,289
71,2366,22,0.4870423972606659,0.46311190724372864,0.038887929171323776,0.31636664271354675,467,250
71,2366,23,0.5578616857528687,0.4915938675403595,-0.0686936229467392,0.9999268054962158,535,265
71,2366,24,0.5607055425643921,0.49235042929649353,0.06864956021308899,0.999891459941864,538,265
71,2366,25,0.5173537731170654,0.6164441108703613,-0.039501287043094635,0.8915310502052307,496,332
71,2366,26,0.5673792958259583,0.6173190474510193,0.07359495013952255,0.5508595108985901,544,333
71,2366,27,0.5108088850975037,0.7613788843154907,0.0007687773322686553,0.898432731628418,490,411
71,2366,28,0.5839864611625671,0.7588715553283691,0.107388935983181,0.7031612992286682,560,409
71,2366,29,0.5187395811080933,0.7862222194671631,0.0011366750113666058,0.8094117641448975,497,424
71,2366,30,0.5920848846435547,0.7816762328147888,0.10822436213493347,0.7154985666275024,568,422
71,2366,31,0.47576525807380676,0.7826481461524963,-0.04866950586438179,0.8997703790664673,456,422
71,2366,32,0.5535954833030701,0.7834348678588867,0.07173927128314972,0.7529300451278687,531,423
72,2400,0,0.5249095559120178,0.2553890347480774,-0.07261441648006439,0.9994066953659058,503,137
72,2400,1,0.5258123874664307,0.244108185172081,-0.08200393617153168,0.9993501901626587,504,131
72,2400,2,0.5257955193519592,0.2440871298313141,-0.0821380466222763,0.999413788318634,504,131
72,2400,3,0.5256506204605103,0.2439456731081009,-0.08209304511547089,0.9995779991149902,504,131
72,2400,4,0.5270871520042419,0.24411241710186005,-0.06340069323778152,0.9992261528968811,506,131
72,2400,5,0.5278977155685425,0.2443489134311676,-0.06355893611907959,0.9992833733558655,506,131
72,2400,6,0.5285362601280212,0.2442556917667389,-0.06358972191810608,0.9993763566017151,507,131
72,2400,7,0.5301170945167542,0.24944068491458893,-0.10420985519886017,0.9998157620429993,508,134
72,2400,8,0.5345552563667297,0.24974662065505981,-0.020090246573090553,0.9986588954925537,513,134
72,2400,9,0.5271521806716919,0.26731717586517334,-0.07460909336805344,0.9994608759880066,506,144
72,2400,10,0.5274920463562012,0.267479807138443,-0.05147482827305794,0.9988523125648499,506,144
72,2400,11,0.5443660020828247,0.3130052387714386,-0.14640869200229645,0.999988317489624,522,169
72,2400,12,0.5406556725502014,0.3192562162876129,0.07155536860227585,0.9994953274726868,519,172
72,2400,13,0.561365008354187,0.41579362750053406,-0.18493881821632385,0.9936070442199707,538,224
72,2400,14,0.520704984664917,0.40742063522338867,0.09201689809560776,0.06192204728722572,499,220
72,2400,15,0.5611013174057007,0.5123611092567444,-0.19652587175369263,0.9720470309257507,538,276
72,2400,16,0.48012015223503113,0.44206473231315613,0.04086022824048996,0.312967985868454,460,238
72,2400,17,0.5652903914451599,0.5410169959068298,-0.2155093401670456,0.9508780837059021,542,292
72,2400,18,0.46624985337257385,0.4537859261035919,0.03715312480926514,0.34531620144844055,447,245
72,2400,19,0.5572389960289001,0.5421223640441895,-0.21804584562778473,0.9489022493362427,534,292
72,2400,20,0.4634203612804413,0.45156151056289673,0.015918616205453873,0.35705024003982544,444,243
72,2400,21,0.5546770095825195,0.5315802693367004,-0.1966506838798523,0.9088281393051147,532,287
72,2400,22,0.4678311049938202,0.4487338960170746,0.02880089543759823,0.34652355313301086,449,242
72,2400,23,0.5381945371627808,0.5063244104385376,-0.06921324878931046,0.9999321699142456,516,273
72,2400,24,0.5535967946052551,0.5074479579925537,0.06914584338665009,0.9998978972434998,531,274
72,2400,25,0.4996020495891571,0.6250557899475098,-0.004533943720161915,0.9021623730659485,479,337
72,2400,26,0.5698405504226685,0.6200934648513794,0.10475485026836395,0.5933690071105957,547,334
72,2400,27,0.4743594825267792,0.7593086957931519,0.049393363296985626,0.908470630645752,455,410
72,2400,28,0.5877082347869873,0.7583767175674438,0.1578427255153656,0.7325890064239502,564,409
72,2400,29,0.47755706310272217,0.7849820256233215,0.0503714345395565,0.8281750082969666,458,423
72,2400,30,0.5965196490287781,0.7802817821502686,0.1613282561302185,0.7437261939048767,572,421
72,2400,31,0.4419063329696655,0.7590811848640442,0.006037874612957239,0.9096057415008545,424,409
72,2400,32,0.5571959614753723,0.7828779816627502,0.13544388115406036,0.7773571610450745,534,422
73,2433,0,0.5209125876426697,0.2556147575378418,-0.060522858053445816,0.9994633793830872,500,138
73,2433,1,0.5229250192642212,0.24469514191150665,-0.0736243799328804,0.999411404132843,502,132
73,2433,2,0.5227771401405334,0.2448308914899826,-0.0737600177526474,0.9994699954986572,501,132
73,2433,3,0.5224965214729309,0.2448352426290512,-0.07370644062757492,0.9996176362037659,501,132
73,2433,4,0.5245540142059326,0.24436937272548676,-0.05467097461223602,0.9993004202842712,503,131
73,2433,5,0.5253816843032837,0.24452102184295654,-0.05482916906476021,0.9993529915809631,504,132
73,2433,6,0.5260463953018188,0.24433672428131104,-0.05484806373715401,0.9994359612464905,505,131
73,2433,7,0.526587724685669,0.2502728998661041,-0.10267391055822372,0.9998334050178528,505,135
73,2433,8,0.5313922166824341,0.24996431171894073,-0.0176257211714983,0.9987894296646118,510,134
73,2433,9,0.5237805247306824,0.26769065856933594,-0.06712136417627335,0.9995120763778687,502,144
73,2433,10,0.52474045753479,0.2676089406013489,-0.043505534529685974,0.99896240234375,503,144
73,2433,11,0.5418241620063782,0.31410571932792664,-0.14519886672496796,0.9999890923500061,520,169
73,2433,12,0.5372461676597595,0.3213355541229248,0.07129814475774765,0.9995347261428833,515,173
73,2433,13,0.5590949654579163,0.4150298535823822,-0.181071937084198,0.9941089153289795,536,224
73,2433,14,0.5147140622138977,0.4081019461154938,0.09237176924943924,0.06716696918010712,494,220
73,2433,15,0.5589047074317932,0.511169970035553,-0.18705646693706512,0.9745280742645264,536,276
73,2433,16,0.47330033779144287,0.44398069381713867,0.04162801429629326,0.3422583341598511,454,239
73,2433,17,0.5640472173690796,0.5391682386398315,-0.20531174540519714,0.9552809000015259,541,291
73,2433,18,0.46141690015792847,0.45517951250076294,0.037823185324668884,0.37674590945243835,442,245
73,2433,19,0.5548326373100281,0.5410706400871277,-0.20672975480556488,0.9535070061683655,532,292
73,2433,20,0.4585561156272888,0.4520638883113861,0.0169073399156332,0.38940879702568054,440,244
73,2433,21,0.5520065426826477,0.5322909355163574,-0.18654941022396088,0.917184591293335,529,287
73,2433,22,0.4632722735404968,0.4495176672935486,0.0297696515917778,0.3799743056297302,444,242
73,2433,23,0.5356146097183228,0.511345386505127,-0.06909467279911041,0.9999368786811829,514,276
73,2433,24,0.5520420670509338,0.5109206438064575,0.06902286410331726,0.9999041557312012,529,275
73,2433,25,0.49772632122039795,0.6260948777198792,0.0077461060136556625,0.9117097854614258,477,338
73,2433,26,0.5694717764854431,0.622431755065918,0.10349676758050919,0.631965160369873,546,336
73,2433,27,0.47341281175613403,0.7582958340644836,0.06615350395441055,0.917523980140686,454,409
73,2433,28,0.5894568562507629,0.7574465274810791,0.15510183572769165,0.7591079473495483,565,409
73,2433,29,0.4755652844905853,0.782525897026062,0.06748547405004501,0.8450424075126648,456,422
73,2433,30,0.598949670791626,0.7801322937011719,0.15844258666038513,0.7691238522529602,574,421
73,2433,31,0.4429543614387512,0.7545960545539856,0.02189968340098858,0.9184762835502625,425,407
73,2433,32,0.5584824681282043,0.7825087904930115,0.13019151985645294,0.7993746399879456,536,422
74,2466,0,0.505263090133667,0.25988340377807617,-0.060243066400289536,0.9995138049125671,485,140
74,2466,1,0.5073052048683167,0.24951833486557007,-0.07373671233654022,0.999465823173523,487,134
74,2466,2,0.5074115991592407,0.24964658915996552,-0.07387350499629974,0.9995207786560059,487,134
74,2466,3,0.5073087811470032,0.24964646995067596,-0.07382277399301529,0.9996534585952759,487,134
74,2466,4,0.5084683299064636,0.2494271993637085,-0.05473708361387253,0.9993657469749451,488,134
74,2466,5,0.5093729496002197,0.2493913471698761,-0.054893966764211655,0.9994148015975952,488,134
74,2466,6,0.5101540684700012,0.24908645451068878,-0.05491342768073082,0.9994874596595764,489,134
74,2466,7,0.5116068124771118,0.25455692410469055,-0.10850249975919724,0.9998495578765869,491,137
74,2466,8,0.517168402671814,0.25352177023887634,-0.021384216845035553,0.998904287815094,496,136
74,2466,9,0.5072221159934998,0.27138403058052063,-0.06717666238546371,0.9995587468147278,486,146
74,2466,10,0.5084001421928406,0.2713306248188019,-0.04354224354028702,0.999061107635498,488,146
74,2466,11,0.5307236909866333,0.32001373171806335,-0.15228810906410217,0.9999900460243225,509,172
74,2466,12,0.5239067673683167,0.3248215317726135,0.06456319242715836,0.9995649456977844,502,175
74,2466,13,0.5504590272903442,0.41937392950057983,-0.19307652115821838,0.9946698546409607,528,226
74,2466,14,0.5038673877716064,0.40699025988578796,0.0819779708981514,0.06834615021944046,483,219
74,2466,15,0.5541141033172607,0.5159471035003662,-0.21350666880607605,0.9770387411117554,531,278
74,2466,16,0.45989009737968445,0.43425866961479187,0.034431375563144684,0.35631459951400757,441,234
74,2466,17,0.5617334842681885,0.5413334965705872,-0.2349654734134674,0.9596883654594421,539,292
74,2466,18,0.44503849744796753,0.4433569312095642,0.02976417727768421,0.393143892288208,427,239
74,2466,19,0.5537130832672119,0.5453078746795654,-0.2389669269323349,0.9580948352813721,531,294
74,2466,20,0.4427061378955841,0.43877676129341125,0.008203133009374142,0.40771350264549255,424,236
74,2466,21,0.5497848391532898,0.5356237888336182,-0.2148258090019226,0.9253714084625244,527,289
74,2466,22,0.44831380248069763,0.4370786249637604,0.02198830246925354,0.40086832642555237,430,236
74,2466,23,0.5253493785858154,0.515209972858429,-0.06920459121465683,0.9999421834945679,504,278
74,2466,24,0.5400291085243225,0.5138859748840332,0.06912348419427872,0.9999107718467712,518,277
74,2466,25,0.4847307801246643,0.6273831725120544,0.0233358982950449,0.9203026294708252,465,338
74,2466,26,0.5653299689292908,0.625938355922699,0.1266644150018692,0.66765958070755,542,338
74,2466,27,0.45121490955352783,0.7554675340652466,0.0829710140824318,0.9256455898284912,433,407
74,2466,28,0.5898820757865906,0.7551136016845703,0.18021634221076965,0.7831059098243713,566,407
74,2466,29,0.4516964554786682,0.7807077765464783,0.08396152406930923,0.860204815864563,433,421
74,2466,30,0.6001850962638855,0.7781077027320862,0.18381671607494354,0.7921284437179565,576,420
74,2466,31,0.41775572299957275,0.7439432740211487,0.038993168622255325,0.9264326691627502,401,401
74,2466,32,0.5594391226768494,0.7824133634567261,0.15831154584884644,0.8193201422691345,537,422
75,2500,0,0.5065124034881592,0.2645319104194641,-0.07680685818195343,0.9995618462562561,486,142
75,2500,1,0.508274495601654,0.25368112325668335,-0.08627389371395111,0.9995185136795044,487,136
75,2500,2,0.5088423490524292,0.2536967396736145,-0.08642495423555374,0.9995682835578918,488,136
75,2500,3,0.5091725587844849,0.25368642807006836,-0.08636759221553802,0.999687671661377,488,136
75,2500,4,0.5080953240394592,0.25348538160324097,-0.0679980218410492,0.9994285106658936,487,136
75,2500,5,0.5082650780677795,0.2533123195171356,-0.06815382838249207,0.9994728565216064,487,136
75,2500,6,0.5083057880401611,0.252924382686615,-0.06817006319761276,0.9995379447937012,487,136
75,2500,7,0.5143877267837524,0.2574876546859741,-0.10635018348693848,0.9998644590377808,493,139
75,2500,8,0.5135059356689453,0.25608083605766296,-0.02125478908419609,0.9990127086639404,492,138
75,2500,9,0.5099449157714844,0.27515026926994324,-0.0780828446149826,0.9996021389961243,489,148
75,2500,10,0.5089391469955444,0.27507588267326355,-0.055350739508867264,0.9991533756256104,488,148
75,2500,11,0.5312772989273071,0.3224088251590729,-0.14484858512878418,0.9999908208847046,510,174
75,2500,12,0.5191001296043396,0.3299511671066284,0.06637996435165405,0.999597430229187,498,178
75,2500,13,0.5500686168670654,0.42240262031555176,-0.17697185277938843,0.9951648116111755,528,228
75,2500,14,0.5016242861747742,0.40756383538246155,0.09238750487565994,0.07624728977680206,481,220
75,2500,15,0.5535719394683838,0.5179398655891418,-0.20418737828731537,0.979281485080719,531,279
75,2500,16,0.4595761001110077,0.4323159456253052,0.05526341497898102,0.3961086571216583,441,233
75,2500,17,0.5606666207313538,0.5438935160636902,-0.22352127730846405,0.963622510433197,538,293
75,2500,18,0.4448671042919159,0.4410702884197235,0.053104326128959656,0.43366745114326477,427,238
75,2500,19,0.5521234273910522,0.5488492846488953,-0.22137050330638885,0.9621928930282593,530,296
75,2500,20,0.4421570599079132,0.43575695157051086,0.030130650848150253,0.44883647561073303,424,235
75,2500,21,0.5480511784553528,0.5388664603233337,-0.20104245841503143,0.9326978325843811,526,290
75,2500,22,0.4481864869594574,0.43350356817245483,0.042737312614917755,0.44275155663490295,430,234
75,2500,23,0.5253097414970398,0.5159194469451904,-0.06859830766916275,0.9999464154243469,504,278
75,2500,24,0.5343771576881409,0.5144031643867493,0.06850341707468033,0.9999159574508667,513,277
75,2500,25,0.48307469487190247,0.6276627779006958,-0.0024667629040777683,0.9281327724456787,463,338
75,2500,26,0.5635101795196533,0.6307802796363831,0.10628227889537811,0.6998854279518127,540,340
75,2500,27,0.45000579953193665,0.754770815372467,0.059152066707611084,0.9329938292503357,432,407
75,2500,28,0.5898290872573853,0.7542378306388855,0.1518353819847107,0.8046364188194275,566,407
75,2500,29,0.45111986994743347,0.7798916101455688,0.06361628323793411,0.8739920258522034,433,421
75,2500,30,0.6005070209503174,0.7775664329528809,0.1550954431295395,0.8127653002738953,576,419
75,2500,31,0.41655710339546204,0.7433874011039734,0.010976316407322884,0.9336768388748169,399,401
75,2500,32,0.5599893927574158,0.7822075486183167,0.12777191400527954,0.8372212648391724,537,422
76,2533,0,0.4882456958293915,0.2647707164287567,-0.08527298271656036,0.9996041655540466,468,142
76,2533,1,0.49094006419181824,0.2536323070526123,-0.09863949567079544,0.9995650053024292,471,136
76,2533,2,0.49143466353416443,0.25364813208580017,-0.09880290180444717,0.9996106624603271,471,136
76,2533,3,0.4916699528694153,0.2536376416683197,-0.09876319766044617,0.9997180104255676,472,136
76,2533,4,0.491330623626709,0.2534498870372772,-0.07919463515281677,0.9994837045669556,471,136
76,2533,5,0.49207645654678345,0.25328701734542847,-0.07934960722923279,0.9995242357254028,472,136
76,2533,6,0.49263861775398254,0.252840131521225,-0.07937241345643997,0.9995818138122559,472,136
76,2533,7,0.49714845418930054,0.25747910141944885,-0.12974244356155396,0.9998778104782104,477,139
76,2533,8,0.4993937909603119,0.25596296787261963,-0.04095727205276489,0.9991083741188049,479,138
76,2533,9,0.4912606179714203,0.2754599452018738,-0.09119002521038055,0.9996407628059387,471,148
76,2533,10,0.4913317859172821,0.27550560235977173,-0.06685055792331696,0.9992349743843079,471,148
76,2533,11,0.5152926445007324,0.3257651627063751,-0.16744622588157654,0.9999915957450867,494,175
76,2533,12,0.5073873996734619,0.3297494351863861,0.04882052168250084,0.9996212124824524,487,178
76,2533,13,0.5343039631843567,0.42539265751838684,-0.20618656277656555,0.9956195950508118,512,229
76,2533,14,0.49181070923805237,0.4071441888809204,0.08583401888608932,0.07439713180065155,472,219
76,2533,15,0.5424907803535461,0.5176379680633545,-0.22839507460594177,0.9812953472137451,520,279
76,2533,16,0.45101815462112427,0.426517128944397,0.05859670415520668,0.3979431390762329,432,230
76,2533,17,0.5507319569587708,0.542065441608429,-0.24914593994617462,0.9671589136123657,528,292
76,2533,18,0.43672940135002136,0.43320444226264954,0.05772596597671509,0.44025376439094543,419,233
76,2533,19,0.5444400310516357,0.5464262366294861,-0.2533189058303833,0.9658768773078918,522,295
76,2533,20,0.43435099720954895,0.4292670488357544,0.035289909690618515,0.45678624510765076,416,231
76,2533,21,0.5403555035591125,0.5370543003082275,-0.22956691682338715,0.9392883777618408,518,290
76,2533,22,0.4390536844730377,0.4278339445590973,0.046507611870765686,0.4542940557003021,421,231
76,2533,23,0.5110394358634949,0.518633246421814,-0.06873364001512527,0.9999509453773499,490,280
76,2533,24,0.5250281095504761,0.5154015421867371,0.06863205134868622,0.9999218583106995,504,278
76,2533,25,0.46772223711013794,0.627618134021759,0.031027227640151978,0.9351866841316223,449,338
76,2533,26,0.5559514760971069,0.6305003762245178,0.14030343294143677,0.7291941046714783,533,340
76,2533,27,0.4360318183898926,0.7545182704925537,0.08639596402645111,0.9396447539329529,418,407
76,2533,28,0.5875940918922424,0.7438167333602905,0.20312020182609558,0.824108362197876,564,401
76,2533,29,0.43682989478111267,0.7802987098693848,0.08749278634786606,0.8864412307739258,419,421
76,2533,30,0.5988644361495972,0.7626596093177795,0.20809969305992126,0.8314236998558044,574,411
76,2533,31,0.4026797413825989,0.7419231534004211,0.04327719286084175,0.9402201175689697,386,400
76,2533,32,0.5602823495864868,0.7810871005058289,0.1883414089679718,0.8534092903137207,537,421
77,2566,0,0.48709550499916077,0.26603105664253235,-0.0816688984632492,0.9996426701545715,467,143
77,2566,1,0.4902198910713196,0.2544979155063629,-0.09397157281637192,0.9996072053909302,470,137
77,2566,2,0.49049806594848633,0.2545010447502136,-0.09412600845098495,0.999648928642273,470,137
77,2566,3,0.49058085680007935,0.2544881999492645,-0.09408140927553177,0.9997454285621643,470,137
77,2566,4,0.4909704029560089,0.2542327046394348,-0.07476181536912918,0.999534010887146,471,137
77,2566,5,0.49159497022628784,0.254003643989563,-0.07491843402385712,0.9995709657669067,471,137
77,2566,6,0.4919968545436859,0.25352200865745544,-0.07494037598371506,0.9996221661567688,472,136
77,2566,7,0.49651652574539185,0.2583385109901428,-0.12088906019926071,0.9998898506164551,476,139
77,2566,8,0.49795398116111755,0.25667324662208557,-0.033536091446876526,0.9991955757141113,478,138
77,2566,9,0.49089574813842773,0.27678897976875305,-0.08661088347434998,0.9996756315231323,471,149
77,2566,10,0.49100473523139954,0.27691903710365295,-0.06257589161396027,0.9993090629577637,471,149
77,2566,11,0.5128656029701233,0.32655563950538635,-0.1598314642906189,0.9999921917915344,492,176
77,2566,12,0.5041153430938721,0.33176612854003906,0.056457385420799255,0.9996454119682312,483,179
77,2566,13,0.5325573682785034,0.42504698038101196,-0.1999800205230713,0.9960148930549622,511,229
77,2566,14,0.48705393075942993,0.4071090817451477,0.0922410637140274,0.07526460289955139,467,219
77,2566,15,0.5405260324478149,0.5172317624092102,-0.2276172935962677,0.9831088781356812,518,279
77,2566,16,0.4456944763660431,0.4244786202907562,0.0694291889667511,0.42126360535621643,427,229
77,2566,17,0.5492264032363892,0.5416092872619629,-0.24939142167568207,0.9703489542007446,527,292
77,2566,18,0.4325428903102875,0.42999741435050964,0.0687689483165741,0.4662412703037262,415,232
77,2566,19,0.5420727133750916,0.5463095307350159,-0.253923237323761,0.9691997766494751,520,295
77,2566,20,0.4293736517429352,0.42634105682373047,0.04611395299434662,0.48370376229286194,412,230
77,2566,21,0.537894070148468,0.5373895764350891,-0.2292681783437729,0.9452266097068787,516,290
77,2566,22,0.4348772168159485,0.4249374270439148,0.05739293992519379,0.4822101891040802,417,229
77,2566,23,0.5128546357154846,0.5198414921760559,-0.06921268254518509,0.9999542236328125,492,280
77,2566,24,0.5210660099983215,0.5150951147079468,0.0690983310341835,0.9999253153800964,500,278
77,2566,25,0.4657573699951172,0.6276980638504028,0.00951503124088049,0.9414775967597961,447,338
77,2566,26,0.554138720035553,0.6336418390274048,0.1190248355269432,0.7552801966667175,531,342
77,2566,27,0.4352262318134308,0.7542696595191956,0.07737254351377487,0.9455984830856323,417,407
77,2566,28,0.5858876705169678,0.7385925650596619,0.1725427210330963,0.8415723443031311,562,398
77,2566,29,0.43641984462738037,0.7829614877700806,0.06728814542293549,0.8976039886474609,418,422
77,2566,30,0.5983737111091614,0.7564799785614014,0.17653439939022064,0.8481810688972473,574,408
77,2566,31,0.39983096718788147,0.7419105172157288,0.026290176436305046,0.9460789561271667,383,400
77,2566,32,0.5599690079689026,0.7798000574111938,0.15508516132831573,0.8679233193397522,537,421
78,2600,0,0.4736683964729309,0.2678687572479248,-0.07485533505678177,0.9996769428253174,454,144
78,2600,1,0.47648510336875916,0.25582003593444824,-0.08850938826799393,0.9996446371078491,457,138
78,2600,2,0.4769287705421448,0.25581803917884827,-0.08866698294878006,0.9996830821037292,457,138
78,2600,3,0.4771591126918793,0.25581756234169006,-0.08863437920808792,0.9997698068618774,458,138
78,2600,4,0.47707709670066833,0.255450963973999,-0.06741657853126526,0.9995785355567932,457,137
78,2600,5,0.4778732359409332,0.2551669478416443,-0.06755886226892471,0.99961256980896,458,137
78,2600,6,0.4786095917224884,0.25462910532951355,-0.06756002455949783,0.9996576905250549,459,137
78,2600,7,0.48321110010147095,0.2592930793762207,-0.11752274632453918,0.9999005794525146,463,140
78,2600,8,0.4858399033546448,0.2578325867652893,-0.0265665240585804,0.9992727637290955,466,139
78,2600,9,0.4768950045108795,0.27877143025398254,-0.08229883015155792,0.9997063875198364,457,150
78,2600,10,0.47720134258270264,0.2790524661540985,-0.05593366548418999,0.9993739724159241,458,150
78,2600,11,0.499045193195343,0.32673341035842896,-0.1570761650800705,0.9999927282333374,479,176
78,2600,12,0.49240949749946594,0.33184245228767395,0.06600348651409149,0.9996631145477295,472,179
78,2600,13,0.5173274874687195,0.42542946338653564,-0.19745536148548126,0.9963892102241516,496,229
78,2600,14,0.474504292011261,0.40722230076789856,0.09305081516504288,0.07574503123760223,455,219
78,2600,15,0.5266848206520081,0.5172967314720154,-0.21662473678588867,0.9847513437271118,505,279
78,2600,16,0.42792242765426636,0.4266672432422638,0.046397559344768524,0.4381246864795685,410,230
78,2600,17,0.5350955724716187,0.5414316058158875,-0.23629681766033173,0.9732295274734497,513,292
78,2600,18,0.41511234641075134,0.43211889266967773,0.04314635694026947,0.4867272973060608,398,233
78,2600,19,0.530734658241272,0.5459316968917847,-0.24000687897205353,0.9721964001655579,509,294
78,2600,20,0.411348819732666,0.42841702699661255,0.02079847641289234,0.5048366189002991,394,231
78,2600,21,0.5256159901618958,0.5366768836975098,-0.21749383211135864,0.9505802392959595,504,289
78,2600,22,0.41618913412094116,0.4272621273994446,0.0334942564368248,0.5056197047233582,399,230
78,2600,23,0.4962587356567383,0.520566463470459,-0.06937578320503235,0.9999582171440125,476,281
78,2600,24,0.5106611847877502,0.5179286003112793,0.0692693442106247,0.9999312162399292,490,279
78,2600,25,0.45108741521835327,0.6292827725410461,0.008462456986308098,0.9472465515136719,433,339
78,2600,26,0.5390414595603943,0.6330128908157349,0.07497099786996841,0.779542088508606,517,341
78,2600,27,0.430319219827652,0.7557489275932312,0.061205461621284485,0.9509937763214111,413,408
78,2600,28,0.5785187482833862,0.7347331047058105,0.10306393355131149,0.8573749661445618,555,396
78,2600,29,0.4337925612926483,0.784001350402832,0.059157174080610275,0.9077057242393494,416,423
78,2600,30,0.5920705199241638,0.7479560971260071,0.10466141253709793,0.863321840763092,568,403
78,2600,31,0.3985927999019623,0.7504247426986694,0.016040204092860222,0.9514031410217285,382,405
78,2600,32,0.558125913143158,0.781568169593811,0.07851604372262955,0.8810828924179077,535,422
79,2633,0,0.4746153950691223,0.26853451132774353,-0.08796633034944534,0.9997053742408752,455,145
79,2633,1,0.4768409729003906,0.2565014064311981,-0.09793797135353088,0.9996761679649353,457,138
79,2633,2,0.47746890783309937,0.2565056085586548,-0.09809848666191101,0.9997125864028931,458,138
79,2633,3,0.4778442084789276,0.2565225660800934,-0.09806101024150848,0.9997904300689697,458,138
79,2633,4,0.47675037384033203,0.2561231851577759,-0.07782372832298279,0.999616265296936,457,138
79,2633,5,0.477044016122818,0.2558269202709198,-0.07798218727111816,0.9996482729911804,457,138
79,2633,6,0.4771740734577179,0.25529029965400696,-0.0780118778347969,0.9996868968009949,458,137
79,2633,7,0.483772337436676,0.2601751685142517,-0.11565714329481125,0.9999098181724548,464,140
79,2633,8,0.4828711748123169,0.25852206349372864,-0.025830592960119247,0.9993373155593872,463,139
79,2633,9,0.47797834873199463,0.2795823812484741,-0.08967463672161102,0.999731183052063,458,150
79,2633,10,0.4770793616771698,0.2798134982585907,-0.06463078409433365,0.9994254112243652,457,151
79,2633,11,0.4992433190345764,0.3273169696331024,-0.1554960459470749,0.9999929070472717,479,176
79,2633,12,0.48999157547950745,0.33240047097206116,0.0705232322216034,0.9996572136878967,470,179
79,2633,13,0.5176703333854675,0.4261974096298218,-0.20047961175441742,0.9966832399368286,496,230
79,2633,14,0.4714118242263794,0.4072554111480713,0.09452877938747406,0.07185151427984238,452,219
79,2633,15,0.5259003043174744,0.5190735459327698,-0.23418621718883514,0.9861382246017456,504,280
79,2633,16,0.4277391731739044,0.4265422224998474,0.04113994538784027,0.42963114380836487,410,230
79,2633,17,0.533820390701294,0.5421386957168579,-0.2560243010520935,0.9756864905357361,512,292
79,2633,18,0.4163135886192322,0.4306533932685852,0.036322835832834244,0.4853094816207886,399,232
79,2633,19,0.528154730796814,0.5471475124359131,-0.2608696520328522,0.9747647047042847,507,295
79,2633,20,0.4120877683162689,0.4272765815258026,0.012974641285836697,0.5044746398925781,395,230
79,2633,21,0.5239153504371643,0.539121150970459,-0.23588046431541443,0.9552086591720581,502,291
79,2633,22,0.41761860251426697,0.4262548089027405,0.027782680466771126,0.5083807706832886,400,230
79,2633,23,0.49402332305908203,0.5214746594429016,-0.06983347237110138,0.9999616146087646,474,281
79,2633,24,0.5053359270095825,0.5191024541854858,0.06974092125892639,0.9999361634254456,485,280
79,2633,25,0.4497091472148895,0.6301112174987793,0.015453264117240906,0.9524087309837341,431,340
79,2633,26,0.5360072255134583,0.6344566345214844,0.050370797514915466,0.8014184236526489,514,342
79,2633,27,0.42852458357810974,0.7570706009864807,0.06484552472829819,0.9558597803115845,411,408
79,2633,28,0.5767087936401367,0.7335023880004883,0.08061004430055618,0.8716022372245789,553,396
79,2633,29,0.43203791975975037,0.7846086621284485,0.06446868926286697,0.9168057441711426,414,423
79,2633,30,0.5889154076576233,0.7465996146202087,0.08252697438001633,0.8769511580467224,565,403
79,2633,31,0.39680320024490356,0.7541376352310181,0.015140789560973644,0.956202507019043,380,407
79,2633,32,0.5571008920669556,0.7822990417480469,0.050375767052173615,0.8929296731948853,534,422
80,2666,0,0.45862242579460144,0.27035751938819885,-0.08606202155351639,0.9997318983078003,440,145
80,2666,1,0.4613765478134155,0.2581130862236023,-0.09730728715658188,0.9997059106826782,442,139
80,2666,2,0.4619186520576477,0.2581331431865692,-0.09746212512254715,0.9997398257255554,443,139
80,2666,3,0.4622315466403961,0.25814637541770935,-0.0974251925945282,0.9998098015785217,443,139
80,2666,4,0.4617365598678589,0.25776299834251404,-0.07662869244813919,0.9996514320373535,443,139
80,2666,5,0.462446391582489,0.25751203298568726,-0.07678385078907013,0.9996810555458069,443,139
80,2666,6,0.46296554803848267,0.25704535841941833,-0.07681241631507874,0.9997145533561707,444,138
80,2666,7,0.46876728534698486,0.2616734504699707,-0.11896231770515442,0.9999183416366577,450,141
80,2666,8,0.4696371257305145,0.2603229880332947,-0.0258574690669775,0.9993974566459656,450,140
80,2666,9,0.4618859887123108,0.2810070216655731,-0.08950246870517731,0.9997547268867493,443,151
80,2666,10,0.4616568982601166,0.2814967632293701,-0.06377691775560379,0.9994744658470154,443,152
80,2666,11,0.48522230982780457,0.3292659521102905,-0.16077741980552673,0.9999932646751404,465,177
80,2666,12,0.47734037041664124,0.3329891264438629,0.07025313377380371,0.999659538269043,458,179
80,2666,13,0.5018491148948669,0.4284578561782837,-0.208485409617424,0.9969608783721924,481,231
80,2666,14,0.46105602383613586,0.409302681684494,0.09892173856496811,0.06846445798873901,442,221
80,2666,15,0.5110458731651306,0.5205129384994507,-0.23585376143455505,0.9874024987220764,490,281
80,2666,16,0.41973549127578735,0.42786675691604614,0.052827462553977966,0.4235263168811798,402,231
80,2666,17,0.518218457698822,0.5425730347633362,-0.2562113404273987,0.9779108166694641,497,292
80,2666,18,0.4057847857475281,0.4332897365093231,0.05026531219482422,0.4829392433166504,389,233
80,2666,19,0.5138647556304932,0.5475617051124573,-0.259936660528183,0.9770832657814026,493,295
80,2666,20,0.40345630049705505,0.4303196668624878,0.0269952230155468,0.5031806826591492,387,232
80,2666,21,0.5095143914222717,0.5392341017723083,-0.23675109446048737,0.9593839645385742,489,291
80,2666,22,0.40787699818611145,0.42878127098083496,0.039651013910770416,0.5099064707756042,391,231
80,2666,23,0.4778144657611847,0.5212424993515015,-0.06982885301113129,0.9999649524688721,458,281
80,2666,24,0.4874773621559143,0.5194274187088013,0.06973769515752792,0.9999412298202515,467,280
80,2666,25,0.43466824293136597,0.6315822005271912,0.008950304239988327,0.9570196270942688,417,341
80,2666,26,0.5146086812019348,0.6340681910514832,0.05026400089263916,0.8210152387619019,494,342
80,2666,27,0.42389804124832153,0.7598623633384705,0.05819405987858772,0.9602214097976685,406,410
80,2666,28,0.5653519034385681,0.7231844067573547,0.07078809291124344,0.8843795657157898,542,390
80,2666,29,0.43008068203926086,0.7855949401855469,0.05825091525912285,0.9249486327171326,412,424
80,2666,30,0.5807675719261169,0.7289083003997803,0.0721740648150444,0.8891919255256653,557,393
80,2666,31,0.3858610987663269,0.7715415954589844,0.009978371672332287,0.9604964852333069,370,416
80,2666,32,0.5574877858161926,0.7823549509048462,0.04226841405034065,0.9035642743110657,535,422
81,2700,0,0.4558175802230835,0.2703937292098999,-0.08702155947685242,0.9997461438179016,437,146
81,2700,1,0.45925238728523254,0.2584690749645233,-0.09948614984750748,0.9997236132621765,440,139
81,2700,2,0.4599089026451111,0.25852280855178833,-0.0996374636888504,0.9997594952583313,441,139
81,2700,3,0.4603453576564789,0.2585148215293884,-0.09958697110414505,0.9998213052749634,441,139
81,2700,4,0.45930734276771545,0.2582329213619232,-0.07905582338571548,0.9996736645698547,440,139
81,2700,5,0.45991355180740356,0.2581082582473755,-0.0792202427983284,0.9997046589851379,441,139
81,2700,6,0.4603549540042877,0.25775614380836487,-0.0792623832821846,0.9997304081916809,441,139
81,2700,7,0.46662989258766174,0.262667715549469,-0.12497131526470184,0.99992436170578,447,141
81,2700,8,0.46716415882110596,0.2617855966091156,-0.032980240881443024,0.999441385269165,448,141
81,2700,9,0.45975467562675476,0.28174281120300293,-0.09165380150079727,0.9997666478157043,441,152
81,2700,10,0.4591788351535797,0.2821407914161682,-0.06627943366765976,0.9995008111000061,440,152
81,2700,11,0.4814698100090027,0.32960963249206543,-0.16217438876628876,0.9999932050704956,462,177
81,2700,12,0.47517508268356323,0.33457326889038086,0.05897081270813942,0.9996382594108582,456,180
81,2700,13,0.5000450015068054,0.4285539984703064,-0.2103777676820755,0.9971801042556763,480,231
81,2700,14,0.45684492588043213,0.4111754298210144,0.0988977700471878,0.06412654370069504,438,222
81,2700,15,0.5083185434341431,0.5207341313362122,-0.24341367185115814,0.9885368347167969,487,281
81,2700,16,0.4169594943523407,0.428886741399765,0.06742469221353531,0.4108632504940033,400,231
81,2700,17,0.5166948437690735,0.5429642200469971,-0.2633954882621765,0.9799335598945618,496,293
81,2700,18,0.40467652678489685,0.43459615111351013,0.06647982448339462,0.4724422097206116,388,234
81,2700,19,0.5120047926902771,0.5487256050109863,-0.267701119184494,0.9791936278343201,491,296
81,2700,20,0.4007726311683655,0.4311450123786926,0.04413764551281929,0.49377307295799255,384,232
81,2700,21,0.5069886445999146,0.5404309034347534,-0.24473834037780762,0.9631728529930115,486,291
81,2700,22,0.4071274399757385,0.42941054701805115,0.05518290027976036,0.5030694007873535,390,231
81,2700,23,0.4741002917289734,0.5219345688819885,-0.06632877141237259,0.9999678134918213,455,281
81,2700,24,0.48300373554229736,0.5192674994468689,0.06628561019897461,0.9999454617500305,463,280
81,2700,25,0.4343340992927551,0.6324148774147034,0.047109466046094894,0.9610926508903503,416,341
81,2700,26,0.5132986307144165,0.633972704410553,0.050386086106300354,0.8387239575386047,492,342
81,2700,27,0.4218435287475586,0.7609097957611084,0.0969996377825737,0.9641539454460144,404,410
81,2700,28,0.5629645586013794,0.7198036909103394,0.06877671927213669,0.8959019780158997,540,388
81,2700,29,0.4285070598125458,0.7862012982368469,0.09761347621679306,0.9322690367698669,411,424
81,2700,30,0.578177273273468,0.72257000207901,0.07023162394762039,0.9002232551574707,555,390
81,2700,31,0.3854125738143921,0.7779273390769958,0.047125544399023056,0.9643679261207581,369,420
81,2700,32,0.5579625368118286,0.7823125720024109,0.03711812570691109,0.9131603837013245,535,422
82,2733,0,0.44074714183807373,0.2707584798336029,-0.06684517115354538,0.999726414680481,423,146
82,2733,1,0.443839430809021,0.2585638761520386,-0.08351259678602219,0.9997085332870483,426,139
82,2733,2,0.4443093538284302,0.25856974720954895,-0.0836494043469429,0.9997557997703552,426,139
82,2733,3,0.4446001946926117,0.2585321366786957,-0.08359556645154953,0.9998095035552979,426,139
82,2733,4,0.44441288709640503,0.2583748698234558,-0.06083447486162186,0.9996630549430847,426,139
82,2733,5,0.4454623758792877,0.25821658968925476,-0.06101323664188385,0.9997056722640991,427,139
82,2733,6,0.4462931454181671,0.257853627204895,-0.06106417626142502,0.9997226595878601,428,139
82,2733,7,0.44991037249565125,0.2626146674156189,-0.12200136482715607,0.999923825263977,431,141
82,2733,8,0.45411932468414307,0.26167619228363037,-0.022068092599511147,0.9994539618492126,435,141
82,2733,9,0.4443066716194153,0.281764954328537,-0.07646321505308151,0.999757707118988,426,152
82,2733,10,0.44483575224876404,0.28219249844551086,-0.04825614020228386,0.9994924068450928,427,152
82,2733,11,0.46825626492500305,0.33017992973327637,-0.16037032008171082,0.9999929070472717,449,178
82,2733,12,0.4648903012275696,0.3343229591846466,0.062212828546762466,0.9996412396430969,446,180
82,2733,13,0.484011709690094,0.4302000403404236,-0.2055985927581787,0.9970804452896118,464,232
82,2733,14,0.4443734586238861,0.41509726643562317,0.10002174228429794,0.06033748388290405,426,224
82,2733,15,0.48958346247673035,0.5230503082275391,-0.23239748179912567,0.9890143275260925,470,282
82,2733,16,0.40289896726608276,0.4315395653247833,0.0655103251338005,0.4101368486881256,386,233
82,2733,17,0.49552297592163086,0.5480592846870422,-0.24583806097507477,0.9810090661048889,475,295
82,2733,18,0.3885940611362457,0.4384908974170685,0.06334030628204346,0.4751749038696289,373,236
82,2733,19,0.4908156096935272,0.5513553619384766,-0.24904437363147736,0.9803556203842163,471,297
82,2733,20,0.38622617721557617,0.43473461270332336,0.042176201939582825,0.49800926446914673,370,234
82,2733,21,0.4876892864704132,0.5421480536460876,-0.2321723848581314,0.9654805660247803,468,292
82,2733,22,0.39141762256622314,0.4331282675266266,0.05311048403382301,0.5077685117721558,375,233
82,2733,23,0.459590882062912,0.5230529308319092,-0.0660257488489151,0.9999706149101257,441,282
82,2733,24,0.47099795937538147,0.5213321447372437,0.06598244607448578,0.9999500513076782,452,281
82,2733,25,0.4217677116394043,0.634735643863678,0.03998635709285736,0.964232325553894,404,342
82,2733,26,0.4871445894241333,0.6337961554527283,0.05372389778494835,0.8542780876159668,467,342
82,2733,27,0.42129024863243103,0.7634848952293396,0.09622666984796524,0.9675779938697815,404,412
82,2733,28,0.5444709658622742,0.7010579109191895,0.057719457894563675,0.9061557650566101,522,378
82,2733,29,0.4290477931499481,0.7883124947547913,0.09811322391033173,0.9382931590080261,411,425
82,2733,30,0.5565432906150818,0.6989833116531372,0.058038029819726944,0.9100195169448853,534,377
82,2733,31,0.3851814270019531,0.7829327583312988,0.049374282360076904,0.9676750898361206,369,422
82,2733,32,0.5547133088111877,0.7533029913902283,0.023884059861302376,0.9217034578323364,532,406
83,2766,0,0.436998188495636,0.2693161368370056,-0.06862982362508774,0.9997225403785706,419,145
83,2766,1,0.4412352442741394,0.257793664932251,-0.0839361771941185,0.9997066855430603,423,139
83,2766,2,0.4417918920516968,0.25788503885269165,-0.08407435566186905,0.9997609257698059,424,139
83,2766,3,0.44207286834716797,0.25789162516593933,-0.08400962501764297,0.9998075366020203,424,139
83,2766,4,0.44218140840530396,0.2574974298477173,-0.06182955205440521,0.9996626973152161,424,139
83,2766,5,0.44330039620399475,0.25736069679260254,-0.061998773366212845,0.999712347984314,425,138
83,2766,6,0.4444047212600708,0.25696536898612976,-0.06203838810324669,0.9997215867042542,426,138
83,2766,7,0.4493357539176941,0.2625538408756256,-0.12331590801477432,0.9999249577522278,431,141
83,2766,8,0.45275360345840454,0.2614337205886841,-0.02320566587150097,0.9994689226150513,434,141
83,2766,9,0.44089290499687195,0.2811973989009857,-0.077133908867836,0.9997548460960388,423,151
83,2766,10,0.4414837956428528,0.28152236342430115,-0.0492941178381443,0.9994913339614868,423,152
83,2766,11,0.4661610424518585,0.3299873173236847,-0.163319393992424,0.9999927878379822,447,178
83,2766,12,0.46167853474617004,0.33448225259780884,0.06235962361097336,0.9996333122253418,443,180
83,2766,13,0.48288342356681824,0.4303235113620758,-0.2101820409297943,0.9971071481704712,463,232
83,2766,14,0.4414829909801483,0.4154953360557556,0.10019313544034958,0.05706274136900902,423,224
83,2766,15,0.4878843128681183,0.524100661277771,-0.23552829027175903,0.9897240996360779,468,283
83,2766,16,0.40060198307037354,0.4343924820423126,0.06380662322044373,0.3989117443561554,384,234
83,2766,17,0.4935416877269745,0.5510830879211426,-0.2534808814525604,0.9823407530784607,473,297
83,2766,18,0.3879029154777527,0.4428364932537079,0.061628762632608414,0.46619752049446106,372,239
83,2766,19,0.4869541823863983,0.5537868738174438,-0.2571364641189575,0.9817575216293335,467,299
83,2766,20,0.3844026029109955,0.4392921030521393,0.03995047137141228,0.4896971881389618,369,237
83,2766,21,0.4834498465061188,0.5447025299072266,-0.23604907095432281,0.9680476784706116,464,294
83,2766,22,0.38981252908706665,0.43722692131996155,0.05150778591632843,0.5000295042991638,374,236
83,2766,23,0.4574384093284607,0.5228340029716492,-0.06581410765647888,0.9999729990959167,439,282
83,2766,24,0.46818581223487854,0.5215762257575989,0.06576990336179733,0.9999536275863647,449,281
83,2766,25,0.41963717341423035,0.6346293091773987,0.036961629986763,0.9671445488929749,402,342
83,2766,26,0.48432233929634094,0.6347034573554993,0.05988524109125137,0.8681244850158691,464,342
83,2766,27,0.4217195212841034,0.7635315656661987,0.09742731600999832,0.970665454864502,404,412
83,2766,28,0.5415458679199219,0.7014030814170837,0.07714984565973282,0.915341854095459,519,378
83,2766,29,0.4305536448955536,0.7882487773895264,0.09968891739845276,0.9437705278396606,413,425
83,2766,30,0.5530825853347778,0.6966776251792908,0.07837390154600143,0.9187804460525513,530,376
83,2766,31,0.38406631350517273,0.7857878804206848,0.05106425657868385,0.9706624150276184,368,424
83,2766,32,0.5493134260177612,0.749262809753418,0.04608315974473953,0.9293392300605774,527,404
84,2800,0,0.4253562390804291,0.2689971923828125,-0.08748199790716171,0.9997043609619141,408,145
84,2800,1,0.4287135899066925,0.25710222125053406,-0.10098280757665634,0.9997019171714783,411,138
84,2800,2,0.4296128451824188,0.25715211033821106,-0.10113619267940521,0.9997612833976746,412,138
84,2800,3,0.43023401498794556,0.2571377456188202,-0.10108218342065811,0.999803900718689,413,138
84,2800,4,0.4283231794834137,0.25692835450172424,-0.07909263670444489,0.9996532797813416,411,138
84,2800,5,0.4288891553878784,0.25682392716407776,-0.07927548885345459,0.9997074604034424,411,138
84,2800,6,0.4292770326137543,0.2564857006072998,-0.07934603095054626,0.9997095465660095,412,138
84,2800,7,0.4373025894165039,0.26135197281837463,-0.12818826735019684,0.9999241828918457,419,141
84,2800,8,0.4368269741535187,0.26043784618377686,-0.029795777052640915,0.9994549751281738,419,140
84,2800,9,0.42942771315574646,0.2805936336517334,-0.09236650168895721,0.9997364282608032,412,151
84,2800,10,0.42831486463546753,0.2809234857559204,-0.06511901319026947,0.9994513392448425,411,151
84,2800,11,0.4537317156791687,0.3288317620754242,-0.16497568786144257,0.999992311000824,435,177
84,2800,12,0.4478389024734497,0.3304652273654938,0.05817646160721779,0.9995808005332947,429,178
84,2800,13,0.46444573998451233,0.43340814113616943,-0.20710007846355438,0.9971215128898621,445,234
84,2800,14,0.4312964677810669,0.4175686240196228,0.09038841724395752,0.053581029176712036,414,225
84,2800,15,0.4643205404281616,0.5283492803573608,-0.23351024091243744,0.9903691411018372,445,285
84,2800,16,0.39051416516304016,0.44921818375587463,0.04173288866877556,0.38114088773727417,374,242
84,2800,17,0.4676085114479065,0.5555470585823059,-0.24848805367946625,0.98355633020401,448,299
84,2800,18,0.3775959014892578,0.4595074951648712,0.03843395411968231,0.4503958225250244,362,248
84,2800,19,0.4583287835121155,0.5564387440681458,-0.2520470917224884,0.9830384850502014,439,300
84,2800,20,0.3755650520324707,0.45614615082740784,0.01655356027185917,0.47437015175819397,360,246
84,2800,21,0.4556329548358917,0.547243595123291,-0.23281770944595337,0.9703667759895325,437,295
84,2800,22,0.381245881319046,0.45342499017715454,0.02940836362540722,0.4848852753639221,365,244
84,2800,23,0.44319021701812744,0.5225391983985901,-0.06563042104244232,0.9999752044677734,425,282
84,2800,24,0.45149052143096924,0.5212441682815552,0.06558305025100708,0.9999567866325378,433,281
84,2800,25,0.4141544997692108,0.6342743635177612,0.013230698183178902,0.9699333906173706,397,342
84,2800,26,0.4580318331718445,0.6360281109809875,0.07522351294755936,0.8795733451843262,439,343
84,2800,27,0.41972365975379944,0.7633228302001953,0.06069064885377884,0.9735122323036194,402,412
84,2800,28,0.5188772678375244,0.6894886493682861,0.09213874489068985,0.9234198331832886,498,372
84,2800,29,0.428976833820343,0.7879268527030945,0.06244050711393356,0.9489953517913818,411,425
84,2800,30,0.5303594470024109,0.682068943977356,0.09396655112504959,0.9264670014381409,509,368
84,2800,31,0.38517093658447266,0.7913365364074707,0.005966105964034796,0.973470151424408,369,427
84,2800,32,0.5303086042404175,0.7333635687828064,0.05678984895348549,0.9360736608505249,509,396
85,2833,0,0.42164087295532227,0.26633697748184204,-0.08491860330104828,0.9995942711830139,404,143
85,2833,1,0.4259473979473114,0.2549189627170563,-0.09821555763483047,0.9996161460876465,408,137
85,2833,2,0.42659780383110046,0.2550641894340515,-0.09836720675230026,0.9997048377990723,409,137
85,2833,3,0.42698606848716736,0.2550734877586365,-0.09831608086824417,0.9997428059577942,409,137
85,2833,4,0.42661941051483154,0.2545281648635864,-0.07691307365894318,0.9995690584182739,409,137
85,2833,5,0.4276294708251953,0.2543899714946747,-0.07709410041570663,0.9996538162231445,410,137
85,2833,6,0.4283638298511505,0.254135400056839,-0.07716062664985657,0.9996489882469177,411,137
85,2833,7,0.4350653886795044,0.26004141569137573,-0.1257452368736267,0.9999039769172668,417,140
85,2833,8,0.43719226121902466,0.25907135009765625,-0.03111216425895691,0.9993887543678284,419,139
85,2833,9,0.42602673172950745,0.27883729338645935,-0.09003276377916336,0.9996654391288757,408,150
85,2833,10,0.4259769022464752,0.27910423278808594,-0.06359672546386719,0.9993447661399841,408,150
85,2833,11,0.45104655623435974,0.3289687931537628,-0.16474992036819458,0.9999911189079285,433,177
85,2833,12,0.4455094039440155,0.3303777873516083,0.052876368165016174,0.9995246529579163,427,178
85,2833,13,0.4639364182949066,0.43579867482185364,-0.1937619298696518,0.9969945549964905,445,235
85,2833,14,0.4285682737827301,0.41758954524993896,0.08927308022975922,0.05079890042543411,411,225
85,2833,15,0.46238401532173157,0.5350750684738159,-0.20760276913642883,0.9909809231758118,443,288
85,2833,16,0.3885050415992737,0.4528439939022064,0.04412360489368439,0.37053734064102173,372,244
85,2833,17,0.4663330018520355,0.5619414448738098,-0.22290781140327454,0.9847187995910645,447,303
85,2833,18,0.37596696615219116,0.4633388817310333,0.04259668290615082,0.44034239649772644,360,250
85,2833,19,0.45668938755989075,0.5626826882362366,-0.2282247543334961,0.9842592477798462,438,303
85,2833,20,0.3731263279914856,0.4607437551021576,0.020883755758404732,0.46489807963371277,358,248
85,2833,21,0.4546225368976593,0.5532920360565186,-0.2082623541355133,0.9725531339645386,436,298
85,2833,22,0.37856611609458923,0.45843878388404846,0.032652195543050766,0.4750080704689026,363,247
85,2833,23,0.4429369866847992,0.5224472284317017,-0.06323586404323578,0.9999771118164062,425,282
85,2833,24,0.4452410340309143,0.5196961164474487,0.06320421397686005,0.9999595284461975,427,280
85,2833,25,0.415975958108902,0.6353707909584045,0.020483000203967094,0.9720512628555298,399,343
85,2833,26,0.4541893005371094,0.637158989906311,0.07896749675273895,0.8893551230430603,436,344
85,2833,27,0.4193120300769806,0.7634193301200867,0.0758187472820282,0.9759883284568787,402,412
85,2833,28,0.516680121421814,0.6873295903205872,0.10206087678670883,0.9305251836776733,496,371
85,2833,29,0.4288741648197174,0.7881073951721191,0.07824332267045975,0.9533085227012634,411,425
85,2833,30,0.5274497270584106,0.6778083443641663,0.10472939908504486,0.933215320110321,506,366
85,2833,31,0.3830972909927368,0.792563796043396,0.02090330794453621,0.9758793115615845,367,427
85,2833,32,0.5257483124732971,0.7280871272087097,0.06805445998907089,0.942003071308136,504,393
86,2866,0,0.41311267018318176,0.26569586992263794,-0.07352086156606674,0.9995285868644714,396,143
86,2866,1,0.41429227590560913,0.2541915774345398,-0.08914824575185776,0.9995337724685669,397,137
86,2866,2,0.41460657119750977,0.254195898771286,-0.08928143233060837,0.9996289014816284,398,137
86,2866,3,0.4148102104663849,0.2540834844112396,-0.08922971040010452,0.9996766448020935,398,137
86,2866,4,0.4148923456668854,0.25397777557373047,-0.06661845743656158,0.9995018243789673,398,137
86,2866,5,0.41554296016693115,0.25383567810058594,-0.06679758429527283,0.9996011853218079,398,137
86,2866,6,0.4162856638431549,0.2535105049610138,-0.06688616424798965,0.9996094107627869,399,136
86,2866,7,0.42000290751457214,0.2580097019672394,-0.12439331412315369,0.9998694658279419,403,139
86,2866,8,0.422783225774765,0.25727710127830505,-0.026474354788661003,0.9993309378623962,405,138
86,2866,9,0.41617006063461304,0.276965469121933,-0.08294003456830978,0.9995906352996826,399,149
86,2866,10,0.4166158437728882,0.27731382846832275,-0.054776452481746674,0.9992546439170837,399,149
86,2866,11,0.43690887093544006,0.3262503445148468,-0.16647127270698547,0.9999871850013733,419,176
86,2866,12,0.43823307752609253,0.3213579058647156,0.05447038635611534,0.9994912147521973,420,173
86,2866,13,0.44162601232528687,0.4352617859840393,-0.1948695033788681,0.9950020909309387,423,235
86,2866,14,0.4203825891017914,0.4175413250923157,0.08182099461555481,0.04802633076906204,403,225
86,2866,15,0.4370841979980469,0.5318455696105957,-0.18760211765766144,0.9848811626434326,419,287
86,2866,16,0.3850034773349762,0.4584537446498871,0.023953255265951157,0.35522642731666565,369,247
86,2866,17,0.43785426020622253,0.5563518404960632,-0.2018050253391266,0.9774433374404907,420,300
86,2866,18,0.37385162711143494,0.4751916527748108,0.019925864413380623,0.42603158950805664,358,256
86,2866,19,0.4325404465198517,0.554107129573822,-0.20340697467327118,0.9767587780952454,415,299
86,2866,20,0.3713001310825348,0.4738018810749054,0.000795178406406194,0.44926899671554565,356,255
86,2866,21,0.43200579285621643,0.5461893081665039,-0.1864234358072281,0.9617127180099487,414,294
86,2866,22,0.3764151632785797,0.4675709307193756,0.012836989015340805,0.4587108790874481,361,252
86,2866,23,0.4347250163555145,0.5132696032524109,-0.06823515892028809,0.9999769330024719,417,277
86,2866,24,0.4437176585197449,0.5074564218521118,0.06818433105945587,0.999959409236908,425,274
86,2866,25,0.4146433472633362,0.6339997053146362,-0.009121479466557503,0.9724874496459961,398,342
86,2866,26,0.433627188205719,0.6188930869102478,0.10907003283500671,0.8746799230575562,416,334
86,2866,27,0.41777315735816956,0.763251006603241,0.05164084583520889,0.9778022170066833,401,412
86,2866,28,0.4942547082901001,0.6900941729545593,0.15229396522045135,0.9292571544647217,474,372
86,2866,29,0.4289105534553528,0.7897902131080627,0.05500800162553787,0.9553461074829102,411,426
86,2866,30,0.5069041848182678,0.6856170296669006,0.15614496171474457,0.9339317679405212,486,370
86,2866,31,0.37979376316070557,0.7903991341590881,0.004141976125538349,0.9773072600364685,364,426
86,2866,32,0.49772071838378906,0.7325865030288696,0.13048820197582245,0.9417031407356262,477,395
87,2900,0,0.40840837359428406,0.26429423689842224,-0.06356260180473328,0.9993006587028503,392,142
87,2900,1,0.41133585572242737,0.2524664103984833,-0.07980836927890778,0.9992801547050476,394,136
87,2900,2,0.41162538528442383,0.2521643042564392,-0.07994372397661209,0.9994096755981445,395,136
87,2900,3,0.4116320013999939,0.25200724601745605,-0.07990209013223648,0.9995015263557434,395,136
87,2900,4,0.4127417206764221,0.2518308460712433,-0.057743899524211884,0.9992815256118774,396,135
87,2900,5,0.41393840312957764,0.25134697556495667,-0.057915911078453064,0.9994255900382996,397,135
87,2900,6,0.4149189293384552,0.2507033944129944,-0.05800940841436386,0.9994686245918274,398,135
87,2900,7,0.4184615910053253,0.25617000460624695,-0.12137999385595322,0.9997946619987488,401,138
87,2900,8,0.42295825481414795,0.2542387545108795,-0.02156851626932621,0.9991416931152344,406,137
87,2900,9,0.41241538524627686,0.2750599980354309,-0.0740450993180275,0.9994638562202454,395,148
87,2900,10,0.41340839862823486,0.27530914545059204,-0.04639221355319023,0.9990667104721069,396,148
87,2900,11,0.43639257550239563,0.32417377829551697,-0.16511546075344086,0.9999833106994629,418,175
87,2900,12,0.4339999258518219,0.3215899169445038,0.05571034178137779,0.9994161128997803,416,173
87,2900,13,0.4432294964790344,0.43314671516418457,-0.19270522892475128,0.9942921996116638,425,233
87,2900,14,0.41824761033058167,0.41861528158187866,0.08482326567173004,0.04533908888697624,401,226
87,2900,15,0.4355378746986389,0.5313472151756287,-0.17860634624958038,0.9825055599212646,418,286
87,2900,16,0.38332992792129517,0.46402373909950256,0.03362423926591873,0.34046071767807007,367,250
87,2900,17,0.43546295166015625,0.5560357570648193,-0.19311586022377014,0.9739803075790405,418,300
87,2900,18,0.37280359864234924,0.4805479347705841,0.030171241611242294,0.41121920943260193,357,259
87,2900,19,0.42936381697654724,0.5535164475440979,-0.195054829120636,0.9731742143630981,412,298
87,2900,20,0.3711306154727936,0.4788496792316437,0.009735288098454475,0.4337133467197418,356,258
87,2900,21,0.42849960923194885,0.5457280874252319,-0.17749114334583282,0.9565306305885315,411,294
87,2900,22,0.3752761483192444,0.4723927080631256,0.022003021091222763,0.44234126806259155,360,255
87,2900,23,0.4369410276412964,0.5071881413459778,-0.06884303689002991,0.9999763369560242,419,273
87,2900,24,0.4390135109424591,0.5005899667739868,0.06879021972417831,0.9999579191207886,421,270
87,2900,25,0.413724422454834,0.6339555978775024,-0.016706746071577072,0.9720796942710876,397,342
87,2900,26,0.43003445863723755,0.616428792476654,0.11071080714464188,0.8484302163124084,412,332
87,2900,27,0.41719532012939453,0.7634024620056152,0.0471506267786026,0.9790543913841248,400,412
87,2900,28,0.4918089807033539,0.690173327922821,0.15740042924880981,0.9211399555206299,472,372
87,2900,29,0.4281320869922638,0.790804386138916,0.05082140862941742,0.9561079144477844,411,427
87,2900,30,0.5062769055366516,0.6886985898017883,0.1613582819700241,0.9299594759941101,486,371
87,2900,31,0.3798671066761017,0.7897037267684937,0.0018212732393294573,0.9779812693595886,364,426
87,2900,32,0.4951704442501068,0.7358214259147644,0.13628937304019928,0.9358629584312439,475,397
88,2933,0,0.3956829011440277,0.25885093212127686,-0.06585877388715744,0.9970690011978149,379,139
88,2933,1,0.39772793650627136,0.24647843837738037,-0.08020878583192825,0.9963940978050232,381,133
88,2933,2,0.39810991287231445,0.24637900292873383,-0.08033932000398636,0.9967032074928284,382,133
88,2933,3,0.39827319979667664,0.24633394181728363,-0.08031552284955978,0.9976218938827515,382,133
88,2933,4,0.398429274559021,0.24572952091693878,-0.058644603937864304,0.9966062307357788,382,132
88,2933,5,0.39924877882003784,0.24527017772197723,-0.05882022902369499,0.9970942139625549,383,132
88,2933,6,0.4002854526042938,0.24450847506523132,-0.058980487287044525,0.9977891445159912,384,132
88,2933,7,0.4041553735733032,0.2496950775384903,-0.12502869963645935,0.9989054799079895,387,134
88,2933,8,0.4072701334953308,0.24729664623737335,-0.02901843562722206,0.9967868328094482,390,133
88,2933,9,0.39996305108070374,0.26951345801353455,-0.07511358708143234,0.9982098937034607,383,145
88,2933,10,0.4006367623806,0.26939910650253296,-0.048068106174468994,0.9971901178359985,384,145
88,2933,11,0.42110195755958557,0.32047754526138306,-0.16928091645240784,0.9999673366546631,404,173
88,2933,12,0.42305639386177063,0.31609439849853516,0.05222640186548233,0.9990675449371338,406,170
88,2933,13,0.42264777421951294,0.431458979845047,-0.19282974302768707,0.9898248314857483,405,232
88,2933,14,0.4090953469276428,0.4184570908546448,0.08061779290437698,0.04135991260409355,392,225
88,2933,15,0.41132673621177673,0.5287926197052002,-0.16919134557247162,0.9597510099411011,394,285
88,2933,16,0.38130393624305725,0.47351452708244324,0.03571673855185509,0.3103048801422119,366,255
88,2933,17,0.4085421860218048,0.5531269311904907,-0.18338441848754883,0.9435582756996155,392,298
88,2933,18,0.37322714924812317,0.4942595362663269,0.03219824656844139,0.3762553632259369,358,266
88,2933,19,0.4042021930217743,0.5503345131874084,-0.18350891768932343,0.941724956035614,388,297
88,2933,20,0.37050849199295044,0.4955710470676422,0.012665296904742718,0.3967868387699127,355,267
88,2933,21,0.4045569598674774,0.5422968864440918,-0.16708537936210632,0.9151615500450134,388,292
88,2933,22,0.37526509165763855,0.484550416469574,0.024737924337387085,0.4047791659832001,360,261
88,2933,23,0.4258919656276703,0.4965033531188965,-0.06968677788972855,0.9999693632125854,408,268
88,2933,24,0.42721521854400635,0.4907155930995941,0.0696403905749321,0.9999446868896484,410,264
88,2933,25,0.4083811342716217,0.6323204040527344,-0.013571281917393208,0.9580748677253723,392,341
88,2933,26,0.41349366307258606,0.6108635663986206,0.12089724093675613,0.7727242708206177,396,329
88,2933,27,0.41847243905067444,0.7642725706100464,0.046740517020225525,0.9780997633934021,401,412
88,2933,28,0.46617335081100464,0.6921185255050659,0.1888146698474884,0.8633285164833069,447,373
88,2933,29,0.4288921356201172,0.7906931042671204,0.049513574689626694,0.9484547972679138,411,426
88,2933,30,0.47832730412483215,0.6992677450180054,0.19406965374946594,0.884946346282959,459,377
88,2933,31,0.3810799717903137,0.7896018624305725,-0.007827317342162132,0.9745720028877258,365,426
88,2933,32,0.45514601469039917,0.7392282485961914,0.16342119872570038,0.8874636292457581,436,399
89,2966,0,0.39448270201683044,0.25721240043640137,-0.06671091914176941,0.9958670735359192,378,138
89,2966,1,0.39677849411964417,0.24437586963176727,-0.08100739866495132,0.9951138496398926,380,131
89,2966,2,0.39707663655281067,0.24417583644390106,-0.08114904910326004,0.9954947233200073,381,131
89,2966,3,0.3971529006958008,0.24393878877162933,-0.0811217650771141,0.9966840147972107,381,131
89,2966,4,0.39787617325782776,0.24378791451454163,-0.05991754308342934,0.9955095052719116,381,131
89,2966,5,0.39883163571357727,0.24327576160430908,-0.06011076644062996,0.9961578845977783,382,131
89,2966,6,0.3996428847312927,0.24250462651252747,-0.06031960994005203,0.9970686435699463,383,130
89,2966,7,0.4033327102661133,0.24765610694885254,-0.12495002150535583,0.9984418153762817,387,133
89,2966,8,0.40647241473197937,0.24618574976921082,-0.030322564765810966,0.9957680702209473,390,132
89,2966,9,0.3992278277873993,0.2682805359363556,-0.07567166537046432,0.9971339106559753,383,144
89,2966,10,0.3994661271572113,0.2682196795940399,-0.04956701025366783,0.9956634044647217,383,144
89,2966,11,0.42012521624565125,0.3194432556629181,-0.1678989976644516,0.9999414682388306,403,172
89,2966,12,0.4198426902294159,0.316476434469223,0.05140138790011406,0.998437762260437,403,170
89,2966,13,0.42282408475875854,0.4302029609680176,-0.1917606145143509,0.9852010607719421,405,232
89,2966,14,0.4101134240627289,0.4183276891708374,0.07684914767742157,0.0375748872756958,393,225
89,2966,15,0.4102994501590729,0.5250237584114075,-0.17280830442905426,0.9274482131004333,393,283
89,2966,16,0.3881274163722992,0.4831922650337219,0.036361612379550934,0.28036898374557495,372,260
89,2966,17,0.40971872210502625,0.5515074133872986,-0.18750160932540894,0.9044519662857056,393,297
89,2966,18,0.3801071345806122,0.4990835189819336,0.03302811458706856,0.3404523432254791,364,269
89,2966,19,0.4036017656326294,0.5463610887527466,-0.18774913251399994,0.901721715927124,387,295
89,2966,20,0.37705764174461365,0.502192497253418,0.014278826303780079,0.3589910864830017,361,271
89,2966,21,0.40397292375564575,0.53951495885849,-0.17101344466209412,0.8664966225624084,387,291
89,2966,22,0.3810189962387085,0.49631941318511963,0.02596200630068779,0.3663269281387329,365,268
89,2966,23,0.4231555163860321,0.4953707754611969,-0.06967319548130035,0.9999609589576721,406,267
89,2966,24,0.423772931098938,0.490367591381073,0.06963061541318893,0.9999269247055054,406,264
89,2966,25,0.40695255994796753,0.6316902041435242,-0.020122362300753593,0.9558470249176025,390,341
89,2966,26,0.4130930006504059,0.6106626987457275,0.12071730941534042,0.7153306007385254,396,329
89,2966,27,0.41759568452835083,0.7641153335571289,0.031866688281297684,0.978925347328186,400,412
89,2966,28,0.46376198530197144,0.6948040723800659,0.18782424926757812,0.8372941613197327,445,375
89,2966,29,0.4288088381290436,0.790532648563385,0.03357546776533127,0.9472114443778992,411,426
89,2966,30,0.4754156172275543,0.7044588923454285,0.1928683966398239,0.8650974035263062,456,380
89,2966,31,0.3808080554008484,0.7888755798339844,-0.02633126825094223,0.9742705225944519,365,425
89,2966,32,0.44933509826660156,0.7402973175048828,0.16185466945171356,0.8651881217956543,431,399
90,3000,0,0.38264191150665283,0.2541896402835846,-0.048008523881435394,0.9948259592056274,367,137
90,3000,1,0.38349649310112,0.24238517880439758,-0.0625457689166069,0.9941014647483826,368,130
90,3000,2,0.383568674325943,0.24224992096424103,-0.06266729533672333,0.9944429397583008,368,130
90,3000,3,0.3833988606929779,0.24209818243980408,-0.06263608485460281,0.9959924817085266,368,130
90,3000,4,0.38518670201301575,0.2413526475429535,-0.043816450983285904,0.9944950938224792,369,130
90,3000,5,0.3864269256591797,0.24059289693832397,-0.044002749025821686,0.9951487183570862,370,129
90,3000,6,0.38746991753578186,0.23965498805046082,-0.04411114752292633,0.9962921738624573,371,129
90,3000,7,0.38804423809051514,0.24515250325202942,-0.10157240927219391,0.9981879591941833,372,132
90,3000,8,0.39607474207878113,0.2425716519355774,-0.017215879634022713,0.9948539137840271,380,130
90,3000,9,0.38669928908348083,0.26445522904396057,-0.05671762302517891,0.996137797832489,371,142
90,3000,10,0.38821664452552795,0.2638259530067444,-0.03351866081357002,0.9940866827964783,372,142
90,3000,11,0.4032076299190521,0.31647011637687683,-0.14515021443367004,0.999925434589386,387,170
90,3000,12,0.41591304540634155,0.31068575382232666,0.0527007170021534,0.9975630044937134,399,167
90,3000,13,0.40316101908683777,0.4292013347148895,-0.16269494593143463,0.9796664118766785,387,231
90,3000,14,0.4165784418582916,0.4179793894290924,0.07865473628044128,0.03390911966562271,399,225
90,3000,15,0.38465169072151184,0.5118731260299683,-0.13077810406684875,0.9028412103652954,369,276
90,3000,16,0.39402082562446594,0.49429774284362793,0.042923860251903534,0.25247853994369507,378,266
90,3000,17,0.38226407766342163,0.5409443378448486,-0.1437395066022873,0.8737220168113708,366,292
90,3000,18,0.3928012251853943,0.5178784132003784,0.0398281067609787,0.3066979646682739,377,279
90,3000,19,0.37743714451789856,0.5368338823318481,-0.1428372859954834,0.8710496425628662,362,289
90,3000,20,0.3892141878604889,0.5215350389480591,0.024786489084362984,0.3233965039253235,373,281
90,3000,21,0.3775215446949005,0.5259811878204346,-0.12832842767238617,0.825804591178894,362,284
90,3000,22,0.3897797465324402,0.5090208053588867,0.03465211018919945,0.3300229609012604,374,274
90,3000,23,0.4112679064273834,0.4961068630218506,-0.06828878819942474,0.9998879432678223,394,267
90,3000,24,0.4198204278945923,0.48939141631126404,0.06826625764369965,0.9997475147247314,403,264
90,3000,25,0.40453359484672546,0.6301449537277222,-0.0203841719776392,0.9251883625984192,388,340
90,3000,26,0.4067823588848114,0.6113414764404297,0.1126842349767685,0.6450677514076233,390,330
90,3000,27,0.4175611436367035,0.7643019556999207,0.030195793136954308,0.9652536511421204,400,412
90,3000,28,0.43070265650749207,0.7204717993736267,0.173672616481781,0.7601743936538696,413,389
90,3000,29,0.4287360906600952,0.7904863357543945,0.03167830407619476,0.9206706881523132,411,426
90,3000,30,0.44242754578590393,0.7410730123519897,0.1777728945016861,0.7950977683067322,424,400
90,3000,31,0.38073810935020447,0.7889962196350098,-0.0259946770966053,0.9542663097381592,365,426
90,3000,32,0.4023555815219879,0.7444125413894653,0.1467646062374115,0.7916350364685059,386,401
91,3033,0,0.3801532983779907,0.2528795897960663,-0.04860084503889084,0.9943864345550537,364,136
91,3033,1,0.3814171254634857,0.2409975379705429,-0.06255997717380524,0.9936063885688782,366,130
91,3033,2,0.3814655840396881,0.24086351692676544,-0.06268004328012466,0.9939300417900085,366,130
91,3033,3,0.381262868642807,0.24077162146568298,-0.06263843923807144,0.9956260919570923,366,130
91,3033,4,0.38327735662460327,0.2399231493473053,-0.04389018192887306,0.9940736889839172,367,129
91,3033,5,0.38520100712776184,0.2389516830444336,-0.04407854005694389,0.9947776794433594,369,129
91,3033,6,0.38639649748802185,0.23805977404117584,-0.04417789354920387,0.9959943294525146,370,128
91,3033,7,0.3868120312690735,0.2438969612121582,-0.09733153134584427,0.9980126619338989,371,131
91,3033,8,0.3941788971424103,0.2416386604309082,-0.013470398262143135,0.9943879246711731,378,130
91,3033,9,0.3845038115978241,0.26323941349983215,-0.05612702667713165,0.9955582618713379,369,142
91,3033,10,0.3860369920730591,0.2627059519290924,-0.03308812528848648,0.9933052659034729,370,141
91,3033,11,0.4011116623878479,0.31538569927215576,-0.14313249289989471,0.9999163150787354,385,170
91,3033,12,0.4124627113342285,0.3078458905220032,0.05778605118393898,0.9972243905067444,395,166
91,3033,13,0.4025056064128876,0.42806950211524963,-0.1634605973958969,0.9783655405044556,386,231
91,3033,14,0.41428253054618835,0.4165349006652832,0.07969531416893005,0.031044024974107742,397,224
91,3033,15,0.3831688165664673,0.5059179663658142,-0.13959023356437683,0.8873023390769958,367,273
91,3033,16,0.3951340913772583,0.49335846304893494,0.0483894869685173,0.22736778855323792,379,266
91,3033,17,0.38083261251449585,0.533720076084137,-0.1538410782814026,0.850967526435852,365,288
91,3033,18,0.39260733127593994,0.5150806903839111,0.04555124044418335,0.2762337028980255,376,278
91,3033,19,0.37607842683792114,0.5286722183227539,-0.15235565602779388,0.848344624042511,361,285
91,3033,20,0.38923022150993347,0.5164247155189514,0.030107179656624794,0.29127082228660583,373,278
91,3033,21,0.3769102394580841,0.5177989602088928,-0.13699612021446228,0.7930441498756409,361,279
91,3033,22,0.3900397717952728,0.5071048736572266,0.03999745845794678,0.29725226759910583,374,273
91,3033,23,0.4096761643886566,0.49453338980674744,-0.06829003989696503,0.9998089075088501,393,267
91,3033,24,0.4157329499721527,0.48583000898361206,0.06827009469270706,0.999548614025116,399,262
91,3033,25,0.4031416177749634,0.623528242111206,-0.022107267752289772,0.8832928538322449,387,336
91,3033,26,0.40422162413597107,0.6067238450050354,0.10894395411014557,0.5814489126205444,388,327
91,3033,27,0.4167390465736389,0.7632925510406494,0.02300376445055008,0.9463589787483215,400,412
91,3033,28,0.42622706294059753,0.7329452037811279,0.16642138361930847,0.6887491345405579,409,395
91,3033,29,0.42899808287620544,0.7903586626052856,0.02386321872472763,0.8963480591773987,411,426
91,3033,30,0.4363863170146942,0.7586764693260193,0.1698598563671112,0.7300323247909546,418,409
91,3033,31,0.3813125789165497,0.7886778116226196,-0.035725321620702744,0.9309074878692627,366,425
91,3033,32,0.39437398314476013,0.7469119429588318,0.13609562814235687,0.7221556901931763,378,403
92,3066,0,0.369686096906662,0.24920392036437988,-0.051606304943561554,0.9924479126930237,354,134
92,3066,1,0.3704169690608978,0.23808439075946808,-0.06691782921552658,0.9918855428695679,355,128
92,3066,2,0.3703785538673401,0.2375352382659912,-0.06705525517463684,0.9923220276832581,355,128
92,3066,3,0.3701708912849426,0.23731735348701477,-0.06702717393636703,0.9945985078811646,355,128
92,3066,4,0.37205880880355835,0.2373390793800354,-0.047410402446985245,0.9921512603759766,357,128
92,3066,5,0.37322184443473816,0.23654256761074066,-0.04760183393955231,0.9929032921791077,358,127
92,3066,6,0.37423643469810486,0.23568834364414215,-0.047704119235277176,0.9946174621582031,359,127
92,3066,7,0.3740496039390564,0.2410191297531128,-0.10241026431322098,0.9976146221160889,359,130
92,3066,8,0.38117989897727966,0.23880288004875183,-0.014847374521195889,0.9922562837600708,365,128
92,3066,9,0.3724273145198822,0.2587268352508545,-0.059531938284635544,0.9944790601730347,357,139
92,3066,10,0.3738148510456085,0.2586174011230469,-0.03531699627637863,0.9913321733474731,358,139
92,3066,11,0.38934361934661865,0.30718672275543213,-0.1459454894065857,0.9999160766601562,373,165
92,3066,12,0.3947044610977173,0.30061647295951843,0.06191660463809967,0.996877133846283,378,162
92,3066,13,0.3847184479236603,0.4184063673019409,-0.16782115399837494,0.9751595854759216,369,225
92,3066,14,0.3958224654197693,0.40663233399391174,0.0856243148446083,0.02813928946852684,379,219
92,3066,15,0.36417725682258606,0.48827335238456726,-0.13523563742637634,0.8723992109298706,349,263
92,3066,16,0.3859831392765045,0.490402489900589,0.04802817851305008,0.2048804759979248,370,264
92,3066,17,0.3583832383155823,0.5082278251647949,-0.148725226521492,0.8309314846992493,344,274
92,3066,18,0.38654279708862305,0.5057819485664368,0.04547969251871109,0.2490774691104889,371,273
92,3066,19,0.3553556501865387,0.5005890727043152,-0.14733043313026428,0.8270846605300903,341,270
92,3066,20,0.3825463056564331,0.506020188331604,0.028741588816046715,0.262619286775589,367,273
92,3066,21,0.35724639892578125,0.4948452413082123,-0.13213752210140228,0.761918306350708,342,267
92,3066,22,0.38313859701156616,0.4979189932346344,0.0390680767595768,0.2680537700653076,367,268
92,3066,23,0.4018150866031647,0.49050915241241455,-0.06828495860099792,0.9998217225074768,385,264
92,3066,24,0.39167681336402893,0.48529285192489624,0.06826364994049072,0.9995769262313843,376,262
92,3066,25,0.40494105219841003,0.6193503141403198,-0.034275468438863754,0.8889828324317932,388,334
92,3066,26,0.368624746799469,0.5996893644332886,0.09609620273113251,0.5431077480316162,353,323
92,3066,27,0.41677045822143555,0.758768618106842,0.014231571927666664,0.9500420689582825,400,409
92,3066,28,0.39121049642562866,0.7320431470870972,0.1597299873828888,0.6729863286018372,375,395
92,3066,29,0.4274264872074127,0.7839993834495544,0.015371277928352356,0.8934751749038696,410,423
92,3066,30,0.40035784244537354,0.7449374794960022,0.163163959980011,0.711203932762146,384,402
92,3066,31,0.37997785210609436,0.7875736951828003,-0.05337649583816528,0.9344386458396912,364,425
92,3066,32,0.37062063813209534,0.758474588394165,0.12691402435302734,0.7125343084335327,355,409
93,3100,0,0.36794015765190125,0.2486475557088852,-0.060263410210609436,0.9927823543548584,353,134
93,3100,1,0.36924654245376587,0.23662947118282318,-0.07277892529964447,0.9923363327980042,354,127
93,3100,2,0.3692246079444885,0.2362084835767746,-0.07292815297842026,0.9927380681037903,354,127
93,3100,3,0.3690204918384552,0.23594118654727936,-0.0728997215628624,0.9948784112930298,354,127
93,3100,4,0.37055501341819763,0.23619353771209717,-0.05294721946120262,0.992572009563446,355,127
93,3100,5,0.3713761568069458,0.23561224341392517,-0.05316263809800148,0.9932692646980286,356,127
93,3100,6,0.37202608585357666,0.2349010556936264,-0.05327160656452179,0.9948720932006836,357,126
93,3100,7,0.37412506341934204,0.2404325157403946,-0.10274669528007507,0.9977075457572937,359,129
93,3100,8,0.3789554536342621,0.2381628304719925,-0.012980321422219276,0.9924027919769287,363,128
93,3100,9,0.37224388122558594,0.25828489661216736,-0.06079160049557686,0.9944440126419067,357,139
93,3100,10,0.37240657210350037,0.2587079703807831,-0.036542270332574844,0.9912417531013489,357,139
93,3100,11,0.3883071541786194,0.30372023582458496,-0.1481124758720398,0.9999164938926697,372,164
93,3100,12,0.39035722613334656,0.3007536232471466,0.07662348449230194,0.9967350363731384,374,162
93,3100,13,0.3862154185771942,0.4103879928588867,-0.1657707840204239,0.9751926064491272,370,221
93,3100,14,0.39302822947502136,0.40379634499549866,0.10479261726140976,0.025612778961658478,377,218
93,3100,15,0.3643072843551636,0.4802078902721405,-0.13487344980239868,0.8712950348854065,349,259
93,3100,16,0.38196861743927,0.4857976734638214,0.05053315684199333,0.1849493831396103,366,262
93,3100,17,0.3582521378993988,0.49675366282463074,-0.14902471005916595,0.8275438547134399,343,268
93,3100,18,0.3792755901813507,0.5014403462409973,0.046522367745637894,0.22526557743549347,364,270
93,3100,19,0.35383132100105286,0.48991823196411133,-0.14808417856693268,0.82344651222229,339,264
93,3100,20,0.3754937946796417,0.5047017931938171,0.028362354263663292,0.23749125003814697,360,272
93,3100,21,0.3562640845775604,0.4839186370372772,-0.13193337619304657,0.7532485723495483,342,261
93,3100,22,0.3788222372531891,0.49497708678245544,0.04022999107837677,0.24246707558631897,363,267
93,3100,23,0.4031464457511902,0.4898904860019684,-0.0698399767279625,0.9998313188552856,387,264
93,3100,24,0.3908780515193939,0.4854489862918854,0.06985773891210556,0.9995976686477661,375,262
93,3100,25,0.40724295377731323,0.6201494336128235,-0.04929974302649498,0.897243320941925,390,334
93,3100,26,0.3659769296646118,0.6007893085479736,0.07952092587947845,0.52811598777771,351,324
93,3100,27,0.41690510511398315,0.7572605013847351,-0.0046549043618142605,0.9540630578994751,400,408
93,3100,28,0.38965097069740295,0.7301422357559204,0.14022107422351837,0.6779069304466248,374,394
93,3100,29,0.42778512835502625,0.7826873660087585,-0.004113540984690189,0.8974243402481079,410,422
93,3100,30,0.3984597325325012,0.7387533783912659,0.1437487006187439,0.7117217183113098,382,398
93,3100,31,0.37977370619773865,0.787383496761322,-0.07889894396066666,0.9390387535095215,364,425
93,3100,32,0.3700527846813202,0.764967679977417,0.0942072868347168,0.7190783619880676,355,413
94,3133,0,0.35618066787719727,0.24627013504505157,-0.023402737453579903,0.9931005239486694,341,132
94,3133,1,0.3561045229434967,0.2351631075143814,-0.03983895108103752,0.9926727414131165,341,126
94,3133,2,0.35554206371307373,0.23495733737945557,-0.03998059406876564,0.9930660128593445,341,126
94,3133,3,0.3548487722873688,0.2348218709230423,-0.03996283560991287,0.9951213002204895,340,126
94,3133,4,0.3590642213821411,0.23442570865154266,-0.019133899360895157,0.9929101467132568,344,126
94,3133,5,0.3605126440525055,0.23376984894275665,-0.019327668473124504,0.9935881495475769,346,126
94,3133,6,0.36191239953041077,0.23295651376247406,-0.019407061859965324,0.9951199293136597,347,125
94,3133,7,0.35760000348091125,0.23975324630737305,-0.08311202377080917,0.9978286027908325,343,129
94,3133,8,0.36819902062416077,0.23688848316669464,0.01083416398614645,0.992705762386322,353,127
94,3133,9,0.3578072786331177,0.2564767599105835,-0.033694230020046234,0.9947443604469299,343,138
94,3133,10,0.36002084612846375,0.25612935423851013,-0.007892384193837643,0.991697371006012,345,138
94,3133,11,0.37306007742881775,0.3027633726596832,-0.14038817584514618,0.9999229907989502,358,163
94,3133,12,0.3798915445804596,0.29926055669784546,0.09064020216464996,0.9969247579574585,364,161
94,3133,13,0.36608564853668213,0.4116915762424469,-0.15751543641090393,0.9766672849655151,351,222
94,3133,14,0.3927602767944336,0.4047389626502991,0.11750056594610214,0.02341616339981556,377,218
94,3133,15,0.3251800835132599,0.4780862331390381,-0.12244189530611038,0.8787313103675842,312,258
94,3133,16,0.3818061053752899,0.4817984104156494,0.06980028748512268,0.16707657277584076,366,260
94,3133,17,0.3164636194705963,0.49780911207199097,-0.13833525776863098,0.8353962302207947,303,268
94,3133,18,0.3812970519065857,0.49958890676498413,0.0648372545838356,0.2038344442844391,366,269
94,3133,19,0.3112051784992218,0.49058136343955994,-0.13297469913959503,0.8307182192802429,298,264
94,3133,20,0.3775250315666199,0.5015329718589783,0.04748988896608353,0.21484114229679108,362,270
94,3133,21,0.31486231088638306,0.4844295382499695,-0.11744370311498642,0.7570757865905762,302,261
94,3133,22,0.3792777359485626,0.49287182092666626,0.05979965999722481,0.21935813128948212,364,266
94,3133,23,0.3880176842212677,0.48487451672554016,-0.06991169601678848,0.9998458623886108,372,261
94,3133,24,0.3787213861942291,0.4810083508491516,0.06993817538022995,0.999631404876709,363,259
94,3133,25,0.40302976965904236,0.6132863163948059,-0.06230159103870392,0.9043968319892883,386,331
94,3133,26,0.3500615060329437,0.6017166376113892,0.06473078578710556,0.5037750005722046,336,324
94,3133,27,0.4164019823074341,0.7546390295028687,-0.031161975115537643,0.9568972587585449,399,407
94,3133,28,0.3524187505245209,0.7385846972465515,0.09584398567676544,0.6793018579483032,338,398
94,3133,29,0.42662057280540466,0.7806441783905029,-0.03259195759892464,0.8945760130882263,409,421
94,3133,30,0.35965803265571594,0.7603484392166138,0.09578153491020203,0.7082527279853821,345,410
94,3133,31,0.3806741535663605,0.7886198163032532,-0.1086309403181076,0.9420751333236694,365,425
94,3133,32,0.32378634810447693,0.7654525637626648,0.04041970893740654,0.7256597876548767,310,413
95,3166,0,0.3555372953414917,0.2458259016275406,-0.038512591272592545,0.9934248924255371,341,132
95,3166,1,0.3548522889614105,0.23412863910198212,-0.05333353579044342,0.9930129051208496,340,126
95,3166,2,0.35383859276771545,0.23416684567928314,-0.05347177013754845,0.993396520614624,339,126
95,3166,3,0.3527730405330658,0.2342383712530136,-0.053444020450115204,0.995347261428833,338,126
95,3166,4,0.3587026596069336,0.23286303877830505,-0.03260578587651253,0.9932552576065063,344,125
95,3166,5,0.36069220304489136,0.23201754689216614,-0.032793376594781876,0.9939254522323608,346,125
95,3166,6,0.3621825873851776,0.23113428056240082,-0.032880380749702454,0.9953754544258118,347,124
95,3166,7,0.35594886541366577,0.239272341132164,-0.08364506810903549,0.997929036617279,341,129
95,3166,8,0.3675411641597748,0.23555362224578857,0.003522095736116171,0.9930186867713928,352,127
95,3166,9,0.35684558749198914,0.25615498423576355,-0.04679156467318535,0.9949594736099243,342,138
95,3166,10,0.3603319227695465,0.2555486559867859,-0.021066613495349884,0.9920531511306763,345,137
95,3166,11,0.3711812198162079,0.3038688004016876,-0.1493474394083023,0.9999274611473083,356,164
95,3166,12,0.37856367230415344,0.29972243309020996,0.08940920233726501,0.9970408082008362,363,161
95,3166,13,0.3630894422531128,0.41317254304885864,-0.16371136903762817,0.977894127368927,348,223
95,3166,14,0.3877481520175934,0.4036935865879059,0.10916760563850403,0.021321039646863937,372,217
95,3166,15,0.32305341958999634,0.48000794649124146,-0.1305478811264038,0.8839939832687378,310,259
95,3166,16,0.37928783893585205,0.4802844524383545,0.0669284537434578,0.15072079002857208,364,259
95,3166,17,0.31451526284217834,0.4985482096672058,-0.146943598985672,0.8403141498565674,301,269
95,3166,18,0.38215479254722595,0.4986318051815033,0.06267432868480682,0.18413500487804413,366,269
95,3166,19,0.30975541472435,0.4920154809951782,-0.1427602618932724,0.8353089690208435,297,265
95,3166,20,0.3776153326034546,0.5004653334617615,0.044190093874931335,0.19406333565711975,362,270
95,3166,21,0.3140192925930023,0.4870005249977112,-0.12616190314292908,0.7576184868812561,301,262
95,3166,22,0.3783952593803406,0.49223434925079346,0.05666155740618706,0.19816771149635315,363,265
95,3166,23,0.38727959990501404,0.48682862520217896,-0.06947897374629974,0.9998564720153809,371,262
95,3166,24,0.37888532876968384,0.4826991856098175,0.06953220069408417,0.999656081199646,363,260
95,3166,25,0.40318530797958374,0.613639235496521,-0.04546906054019928,0.9102471470832825,387,331
95,3166,26,0.3483157455921173,0.6029585003852844,0.0697207897901535,0.4915068447589874,334,325
95,3166,27,0.416433721780777,0.7505543231964111,-0.008288721553981304,0.9590084552764893,399,405
95,3166,28,0.3496397137641907,0.7424376010894775,0.10335544496774673,0.6900681853294373,335,400
95,3166,29,0.4256851375102997,0.7745921015739441,-0.006135101430118084,0.8908356428146362,408,418
95,3166,30,0.357787162065506,0.7651697397232056,0.1037391647696495,0.7116430401802063,343,413
95,3166,31,0.38188058137893677,0.7886608839035034,-0.07829863578081131,0.944095253944397,366,425
95,3166,32,0.3205905258655548,0.7667959332466125,0.04641503840684891,0.7376033663749695,307,414
96,3200,0,0.3433922529220581,0.24370546638965607,0.020692462101578712,0.9940269589424133,329,131
96,3200,1,0.3426528573036194,0.23339515924453735,0.0041419207118451595,0.9936627149581909,328,126
96,3200,2,0.3417149484157562,0.2335030883550644,0.004020859021693468,0.9940112233161926,328,126
96,3200,3,0.3406689465045929,0.23366060853004456,0.004041661042720079,0.99578458070755,327,126
96,3200,4,0.3465741276741028,0.23218560218811035,0.021931719034910202,0.9938873648643494,332,125
96,3200,5,0.34830233454704285,0.23146507143974304,0.021748028695583344,0.9944940209388733,334,124
96,3200,6,0.34997355937957764,0.2306625097990036,0.02170564793050289,0.995806097984314,335,124
96,3200,7,0.34138956665992737,0.23906846344470978,-0.047143448144197464,0.9981243014335632,327,129
96,3200,8,0.35514986515045166,0.23525728285312653,0.03292760252952576,0.9936627149581909,340,127
96,3200,9,0.3441241681575775,0.25408124923706055,0.007011050824075937,0.9954324960708618,330,137
96,3200,10,0.34752023220062256,0.25348973274230957,0.028904832899570465,0.9927942752838135,333,136
96,3200,11,0.35647711157798767,0.301870733499527,-0.10878361761569977,0.9999333620071411,342,163
96,3200,12,0.3719891607761383,0.2978418171405792,0.09997526556253433,0.9972953200340271,357,160
96,3200,13,0.3446282148361206,0.407258540391922,-0.12673336267471313,0.979387640953064,330,219
96,3200,14,0.3774684965610504,0.404390424489975,0.1281408667564392,0.020711392164230347,362,218
96,3200,15,0.30217182636260986,0.4636404812335968,-0.0930803120136261,0.892658531665802,290,250
96,3200,16,0.3660239279270172,0.47249141335487366,0.10408168286085129,0.1403757631778717,351,255
96,3200,17,0.29195636510849,0.4855898320674896,-0.10722458362579346,0.85133296251297,280,262
96,3200,18,0.3687173128128052,0.49260514974594116,0.10241608321666718,0.17348472774028778,353,266
96,3200,19,0.2885091006755829,0.47948166728019714,-0.09960184246301651,0.8465350866317749,276,258
96,3200,20,0.36520451307296753,0.4915306866168976,0.0864548310637474,0.1823299378156662,350,265
96,3200,21,0.29215195775032043,0.47377559542655945,-0.08727385103702545,0.7715153694152832,280,255
96,3200,22,0.3643682599067688,0.4850369989871979,0.09564463794231415,0.18541981279850006,349,261
96,3200,23,0.363735169172287,0.4842560887336731,-0.06477414816617966,0.9998676180839539,349,261
96,3200,24,0.38199540972709656,0.48049643635749817,0.06478691846132278,0.9996851086616516,366,259
96,3200,25,0.3335050046443939,0.6067984104156494,-0.010406478308141232,0.9138697385787964,320,327
96,3200,26,0.3621401786804199,0.6035672426223755,0.027843119576573372,0.5079373121261597,347,325
96,3200,27,0.3178967237472534,0.7446889281272888,0.0165716540068388,0.9612483382225037,305,402
96,3200,28,0.38644102215766907,0.7484012842178345,0.014898604713380337,0.709934651851654,370,404
96,3200,29,0.32211408019065857,0.77132248878479,0.015789590775966644,0.8971604704856873,309,416
96,3200,30,0.3954183757305145,0.7750594019889832,0.011395344510674477,0.7313531041145325,379,418
96,3200,31,0.284687876701355,0.7544691562652588,-0.028815142810344696,0.9456315040588379,273,407
96,3200,32,0.3714032471179962,0.7774268984794617,-0.03251577541232109,0.7525882124900818,356,419
97,3233,0,0.3413572609424591,0.24261143803596497,0.020862672477960587,0.9946050047874451,327,131
97,3233,1,0.34064170718193054,0.23240269720554352,0.0053572277538478374,0.9942817687988281,327,125
97,3233,2,0.3395334780216217,0.2326141893863678,0.005245269741863012,0.994596004486084,325,125
97,3233,3,0.33837586641311646,0.23288153111934662,0.005279636941850185,0.9961961507797241,324,125
97,3233,4,0.3448110818862915,0.2311275452375412,0.02351089008152485,0.9944872856140137,331,124
97,3233,5,0.34687283635139465,0.23044739663600922,0.023320548236370087,0.9950347542762756,332,124
97,3233,6,0.3485446870326996,0.22972652316093445,0.023275382816791534,0.9962170720100403,334,124
97,3233,7,0.34087222814559937,0.23864062130451202,-0.04087374359369278,0.9983071088790894,327,128
97,3233,8,0.3539166748523712,0.23465432226657867,0.04090505465865135,0.9942821860313416,339,126
97,3233,9,0.34215524792671204,0.25314170122146606,0.009156697429716587,0.9958739876747131,328,136
97,3233,10,0.3460405766963959,0.25231537222862244,0.031477395445108414,0.9934917688369751,332,136
97,3233,11,0.35394856333732605,0.3016732335090637,-0.10073935985565186,0.999938428401947,339,162
97,3233,12,0.3697817623615265,0.29711365699768066,0.1070585623383522,0.9975356459617615,354,160
97,3233,13,0.3440263569355011,0.40303513407707214,-0.1290854513645172,0.9809954762458801,330,217
97,3233,14,0.3767641484737396,0.4021769165992737,0.13611142337322235,0.02195046842098236,361,217
97,3233,15,0.3025277256965637,0.45632168650627136,-0.10789978504180908,0.9016826748847961,290,246
97,3233,16,0.3686291575431824,0.47235679626464844,0.1094430685043335,0.13646471500396729,353,255
97,3233,17,0.2937532365322113,0.4803542494773865,-0.1234329491853714,0.8633365631103516,282,259
97,3233,18,0.37133273482322693,0.4949272572994232,0.10696808993816376,0.17104153335094452,356,267
97,3233,19,0.28994619846343994,0.4748353660106659,-0.11676338315010071,0.8588910102844238,278,256
97,3233,20,0.3678363263607025,0.493952214717865,0.09034209698438644,0.17893770337104797,353,266
97,3233,21,0.2939571738243103,0.4671213924884796,-0.10280469805002213,0.7884570360183716,282,252
97,3233,22,0.36733120679855347,0.48713016510009766,0.10072945803403854,0.1803702414035797,352,263
97,3233,23,0.36201006174087524,0.4818359911441803,-0.0639122873544693,0.9998782277107239,347,260
97,3233,24,0.38023510575294495,0.4799124300479889,0.06392260640859604,0.9997125864028931,365,259
97,3233,25,0.3291914761066437,0.6018133163452148,-0.010350154712796211,0.9201509356498718,316,324
97,3233,26,0.37227681279182434,0.6041281819343567,0.01741008646786213,0.5402554273605347,357,326
97,3233,27,0.3133356273174286,0.7397847771644592,0.017751993611454964,0.9642775058746338,300,399
97,3233,28,0.40097588300704956,0.7484567761421204,0.008477317169308662,0.7326261401176453,384,404
97,3233,29,0.3179604411125183,0.767697811126709,0.01610991731286049,0.9053043723106384,305,414
97,3233,30,0.4093560576438904,0.7737876772880554,0.005422587972134352,0.753311812877655,392,417
97,3233,31,0.279684454202652,0.7483488321304321,-0.028169814497232437,0.9491143822669983,268,404
97,3233,32,0.3830322027206421,0.7811704874038696,-0.038906652480363846,0.770757794380188,367,421
98,3266,0,0.3305386006832123,0.24255605041980743,0.024318018928170204,0.9950894713401794,317,130
98,3266,1,0.3290172219276428,0.23261955380439758,0.006388311740010977,0.9948098659515381,315,125
98,3266,2,0.32774800062179565,0.2328660935163498,0.006254664622247219,0.9950997233390808,314,125
98,3266,3,0.3263798654079437,0.23318611085414886,0.00626565283164382,0.9965529441833496,313,125
98,3266,4,0.33335500955581665,0.2314385175704956,0.02181043103337288,0.9949987530708313,320,124
98,3266,5,0.3351772129535675,0.2308395802974701,0.02163315936923027,0.9954966306686401,321,124
98,3266,6,0.33707723021507263,0.23017708957195282,0.021605385467410088,0.9965627193450928,323,124
98,3266,7,0.32526546716690063,0.23901943862438202,-0.047658052295446396,0.998468816280365,312,129
98,3266,8,0.3423360288143158,0.23517145216464996,0.02431195043027401,0.9948009252548218,328,126
98,3266,9,0.32992199063301086,0.25337934494018555,0.010411867871880531,0.9962604641914368,316,136
98,3266,10,0.3335883319377899,0.2524125874042511,0.029103709384799004,0.9940926432609558,320,136
98,3266,11,0.3362005054950714,0.3024938106536865,-0.10354010760784149,0.9999432563781738,322,163
98,3266,12,0.3564622700214386,0.2977604568004608,0.09725447744131088,0.9977374076843262,342,160
98,3266,13,0.3260537087917328,0.4052894413471222,-0.11080517619848251,0.9824240803718567,313,218
98,3266,14,0.3610439896583557,0.4030025005340576,0.134932741522789,0.021636024117469788,346,217
98,3266,15,0.27972716093063354,0.44479525089263916,-0.06440986692905426,0.9088584184646606,268,240
98,3266,16,0.3519863784313202,0.46965762972831726,0.09225184470415115,0.12712842226028442,337,253
98,3266,17,0.2682228982448578,0.46171215176582336,-0.07517636567354202,0.8727554082870483,257,249
98,3266,18,0.3535033166408539,0.4926005005836487,0.09039108455181122,0.16173745691776276,339,266
98,3266,19,0.26551637053489685,0.4533398151397705,-0.06625299155712128,0.8683847784996033,254,244
98,3266,20,0.35022789239883423,0.48968935012817383,0.074991375207901,0.1686255931854248,336,264
98,3266,21,0.27002349495887756,0.4474847912788391,-0.057655785232782364,0.8007507920265198,259,241
98,3266,22,0.34858906269073486,0.4837380349636078,0.08395254611968994,0.16929058730602264,334,261
98,3266,23,0.3479037880897522,0.48458132147789,-0.05870137736201286,0.9998882412910461,333,261
98,3266,24,0.3714929223060608,0.480862021446228,0.05866188183426857,0.9997372031211853,356,259
98,3266,25,0.3130684196949005,0.603373646736145,0.01178660150617361,0.9272210597991943,300,325
98,3266,26,0.38165488839149475,0.6075448393821716,0.040911249816417694,0.5793296098709106,366,328
98,3266,27,0.2832563519477844,0.7379450798034668,0.048777952790260315,0.9674660563468933,271,398
98,3266,28,0.40838584303855896,0.7482024431228638,0.04947938397526741,0.7579823136329651,392,404
98,3266,29,0.2835090458393097,0.7667132019996643,0.04927626997232437,0.9138774871826172,272,414
98,3266,30,0.41768744587898254,0.7747851610183716,0.04867501184344292,0.7768406867980957,400,418
98,3266,31,0.24869398772716522,0.7267395853996277,0.01598600298166275,0.952926516532898,238,392
98,3266,32,0.3868083655834198,0.7840593457221985,0.014908721670508385,0.7911590933799744,371,423
99,3300,0,0.325384259223938,0.2431277185678482,0.011704857461154461,0.995573103427887,312,131
99,3300,1,0.3245452046394348,0.23305754363536835,-0.005553437862545252,0.9953233003616333,311,125
99,3300,2,0.3231421709060669,0.2332642376422882,-0.005688317120075226,0.9955850839614868,310,125
99,3300,3,0.3217433989048004,0.23354053497314453,-0.005657085217535496,0.9968942403793335,308,126
99,3300,4,0.3292597532272339,0.2319236844778061,0.011468052864074707,0.9954941272735596,316,125
99,3300,5,0.33102649450302124,0.23133081197738647,0.011281322687864304,0.9959430694580078,317,124
99,3300,6,0.33270758390426636,0.23066507279872894,0.011257234029471874,0.9969025254249573,319,124
99,3300,7,0.3224598467350006,0.23919330537319183,-0.054594915360212326,0.9986206293106079,309,129
99,3300,8,0.3384449779987335,0.23555704951286316,0.021675463765859604,0.9953139424324036,324,127
99,3300,9,0.32537612318992615,0.2538088858127594,-0.0002043272543232888,0.9966288208961487,312,137
99,3300,10,0.3296600878238678,0.25302642583847046,0.02046363241970539,0.9946736693382263,316,136
99,3300,11,0.333335816860199,0.3028222620487213,-0.10989431291818619,0.999948263168335,320,163
99,3300,12,0.35391199588775635,0.29806527495384216,0.0950324535369873,0.9979459047317505,339,160
99,3300,13,0.32457926869392395,0.40652981400489807,-0.12679576873779297,0.984027624130249,311,219
99,3300,14,0.3579494059085846,0.39997991919517517,0.1299559324979782,0.02298092469573021,343,215
99,3300,15,0.2776309549808502,0.4452206492424011,-0.0941113606095314,0.9174440503120422,266,240
99,3300,16,0.3493140935897827,0.4681873023509979,0.1045432835817337,0.12467577308416367,335,252
99,3300,17,0.26572975516319275,0.4620843827724457,-0.10817315429449081,0.8845765590667725,255,249
99,3300,18,0.3516252934932709,0.4914330244064331,0.10334140807390213,0.16255991160869598,337,265
99,3300,19,0.26227647066116333,0.45275062322616577,-0.10013262927532196,0.8805774450302124,251,244
99,3300,20,0.34823474287986755,0.48774656653404236,0.08708526194095612,0.16863198578357697,334,263
99,3300,21,0.2671215832233429,0.44727563858032227,-0.08809080719947815,0.8186863660812378,256,241
99,3300,22,0.34687477350234985,0.4820866286754608,0.09621512144804001,0.16802828013896942,332,260
99,3300,23,0.3469661772251129,0.4870060682296753,-0.05911948159337044,0.9998983144760132,333,262
99,3300,24,0.36899334192276,0.4826388955116272,0.059094998985528946,0.9997615218162537,354,260
99,3300,25,0.31440427899360657,0.6057619452476501,0.024575771763920784,0.9339063763618469,301,327
99,3300,26,0.38539382815361023,0.6144407391548157,0.042177699506282806,0.6187416315078735,369,331
99,3300,27,0.28218069672584534,0.7374310493469238,0.0771578922867775,0.970475971698761,270,398
99,3300,28,0.4113790690898895,0.7501817941665649,0.051173433661460876,0.7815312743186951,394,405
99,3300,29,0.2829732596874237,0.7663474082946777,0.07897544652223587,0.9219722151756287,271,413
99,3300,30,0.4213044345378876,0.7759882211685181,0.050302233546972275,0.7985368371009827,404,419
99,3300,31,0.24719372391700745,0.7251265645027161,0.0420243926346302,0.9570177793502808,237,391
99,3300,32,0.38578373193740845,0.7845121622085571,0.014207834377884865,0.8110563158988953,370,423
100,3333,0,0.3146379590034485,0.24654461443424225,0.03663202002644539,0.9959880709648132,302,133
100,3333,1,0.31221044063568115,0.23731952905654907,0.018450075760483742,0.9957703351974487,299,128
100,3333,2,0.31065255403518677,0.23751777410507202,0.018317192792892456,0.9960067868232727,298,128
100,3333,3,0.30899980664253235,0.23755128681659698,0.01833150163292885,0.9971924424171448,296,128
100,3333,4,0.3173052668571472,0.2362004518508911,0.03469112142920494,0.9959275126457214,304,127
100,3333,5,0.31938493251800537,0.23547035455703735,0.03451080247759819,0.9963324666023254,306,127
100,3333,6,0.3214597702026367,0.23461437225341797,0.03448297828435898,0.9971987009048462,308,126
100,3333,7,0.308852881193161,0.24428653717041016,-0.037606142461299896,0.9987531900405884,296,131
100,3333,8,0.32617810368537903,0.2391933798789978,0.03515554219484329,0.9957565665245056,313,129
100,3333,9,0.3142252266407013,0.25733867287635803,0.022049609571695328,0.9969466924667358,301,138
100,3333,10,0.31790891289711,0.256213515996933,0.041746336966753006,0.9951711297035217,305,138
100,3333,11,0.32345789670944214,0.30419692397117615,-0.09847448766231537,0.9999518990516663,310,164
100,3333,12,0.3415239155292511,0.3008304536342621,0.09660385549068451,0.9981212019920349,327,162
100,3333,13,0.3105407953262329,0.4051472842693329,-0.12654128670692444,0.9847256541252136,298,218
100,3333,14,0.34339985251426697,0.4013504385948181,0.12494846433401108,0.02210642769932747,329,216
100,3333,15,0.2607097923755646,0.4379024803638458,-0.09860143065452576,0.9208742380142212,250,236
100,3333,16,0.3387339413166046,0.47424978017807007,0.10021369159221649,0.115760438144207,325,256
100,3333,17,0.24701929092407227,0.4504023492336273,-0.11295117437839508,0.889278769493103,237,243
100,3333,18,0.33976495265960693,0.4976758658885956,0.09879052639007568,0.1529923677444458,326,268
100,3333,19,0.24528858065605164,0.4395487308502197,-0.102552630007267,0.8850196599960327,235,237
100,3333,20,0.3342856466770172,0.49502694606781006,0.08269862085580826,0.15819507837295532,320,267
100,3333,21,0.2505084276199341,0.43541890382766724,-0.09182979166507721,0.8223264813423157,240,235
100,3333,22,0.33320826292037964,0.4852175712585449,0.09196104109287262,0.1572459638118744,319,262
100,3333,23,0.33314546942710876,0.49329566955566406,-0.055666934698820114,0.9999074935913086,319,266
100,3333,24,0.35676994919776917,0.4879349172115326,0.055631253868341446,0.9997839331626892,342,263
100,3333,25,0.2968711853027344,0.609392523765564,0.05314566567540169,0.937782883644104,284,329
100,3333,26,0.3789716958999634,0.6168516874313354,0.036142293363809586,0.6498867273330688,363,333
100,3333,27,0.26408228278160095,0.735225260257721,0.11852369457483292,0.9725654125213623,253,397
100,3333,28,0.41061142086982727,0.7484485507011414,0.03646428510546684,0.8012186288833618,394,404
100,3333,29,0.2637016177177429,0.7645086646080017,0.12212415784597397,0.9282559156417847,253,412
100,3333,30,0.42200738191604614,0.7721407413482666,0.03494884446263313,0.8169259428977966,405,416
100,3333,31,0.23435185849666595,0.7193257808685303,0.09704362601041794,0.9586305022239685,224,388
100,3333,32,0.38668355345726013,0.7858222126960754,0.0044255806133151054,0.8261520266532898,371,424
101,3366,0,0.3080253303050995,0.249741330742836,0.029969049617648125,0.9963668584823608,295,134
101,3366,1,0.3074336349964142,0.23953436315059662,0.010986179113388062,0.9961790442466736,295,129
101,3366,2,0.30634406208992004,0.23961453139781952,0.01085522398352623,0.9963929057121277,294,129
101,3366,3,0.3052144944667816,0.2395709604024887,0.010883063077926636,0.9974648356437683,293,129
101,3366,4,0.31158849596977234,0.23851378262043,0.02931419014930725,0.9963222742080688,299,128
101,3366,5,0.31329983472824097,0.23782724142074585,0.02912204898893833,0.9966878294944763,300,128
101,3366,6,0.3152941167354584,0.23688752949237823,0.02908807247877121,0.9974693655967712,302,127
101,3366,7,0.3079233467578888,0.24537882208824158,-0.04688185080885887,0.998874306678772,295,132
101,3366,8,0.32071226835250854,0.24072562158107758,0.034532055258750916,0.9961638450622559,307,129
101,3366,9,0.30866965651512146,0.25998881459236145,0.014339274726808071,0.9972381591796875,296,140
101,3366,10,0.31220105290412903,0.2592560946941376,0.03675641492009163,0.9956286549568176,299,139
101,3366,11,0.32134687900543213,0.3052081763744354,-0.10540623962879181,0.9999552965164185,308,164
101,3366,12,0.3410368263721466,0.30192211270332336,0.09700354933738708,0.9982835650444031,327,163
101,3366,13,0.30886706709861755,0.40558481216430664,-0.1314876526594162,0.9857369065284729,296,219
101,3366,14,0.3425094187259674,0.4018959105014801,0.1372252106666565,0.021251872181892395,328,217
101,3366,15,0.2603347897529602,0.4363744258880615,-0.10161743313074112,0.9256433844566345,249,235
101,3366,16,0.33409470319747925,0.4677176773548126,0.12734085321426392,0.10723176598548889,320,252
101,3366,17,0.24498789012432098,0.4476718306541443,-0.11556553840637207,0.8956674933433533,235,241
101,3366,18,0.33695071935653687,0.49240636825561523,0.12853752076625824,0.14376242458820343,323,265
101,3366,19,0.24342404305934906,0.43735116720199585,-0.10493326187133789,0.8913551568984985,233,236
101,3366,20,0.33298060297966003,0.4875555634498596,0.11234652996063232,0.14831297099590302,319,263
101,3366,21,0.2493632584810257,0.43414410948753357,-0.09463218599557877,0.8301061391830444,239,234
101,3366,22,0.32923179864883423,0.48002302646636963,0.11945618689060211,0.1473965346813202,316,259
101,3366,23,0.33322039246559143,0.49521636962890625,-0.05533374100923538,0.9999158382415771,319,267
101,3366,24,0.35462987422943115,0.4897916913032532,0.05530945956707001,0.9998042583465576,340,264
101,3366,25,0.2953224778175354,0.6119741201400757,0.046852607280015945,0.9421879649162292,283,330
101,3366,26,0.37709957361221313,0.6177961230278015,0.014346449635922909,0.6801414489746094,362,333
101,3366,27,0.26383405923843384,0.7344686388969421,0.09865809231996536,0.9748910069465637,253,396
101,3366,28,0.4104912579059601,0.7473723292350769,0.003987764939665794,0.8194931745529175,394,403
101,3366,29,0.26377958059310913,0.7640321254730225,0.10080631822347641,0.9346664547920227,253,412
101,3366,30,0.421307235956192,0.7700614929199219,0.001643948256969452,0.8339371085166931,404,415
101,3366,31,0.2295827865600586,0.7223418951034546,0.06818148493766785,0.9615850448608398,220,390
101,3366,32,0.38684597611427307,0.7868765592575073,-0.03284889832139015,0.8411706686019897,371,424
102,3400,0,0.29405155777931213,0.252968966960907,0.022181298583745956,0.9966529011726379,282,136
102,3400,1,0.2948719561100006,0.24274148046970367,0.004045091103762388,0.9965109825134277,283,131
102,3400,2,0.29436978697776794,0.24276156723499298,0.003914417698979378,0.9967105388641357,282,131
102,3400,3,0.2937471568584442,0.24268154799938202,0.003935399930924177,0.9976891279220581,281,131
102,3400,4,0.2976718842983246,0.2419825792312622,0.023748556151986122,0.9966468811035156,285,130
102,3400,5,0.2991073727607727,0.24141427874565125,0.023555997759103775,0.9969819188117981,287,130
102,3400,6,0.30080366134643555,0.2406737506389618,0.023512549698352814,0.9976910352706909,288,129
102,3400,7,0.2966786324977875,0.24872730672359467,-0.05059942975640297,0.9989753365516663,284,134
102,3400,8,0.30782878398895264,0.24522995948791504,0.03779616206884384,0.9964922070503235,295,132
102,3400,9,0.29557138681411743,0.26398810744285583,0.00766192888841033,0.9974676370620728,283,142
102,3400,10,0.2983440160751343,0.2637116611003876,0.03184736520051956,0.9959805607795715,286,142
102,3400,11,0.30774858593940735,0.3097318410873413,-0.10976841300725937,0.9999566674232483,295,167
102,3400,12,0.3251040577888489,0.30854153633117676,0.10808075964450836,0.9984049797058105,312,166
102,3400,13,0.2922668755054474,0.40548035502433777,-0.13146230578422546,0.9867107272148132,280,218
102,3400,14,0.32532998919487,0.4030274748802185,0.1522582620382309,0.020308243110775948,312,217
102,3400,15,0.24199700355529785,0.429455041885376,-0.08912511169910431,0.9308577179908752,232,231
102,3400,16,0.31005486845970154,0.4596295952796936,0.13502377271652222,0.1014825701713562,297,248
102,3400,17,0.22659868001937866,0.4416506588459015,-0.1008409783244133,0.9025131464004517,217,238
102,3400,18,0.31186243891716003,0.4823472201824188,0.1361120492219925,0.13842928409576416,299,260
102,3400,19,0.2263326346874237,0.4298727214336395,-0.09007449448108673,0.898303747177124,217,232
102,3400,20,0.3079083561897278,0.47840654850006104,0.11823427677154541,0.14243996143341064,295,258
102,3400,21,0.23320993781089783,0.4258915185928345,-0.08148769289255142,0.8397693037986755,223,229
102,3400,22,0.307778000831604,0.4728449583053589,0.12595628201961517,0.14184291660785675,295,255
102,3400,23,0.3158341944217682,0.4954148530960083,-0.058109018951654434,0.9999234080314636,303,267
102,3400,24,0.33944785594940186,0.4909370243549347,0.05809212103486061,0.9998225569725037,325,265
102,3400,25,0.2802380323410034,0.6127957105636597,0.0318501740694046,0.9452186822891235,269,330
102,3400,26,0.36243847012519836,0.6177310943603516,0.007661418989300728,0.7076951265335083,347,333
102,3400,27,0.2564474046230316,0.7347612380981445,0.08001980930566788,0.976597249507904,246,396
102,3400,28,0.407534658908844,0.7415306568145752,-0.006044779904186726,0.8357797265052795,391,400
102,3400,29,0.25768959522247314,0.765145480632782,0.0816810131072998,0.93943190574646,247,413
102,3400,30,0.41994866728782654,0.7612355351448059,-0.008380675688385963,0.8492861390113831,403,411
102,3400,31,0.22299017012119293,0.7289493083953857,0.04362141340970993,0.9634501338005066,214,393
102,3400,32,0.38654929399490356,0.7860672473907471,-0.04027564451098442,0.8547205328941345,371,424
103,3433,0,0.2932027280330658,0.2538102865219116,0.015870358794927597,0.996910810470581,281,137
103,3433,1,0.29404374957084656,0.24331645667552948,-0.001917041838169098,0.9968129396438599,282,131
103,3433,2,0.29348325729370117,0.24335791170597076,-0.002048415131866932,0.9970016479492188,281,131
103,3433,3,0.2928524911403656,0.24332116544246674,-0.0020258130971342325,0.9978947639465332,281,131
103,3433,4,0.2971135973930359,0.24248602986335754,0.017389846965670586,0.9969395995140076,285,130
103,3433,5,0.2988668978214264,0.2419062852859497,0.01720166951417923,0.9972464442253113,286,130
103,3433,6,0.30052176117897034,0.24115128815174103,0.017157983034849167,0.9978876113891602,288,130
103,3433,7,0.2956182658672333,0.2496727555990219,-0.05152298882603645,0.999068021774292,283,134
103,3433,8,0.3065199553966522,0.24593135714530945,0.032003920525312424,0.9967857599258423,294,132
103,3433,9,0.2944321930408478,0.2650074362754822,0.002169043058529496,0.9976783394813538,282,143
103,3433,10,0.2981570065021515,0.2648022174835205,0.025736544281244278,0.9963008165359497,286,142
103,3433,11,0.30631107091903687,0.31480684876441956,-0.11725141853094101,0.999958336353302,294,169
103,3433,12,0.32155001163482666,0.31078100204467773,0.10389062017202377,0.9985045790672302,308,167
103,3433,13,0.29124656319618225,0.40569496154785156,-0.15280549228191376,0.9877341985702515,279,219
103,3433,14,0.3244352638721466,0.4032808244228363,0.15929192304611206,0.018966419622302055,311,217
103,3433,15,0.2418590933084488,0.4294371008872986,-0.12382373958826065,0.9365571141242981,232,231
103,3433,16,0.3101997375488281,0.4593139886856079,0.16410602629184723,0.0944797620177269,297,248
103,3433,17,0.22620972990989685,0.4402047097682953,-0.1385055035352707,0.9103132486343384,217,237
103,3433,18,0.3115538954734802,0.479842871427536,0.16932283341884613,0.13089033961296082,299,259
103,3433,19,0.22467666864395142,0.4291715919971466,-0.1255883127450943,0.9063660502433777,215,231
103,3433,20,0.30784881114959717,0.4759373366832733,0.1511572301387787,0.13452251255512238,295,257
103,3433,21,0.23035594820976257,0.4253845810890198,-0.11578162014484406,0.8515529036521912,221,229
103,3433,22,0.30523332953453064,0.46776214241981506,0.15570782124996185,0.13415387272834778,293,252
103,3433,23,0.3127623200416565,0.4963202476501465,-0.05966586247086525,0.9999299645423889,300,268
103,3433,24,0.33631134033203125,0.4909711480140686,0.05965036153793335,0.9998382329940796,322,265
103,3433,25,0.2794661223888397,0.6135607957839966,0.014731485396623611,0.9480351209640503,268,331
103,3433,26,0.3604816794395447,0.6178083419799805,-0.0008520538685843349,0.7304500937461853,346,333
103,3433,27,0.25503817200660706,0.737010657787323,0.02698764204978943,0.9784209132194519,244,397
103,3433,28,0.40570321679115295,0.7402687072753906,-0.01827501878142357,0.8499079942703247,389,399
103,3433,29,0.25634923577308655,0.7671031951904297,0.02496417798101902,0.944458544254303,246,414
103,3433,30,0.4191475808620453,0.7590219378471375,-0.02095046266913414,0.8629835247993469,402,409
103,3433,31,0.22251863777637482,0.7315056920051575,-0.015310999006032944,0.9658861756324768,213,395
103,3433,32,0.38540399074554443,0.7853388786315918,-0.051262933760881424,0.8664316534996033,369,424
104,3466,0,0.2818679213523865,0.2551048696041107,0.01321279164403677,0.9968579411506653,270,137
104,3466,1,0.2809247076511383,0.24483227729797363,-0.004369679372757673,0.996913731098175,269,132
104,3466,2,0.2797132730484009,0.24492540955543518,-0.004503403324633837,0.9971257448196411,268,132
104,3466,3,0.27840855717658997,0.24498166143894196,-0.004484768491238356,0.9979775547981262,267,132
104,3466,4,0.2851696312427521,0.2438841015100479,0.014546770602464676,0.9970619082450867,273,131
104,3466,5,0.28709086775779724,0.24325072765350342,0.01435820385813713,0.9973717331886292,275,131
104,3466,6,0.2889724671840668,0.2424767166376114,0.01431709248572588,0.9979628324508667,277,130
104,3466,7,0.27841854095458984,0.25093045830726624,-0.0539727583527565,0.9991263747215271,267,135
104,3466,8,0.29394403100013733,0.2470889836549759,0.020668774843215942,0.9969566464424133,282,133
104,3466,9,0.2814222276210785,0.26610565185546875,-0.000332515686750412,0.9977813363075256,270,143
104,3466,10,0.28500738739967346,0.2656082510948181,0.023979758843779564,0.9964521527290344,273,143
104,3466,11,0.29098162055015564,0.3141311705112457,-0.11790268123149872,0.9999584555625916,279,169
104,3466,12,0.30735400319099426,0.3108724355697632,0.08138903230428696,0.9985582232475281,295,167
104,3466,13,0.2771152853965759,0.40504929423332214,-0.1565830409526825,0.9883372783660889,266,218
104,3466,14,0.31610140204429626,0.4128873944282532,0.11094927787780762,0.01807783916592598,303,222
104,3466,15,0.22688454389572144,0.4277796447277069,-0.1386396735906601,0.9402387738227844,217,231
104,3466,16,0.3050838112831116,0.4770377278327942,0.09483073651790619,0.08783666789531708,292,257
104,3466,17,0.2119934856891632,0.43946924805641174,-0.15379028022289276,0.915886640548706,203,237
104,3466,18,0.30685871839523315,0.49906453490257263,0.09401972591876984,0.12340743094682693,294,269
104,3466,19,0.21141961216926575,0.42742255330085754,-0.14254683256149292,0.9121020436286926,202,230
104,3466,20,0.30093565583229065,0.49473774433135986,0.07854027301073074,0.12662136554718018,288,267
104,3466,21,0.21739858388900757,0.4235769510269165,-0.13175851106643677,0.8592873811721802,208,228
104,3466,22,0.3001326620578766,0.48414215445518494,0.08711788058280945,0.126275897026062,288,261
104,3466,23,0.30125194787979126,0.49939417839050293,-0.05842943862080574,0.9999362826347351,289,269
104,3466,24,0.3212803304195404,0.496226042509079,0.05841284245252609,0.999853253364563,308,267
104,3466,25,0.26699933409690857,0.618891716003418,0.04102634638547897,0.9524946212768555,256,334
104,3466,26,0.34099480509757996,0.6262274384498596,0.0139875253662467,0.7556073665618896,327,338
104,3466,27,0.2490668147802353,0.7427865266799927,0.09355321526527405,0.9804233312606812,239,401
104,3466,28,0.3962772786617279,0.7318329811096191,0.012292450293898582,0.8643398880958557,380,395
104,3466,29,0.2530752718448639,0.7707667350769043,0.09600114822387695,0.9495351314544678,242,416
104,3466,30,0.41075700521469116,0.7439504265785217,0.010448158718645573,0.8762472867965698,394,401
104,3466,31,0.21442635357379913,0.7439936399459839,0.059981074184179306,0.968762993812561,205,401
104,3466,32,0.3827976584434509,0.7847325205802917,-0.027966268360614777,0.8788059949874878,367,423
105,3500,0,0.2789115309715271,0.25631871819496155,0.014769227243959904,0.9970681667327881,267,138
105,3500,1,0.2773905396461487,0.2461371272802353,-0.002510161604732275,0.9971609115600586,266,132
105,3500,2,0.2759832441806793,0.24612833559513092,-0.002645037369802594,0.9973642230033875,264,132
105,3500,3,0.2746056318283081,0.24609002470970154,-0.002625491237267852,0.9981423020362854,263,132
105,3500,4,0.2823489010334015,0.2451997846364975,0.014935425482690334,0.9973062872886658,271,132
105,3500,5,0.28423750400543213,0.24454082548618317,0.01474770437926054,0.9975955486297607,272,132
105,3500,6,0.2861810326576233,0.24372199177742004,0.01469665952026844,0.9981303215026855,274,131
105,3500,7,0.27580565214157104,0.25166669487953186,-0.055021729320287704,0.9992009997367859,264,135
105,3500,8,0.2918950915336609,0.24753980338573456,0.020379243418574333,0.9972125291824341,280,133
105,3500,9,0.2782708704471588,0.2668510973453522,0.0003229684953112155,0.9979581832885742,267,144
105,3500,10,0.2829074561595917,0.2663213610649109,0.022511811926960945,0.9967352151870728,271,143
105,3500,11,0.2893095016479492,0.3139916956424713,-0.11800539493560791,0.9999602437019348,277,169
105,3500,12,0.3049156963825226,0.3107762038707733,0.07990188151597977,0.9986544251441956,292,167
105,3500,13,0.27505359053611755,0.40410932898521423,-0.16128502786159515,0.9891476035118103,264,218
105,3500,14,0.3076031506061554,0.40942105650901794,0.10946831107139587,0.01813892461359501,295,221
105,3500,15,0.226982980966568,0.42602452635765076,-0.1540149301290512,0.9448899626731873,217,230
105,3500,16,0.3009500205516815,0.4762214422225952,0.09126351028680801,0.0834704115986824,288,257
105,3500,17,0.21113771200180054,0.437183678150177,-0.17028023302555084,0.922609806060791,202,236
105,3500,18,0.30325114727020264,0.49848151206970215,0.09049165993928909,0.1192791759967804,291,269
105,3500,19,0.21071402728557587,0.4256683588027954,-0.15926317870616913,0.919097900390625,202,229
105,3500,20,0.2965094745159149,0.4943191409111023,0.07464167475700378,0.12213712185621262,284,266
105,3500,21,0.21718786656856537,0.4224422872066498,-0.14739200472831726,0.8697201609611511,208,228
105,3500,22,0.29577377438545227,0.4839544892311096,0.08332911878824234,0.12192420661449432,283,261
105,3500,23,0.29987314343452454,0.5003322958946228,-0.057778749614953995,0.9999421238899231,287,270
105,3500,24,0.31918472051620483,0.4972727596759796,0.05775982141494751,0.9998670220375061,306,268
105,3500,25,0.2658153474330902,0.6191039085388184,0.036894671618938446,0.9566742777824402,255,334
105,3500,26,0.33932244777679443,0.6286160945892334,0.0030594663694500923,0.7790190577507019,325,339
105,3500,27,0.24883905053138733,0.7456061840057373,0.08061281591653824,0.9822499752044678,238,402
105,3500,28,0.39400938153266907,0.7296590805053711,-0.007260918151587248,0.8774722814559937,378,394
105,3500,29,0.2522641122341156,0.7728251218795776,0.08252166956663132,0.9541991353034973,242,417
105,3500,30,0.4078856408596039,0.739531934261322,-0.008944312110543251,0.8882817029953003,391,399
105,3500,31,0.2142571061849594,0.7495098114013672,0.042747367173433304,0.9714644551277161,205,404
105,3500,32,0.38134828209877014,0.7848403453826904,-0.041307467967271805,0.8901857137680054,366,423
106,3533,0,0.2672387361526489,0.2567073106765747,0.01678267866373062,0.9969359636306763,256,138
106,3533,1,0.2652701735496521,0.24672935903072357,-0.0008488756138831377,0.9972412586212158,254,133
106,3533,2,0.26388081908226013,0.24672771990299225,-0.0009859205456450582,0.9974642395973206,253,133
106,3533,3,0.262444406747818,0.24673934280872345,-0.0009687339188531041,0.9982053637504578,251,133
106,3533,4,0.269999235868454,0.2457970529794693,0.01611962914466858,0.9973806142807007,259,132
106,3533,5,0.2718745768070221,0.24511589109897614,0.01593511737883091,0.9976730942726135,260,132
106,3533,6,0.2738015055656433,0.24428126215934753,0.01587984897196293,0.9981614351272583,262,131
106,3533,7,0.26225605607032776,0.2522900402545929,-0.055696647614240646,0.9992443323135376,251,136
106,3533,8,0.2783840298652649,0.24795746803283691,0.02005998231470585,0.9973061680793762,267,133
106,3533,9,0.2667277157306671,0.26730045676231384,0.001444079796783626,0.9980283975601196,256,144
106,3533,10,0.2705705761909485,0.26665523648262024,0.022619647905230522,0.9968147873878479,259,143
106,3533,11,0.2773580551147461,0.31300005316734314,-0.11875799298286438,0.9999610781669617,266,169
106,3533,12,0.29375267028808594,0.31059980392456055,0.07723844796419144,0.9986787438392639,282,167
106,3533,13,0.26339733600616455,0.4025352895259857,-0.171233132481575,0.9895922541618347,252,217
106,3533,14,0.3024974465370178,0.4136922061443329,0.10395236313343048,0.01770971156656742,290,223
106,3533,15,0.2123429775238037,0.4275631606578827,-0.17088691890239716,0.9482575058937073,203,230
106,3533,16,0.2903836965560913,0.4762539267539978,0.0832255631685257,0.07871334999799728,278,257
106,3533,17,0.19725240767002106,0.4393928349018097,-0.1871078759431839,0.9278175830841064,189,237
106,3533,18,0.2936122715473175,0.49816375970840454,0.08275618404150009,0.1143609881401062,281,269
106,3533,19,0.19655342400074005,0.42768165469169617,-0.17463277280330658,0.924515962600708,188,230
106,3533,20,0.288837730884552,0.49460721015930176,0.06754805892705917,0.11698263138532639,277,267
106,3533,21,0.2028442919254303,0.42391660809516907,-0.16372105479240417,0.8772922158241272,194,228
106,3533,22,0.28789931535720825,0.4865821599960327,0.0754324421286583,0.11659777164459229,276,262
106,3533,23,0.2862783968448639,0.5017450451850891,-0.057176753878593445,0.9999473690986633,274,270
106,3533,24,0.3040293753147125,0.5008314847946167,0.05714209005236626,0.9998792409896851,291,270
106,3533,25,0.2552245855331421,0.6190731525421143,0.03175702691078186,0.9604236483573914,245,334
106,3533,26,0.3143429458141327,0.6329584717750549,0.012320427224040031,0.7999867796897888,301,341
106,3533,27,0.2445126324892044,0.7498136162757874,0.05679973214864731,0.9839605689048767,234,404
106,3533,28,0.3778979480266571,0.7232939004898071,0.004104944411665201,0.8893691301345825,362,390
106,3533,29,0.25121989846229553,0.776712954044342,0.05655984207987785,0.9585374593734741,241,419
106,3533,30,0.3932804465293884,0.7184320092201233,0.002672031754627824,0.8990949392318726,377,387
106,3533,31,0.20705857872962952,0.7621521949768066,0.008143628016114235,0.97408527135849,198,411
106,3533,32,0.38077864050865173,0.785778284072876,-0.03381823003292084,0.9004706144332886,365,424
107,3566,0,0.2631063163280487,0.257839173078537,0.028111491352319717,0.9971993565559387,252,139
107,3566,1,0.26162633299827576,0.24746958911418915,0.011187497526407242,0.9974972605705261,251,133
107,3566,2,0.2602699100971222,0.24738791584968567,0.011065284721553326,0.9977015256881714,249,133
107,3566,3,0.2589097023010254,0.2472907453775406,0.011102726683020592,0.9983713626861572,248,133
107,3566,4,0.2662898302078247,0.24658146500587463,0.028390435501933098,0.9976240992546082,255,133
107,3566,5,0.2683928608894348,0.24581679701805115,0.028203601017594337,0.9978906512260437,257,132
107,3566,6,0.270372211933136,0.24493499100208282,0.028142498806118965,0.9983299970626831,259,132
107,3566,7,0.26111310720443726,0.25236642360687256,-0.04461069777607918,0.9993154406547546,250,136
107,3566,8,0.27583131194114685,0.24802985787391663,0.03201748803257942,0.9975578784942627,264,133
107,3566,9,0.2631324231624603,0.267827570438385,0.012361451983451843,0.9982043504714966,252,144
107,3566,10,0.26708146929740906,0.26751142740249634,0.03335078805685043,0.9970966577529907,256,144
107,3566,11,0.27486780285835266,0.3128077983856201,-0.11301159113645554,0.9999633431434631,263,168
107,3566,12,0.29447418451309204,0.3110353350639343,0.07866467535495758,0.9987582564353943,282,167
107,3566,13,0.25957125425338745,0.4025750160217285,-0.16557230055332184,0.9905356764793396,249,217
107,3566,14,0.30383968353271484,0.41355928778648376,0.10896437615156174,0.025301242247223854,291,223
107,3566,15,0.21213068068027496,0.4286641478538513,-0.16346627473831177,0.9527649283409119,203,231
107,3566,16,0.29308074712753296,0.4811122715473175,0.09926709532737732,0.0732349306344986,281,259
107,3566,17,0.19744977355003357,0.44030967354774475,-0.17871135473251343,0.9341294169425964,189,237
107,3566,18,0.29252105951309204,0.5011810660362244,0.10155165940523148,0.10645817220211029,280,270
107,3566,19,0.19512896239757538,0.4296132028102875,-0.16671153903007507,0.9310933947563171,187,231
107,3566,20,0.2891937494277954,0.4975699484348297,0.0884404256939888,0.10874401032924652,277,268
107,3566,21,0.20161958038806915,0.42581701278686523,-0.15635302662849426,0.8874843716621399,193,229
107,3566,22,0.28868380188941956,0.4899451434612274,0.09282324463129044,0.10884365439414978,277,264
107,3566,23,0.2848176658153534,0.5016787052154541,-0.055777788162231445,0.9999521970748901,273,270
107,3566,24,0.301880806684494,0.5014550685882568,0.05574832484126091,0.9998903870582581,289,270
107,3566,25,0.2526959776878357,0.6185012459754944,0.04542878642678261,0.9642011523246765,242,333
107,3566,26,0.3112988770008087,0.6329552531242371,0.0014819384086877108,0.8197339773178101,298,341
107,3566,27,0.2441142350435257,0.7511731386184692,0.07264713943004608,0.985541582107544,234,405
107,3566,28,0.37553468346595764,0.7201027274131775,-0.01292143203318119,0.9002977609634399,360,388
107,3566,29,0.25055310130119324,0.7774947285652161,0.07289259880781174,0.9625967741012573,240,419
107,3566,30,0.3907162547111511,0.7134862542152405,-0.014593169093132019,0.9090552926063538,375,385
107,3566,31,0.20761576294898987,0.7634958624839783,0.025350088253617287,0.9765878915786743,199,412
107,3566,32,0.38162267208099365,0.7856723070144653,-0.05241202190518379,0.9101485013961792,366,424
108,3600,0,0.25079306960105896,0.2576051950454712,0.023270301520824432,0.9973723292350769,240,139
108,3600,1,0.25023001432418823,0.24739964306354523,0.00612223893404007,0.9976986050605774,240,133
108,3600,2,0.2493428885936737,0.2472773790359497,0.00599453691393137,0.9978880286216736,239,133
108,3600,3,0.24834246933460236,0.24715054035186768,0.006025684531778097,0.9985029697418213,238,133
108,3600,4,0.25348398089408875,0.2463846504688263,0.023743677884340286,0.9978113174438477,243,133
108,3600,5,0.2550121247768402,0.24563853442668915,0.023559140041470528,0.998055636882782,244,132
108,3600,6,0.25658461451530457,0.24488115310668945,0.023501543328166008,0.998454213142395,246,132
108,3600,7,0.24881386756896973,0.25221917033195496,-0.04824358969926834,0.9993714094161987,238,136
108,3600,8,0.2618253827095032,0.24842113256454468,0.03132212162017822,0.9977356195449829,251,134
108,3600,9,0.25072988867759705,0.2676119804382324,0.008364753797650337,0.9983282089233398,240,144
108,3600,10,0.2534193694591522,0.26744765043258667,0.02999853529036045,0.9972829222679138,243,144
108,3600,11,0.259190171957016,0.3098548650741577,-0.11382695287466049,0.9999647736549377,248,167
108,3600,12,0.2774989902973175,0.3108830749988556,0.08669845014810562,0.9987697005271912,266,167
108,3600,13,0.24765270948410034,0.40237799286842346,-0.165378600358963,0.9909557104110718,237,217
108,3600,14,0.28735145926475525,0.41744157671928406,0.11064710468053818,0.024346183985471725,275,225
108,3600,15,0.1956363171339035,0.4299732446670532,-0.14582520723342896,0.9559088349342346,187,232
108,3600,16,0.27356475591659546,0.4803943336009979,0.09059715270996094,0.0695575475692749,262,259
108,3600,17,0.18226957321166992,0.4405987858772278,-0.15853066742420197,0.9386397004127502,174,237
108,3600,18,0.27521342039108276,0.503861665725708,0.0896449089050293,0.10264018177986145,264,272
108,3600,19,0.17941759526729584,0.43129023909568787,-0.1466074287891388,0.9357787370681763,172,232
108,3600,20,0.27089160680770874,0.5010821223258972,0.07515858113765717,0.10468941926956177,260,270
108,3600,21,0.18462009727954865,0.4275878071784973,-0.13762111961841583,0.8940984010696411,177,230
108,3600,22,0.2704537510871887,0.49439164996147156,0.08270659297704697,0.10487306863069534,259,266
108,3600,23,0.2704896926879883,0.5015385150909424,-0.05594301596283913,0.9999562501907349,259,270
108,3600,24,0.28996792435646057,0.500890851020813,0.055917028337717056,0.9998998045921326,278,270
108,3600,25,0.24593333899974823,0.6184279322624207,0.038728222250938416,0.9671294689178467,236,333
108,3600,26,0.2860521972179413,0.6316712498664856,0.005146528594195843,0.8364484906196594,274,341
108,3600,27,0.24265705049037933,0.7531319260597229,0.07614028453826904,0.9868901968002319,232,406
108,3600,28,0.35156187415122986,0.7073423862457275,0.023078691214323044,0.9093968272209167,337,381
108,3600,29,0.2494758516550064,0.7801483869552612,0.07788263261318207,0.9658789038658142,239,421
108,3600,30,0.368022084236145,0.7003397345542908,0.024964697659015656,0.9173465371131897,353,378
108,3600,31,0.20548628270626068,0.7665717601776123,0.027235332876443863,0.9785956740379333,197,413
108,3600,32,0.35799238085746765,0.7559882402420044,-0.011465445160865784,0.9177321195602417,343,408
109,3633,0,0.24703717231750488,0.2574632465839386,-0.0012735037598758936,0.9975505471229553,237,139
109,3633,1,0.24698634445667267,0.24727317690849304,-0.016206838190555573,0.9978912472724915,237,133
109,3633,2,0.2462308257818222,0.24704968929290771,-0.016339603811502457,0.9980669021606445,236,133
109,3633,3,0.24542048573493958,0.24670176208019257,-0.01629388891160488,0.9986277222633362,235,133
109,3633,4,0.24973878264427185,0.2462759166955948,0.002637535333633423,0.9979925155639648,239,132
109,3633,5,0.25144875049591064,0.24552620947360992,0.0024336266797035933,0.9982165694236755,241,132
109,3633,6,0.2528013288974762,0.24476100504398346,0.0023544724099338055,0.9985772371292114,242,132
109,3633,7,0.24814431369304657,0.2515924572944641,-0.05731334909796715,0.9994224905967712,238,135
109,3633,8,0.2583751976490021,0.24837420880794525,0.027024677023291588,0.997909426689148,248,134
109,3633,9,0.24749483168125153,0.26751989126205444,-0.011277373880147934,0.9984289407730103,237,144
109,3633,10,0.25012093782424927,0.2673390507698059,0.011743255890905857,0.9974403381347656,240,144
109,3633,11,0.25838834047317505,0.30878645181655884,-0.11548377573490143,0.9999642372131348,248,166
109,3633,12,0.2759838402271271,0.309957355260849,0.0869053304195404,0.9987655878067017,264,167
109,3633,13,0.24444714188575745,0.4024849534034729,-0.16306781768798828,0.991445004940033,234,217
109,3633,14,0.28339025378227234,0.4121377766132355,0.11996923387050629,0.023769846186041832,272,222
109,3633,15,0.19653169810771942,0.43082869052886963,-0.14332365989685059,0.9591165781021118,188,232
109,3633,16,0.27677062153816223,0.4796718955039978,0.10485951602458954,0.066072478890419,265,259
109,3633,17,0.18141821026802063,0.4408738315105438,-0.156765878200531,0.9432146549224854,174,238
109,3633,18,0.2771192193031311,0.5032280683517456,0.10504097491502762,0.09874065220355988,266,271
109,3633,19,0.17916236817836761,0.4325346350669861,-0.1455068737268448,0.9405867457389832,171,233
109,3633,20,0.2726250886917114,0.500865638256073,0.08959949016571045,0.10057015717029572,261,270
109,3633,21,0.18479739129543304,0.4281574785709381,-0.13568995893001556,0.9015215635299683,177,231
109,3633,22,0.27194616198539734,0.4936065077781677,0.09684142470359802,0.10123451799154282,261,266
109,3633,23,0.26986047625541687,0.5006178021430969,-0.05603860691189766,0.9999600648880005,259,270
109,3633,24,0.28721293807029724,0.5000391006469727,0.056016966700553894,0.9999087452888489,275,270
109,3633,25,0.24461707472801208,0.6183889508247375,0.029274310916662216,0.9699260592460632,234,333
109,3633,26,0.28461596369743347,0.6323386430740356,0.010232034139335155,0.8520680665969849,273,341
109,3633,27,0.24189002811908722,0.7530798316001892,0.0738702118396759,0.988122284412384,232,406
109,3633,28,0.35111334919929504,0.7039565443992615,0.022980470210313797,0.9179926514625549,337,380
109,3633,29,0.2511507272720337,0.7801100015640259,0.07658839970827103,0.9689565896987915,241,421
109,3633,30,0.3655179440975189,0.6990012526512146,0.02437376044690609,0.9251431822776794,350,377
109,3633,31,0.20681022107601166,0.7687329649925232,0.022935714572668076,0.9804775714874268,198,415
109,3633,32,0.3542395234107971,0.7544084191322327,-0.011752797290682793,0.9252031445503235,340,407
110,3666,0,0.23201808333396912,0.2534759044647217,0.030509641394019127,0.9976956248283386,222,136
110,3666,1,0.23193438351154327,0.24335680902004242,0.013515794649720192,0.9979491233825684,222,131
110,3666,2,0.2310938984155655,0.24339483678340912,0.013400774449110031,0.9980930685997009,221,131
110,3666,3,0.2301747053861618,0.2434258908033371,0.013394041918218136,0.9986541271209717,220,131
110,3666,4,0.23517830669879913,0.2422056645154953,0.03303578868508339,0.9980469942092896,225,130
110,3666,5,0.23667463660240173,0.24156123399734497,0.032848965376615524,0.9982487559318542,227,130
110,3666,6,0.23842789232730865,0.24079100787639618,0.03279271349310875,0.9986240267753601,228,130
110,3666,7,0.23132161796092987,0.24842150509357452,-0.03779532387852669,0.9994285106658936,222,134
110,3666,8,0.24420513212680817,0.24453416466712952,0.05031844601035118,0.9979438781738281,234,132
110,3666,9,0.2324429452419281,0.2634815573692322,0.0166504867374897,0.9984830617904663,223,142
110,3666,10,0.23550833761692047,0.2633446156978607,0.04086180776357651,0.9975380301475525,226,142
110,3666,11,0.24393127858638763,0.3078004717826843,-0.10504039376974106,0.999966025352478,234,166
110,3666,12,0.25952085852622986,0.30629295110702515,0.11715326458215714,0.998858630657196,249,165
110,3666,13,0.23054704070091248,0.40435701608657837,-0.12286940217018127,0.9864383935928345,221,218
110,3666,14,0.27309364080429077,0.4100765287876129,0.14242348074913025,0.021691909059882164,262,221
110,3666,15,0.18540772795677185,0.44390806555747986,-0.06566255539655685,0.9293497204780579,177,239
110,3666,16,0.2612127661705017,0.4773644208908081,0.11176761239767075,0.06001986563205719,250,257
110,3666,17,0.1732693463563919,0.4568394422531128,-0.0763520821928978,0.9062365293502808,166,246
110,3666,18,0.2588762938976288,0.4962438642978668,0.11124584078788757,0.08983676880598068,248,267
110,3666,19,0.16958166658878326,0.4504348337650299,-0.06614338606595993,0.9012285470962524,162,243
110,3666,20,0.2554691433906555,0.4984453022480011,0.09744668006896973,0.09148234874010086,245,269
110,3666,21,0.17453131079673767,0.44646090269088745,-0.05820010229945183,0.8478729724884033,167,241
110,3666,22,0.2555665373802185,0.4913938045501709,0.10371927171945572,0.09214923530817032,245,265
110,3666,23,0.2606186270713806,0.49214330315589905,-0.06710764020681381,0.9999584555625916,250,265
110,3666,24,0.2651737630367279,0.48884135484695435,0.06703618168830872,0.9999105930328369,254,263
110,3666,25,0.25480300188064575,0.6258670687675476,-0.07869119942188263,0.9415013194084167,244,337
110,3666,26,0.2349727302789688,0.6240746974945068,0.05809882655739784,0.7754409313201904,225,337
110,3666,27,0.3180158734321594,0.7154443860054016,-0.014505826868116856,0.9244037866592407,305,386
110,3666,28,0.24314680695533752,0.7424312829971313,0.08411693572998047,0.8452403545379639,233,400
110,3666,29,0.33451518416404724,0.7169281840324402,-0.009886948391795158,0.8885995149612427,321,387
110,3666,30,0.25344449281692505,0.7661803364753723,0.08503919094800949,0.8591899871826172,243,413
110,3666,31,0.299428790807724,0.7649098634719849,-0.0397498719394207,0.9122838377952576,287,413
110,3666,32,0.20831795036792755,0.7562273144721985,0.058959316462278366,0.8581052422523499,199,408
111,3700,0,0.2270033359527588,0.2517145574092865,0.02660517953336239,0.9978241324424744,217,135
111,3700,1,0.22794346511363983,0.24125295877456665,0.01125909574329853,0.998012125492096,218,130
111,3700,2,0.22740095853805542,0.2413640022277832,0.01114255003631115,0.998127281665802,218,130
111,3700,3,0.22678790986537933,0.24147632718086243,0.011135279200971127,0.9986787438392639,217,130
111,3700,4,0.23075900971889496,0.23994077742099762,0.031024910509586334,0.998117208480835,221,129
111,3700,5,0.23208719491958618,0.2392769157886505,0.030829917639493942,0.9983004331588745,222,129
111,3700,6,0.23329585790634155,0.23846936225891113,0.030758198350667953,0.9986825585365295,223,128
111,3700,7,0.2303958535194397,0.24638716876506805,-0.03068375401198864,0.9994256496429443,221,133
111,3700,8,0.24020765721797943,0.2422621250152588,0.059688374400138855,0.9979932904243469,230,130
111,3700,9,0.22897286713123322,0.2614886462688446,0.015128472819924355,0.9984781742095947,219,141
111,3700,10,0.2316870540380478,0.2612323462963104,0.0396730899810791,0.9975818395614624,222,141
111,3700,11,0.24173587560653687,0.30778878927230835,-0.09432702511548996,0.9999663829803467,232,166
111,3700,12,0.2570064961910248,0.3041095733642578,0.12937963008880615,0.9989290237426758,246,164
111,3700,13,0.2273532897233963,0.40578994154930115,-0.10848938673734665,0.9850564002990723,218,219
111,3700,14,0.26478463411331177,0.4006282091140747,0.15154965221881866,0.02000097744166851,254,216
111,3700,15,0.1827172487974167,0.4483049809932709,-0.0524628683924675,0.9168166518211365,175,242
111,3700,16,0.26073840260505676,0.4775826334953308,0.11313427239656448,0.05473506078124046,250,257
111,3700,17,0.17009574174880981,0.4630708396434784,-0.06313927471637726,0.8879397511482239,163,250
111,3700,18,0.25853481888771057,0.4963832199573517,0.11148178577423096,0.08196020126342773,248,268
111,3700,19,0.16730231046676636,0.4561827480792999,-0.05389019101858139,0.8811044692993164,160,246
111,3700,20,0.25579798221588135,0.49957698583602905,0.09790357202291489,0.08343757688999176,245,269
111,3700,21,0.1721498817205429,0.45208433270454407,-0.045399416238069534,0.8155921101570129,165,244
111,3700,22,0.2562531530857086,0.49200528860092163,0.10495225340127945,0.0841376781463623,246,265
111,3700,23,0.26017066836357117,0.48604944348335266,-0.06983737647533417,0.9999593496322632,249,262
111,3700,24,0.2616264224052429,0.48271456360816956,0.06977588683366776,0.999915361404419,251,260
111,3700,25,0.25671154260635376,0.6270260810852051,-0.09757036715745926,0.9339913725852966,246,338
111,3700,26,0.233125239610672,0.6207529902458191,0.049847982823848724,0.7144711017608643,223,335
111,3700,27,0.3268499970436096,0.7070730924606323,-0.03324824199080467,0.890343189239502,313,381
111,3700,28,0.241032212972641,0.7490039467811584,0.07034635543823242,0.7975996136665344,231,404
111,3700,29,0.34246888756752014,0.7035617828369141,-0.028639039024710655,0.8312693238258362,328,379
111,3700,30,0.25019949674606323,0.7768391966819763,0.07056451588869095,0.816887378692627,240,419
111,3700,31,0.3069920241832733,0.7626578211784363,-0.05880584940314293,0.8738959431648254,294,411
111,3700,32,0.20330998301506042,0.7590420246124268,0.041848596185445786,0.8174610137939453,195,409
112,3733,0,0.21640124917030334,0.24627748131752014,0.020653465762734413,0.9979239106178284,207,132
112,3733,1,0.2154981791973114,0.23561599850654602,0.00613480806350708,0.9980495572090149,206,127
112,3733,2,0.21454565227031708,0.23588116466999054,0.0060216691344976425,0.9981581568717957,205,127
112,3733,3,0.21348537504673004,0.23608176410198212,0.006008834578096867,0.9986968040466309,204,127
112,3733,4,0.21943055093288422,0.23424498736858368,0.02230996824800968,0.9981396198272705,210,126
112,3733,5,0.22113129496574402,0.2335476130247116,0.022116689011454582,0.9983189702033997,212,126
112,3733,6,0.22277475893497467,0.23268795013427734,0.02205737493932247,0.9986997246742249,213,125
112,3733,7,0.21520543098449707,0.2417113184928894,-0.03632914647459984,0.9994349479675293,206,130
112,3733,8,0.22852134704589844,0.23736616969108582,0.04175153002142906,0.9980135560035706,219,128
112,3733,9,0.216886505484581,0.25728920102119446,0.012107937596738338,0.9984684586524963,208,138
112,3733,10,0.2200586348772049,0.25628453493118286,0.031741175800561905,0.9975792169570923,211,138
112,3733,11,0.22774025797843933,0.3023812770843506,-0.09843112528324127,0.9999679327011108,218,163
112,3733,12,0.24497349560260773,0.29793408513069153,0.1121208667755127,0.9989672303199768,235,160
112,3733,13,0.2189604490995407,0.40558505058288574,-0.11431581526994705,0.984342634677887,210,219
112,3733,14,0.25688275694847107,0.3988440930843353,0.1284186691045761,0.018319319933652878,246,215
112,3733,15,0.17779003083705902,0.45888060331344604,-0.07640179246664047,0.9149656295776367,170,247
112,3733,16,0.250336229801178,0.4763127565383911,0.09733740240335464,0.04986685514450073,240,257
112,3733,17,0.16886009275913239,0.4826814532279968,-0.08939430862665176,0.884551465511322,162,260
112,3733,18,0.24958565831184387,0.49467456340789795,0.09481852501630783,0.07478895038366318,239,267
112,3733,19,0.16549846529960632,0.4744695723056793,-0.08142394572496414,0.877411425113678,158,256
112,3733,20,0.24642552435398102,0.4989928603172302,0.08162352442741394,0.07612296938896179,236,269
112,3733,21,0.16893687844276428,0.46610456705093384,-0.07049913704395294,0.8048297166824341,162,251
112,3733,22,0.24563854932785034,0.491559237241745,0.08964398503303528,0.07672818750143051,235,265
112,3733,23,0.2462523728609085,0.48288241028785706,-0.06947498768568039,0.9999591708183289,236,260
112,3733,24,0.2540743947029114,0.47816818952560425,0.0694422572851181,0.9999157786369324,243,258
112,3733,25,0.2411775439977646,0.6265568733215332,-0.04625902324914932,0.9214128851890564,231,338
112,3733,26,0.23744462430477142,0.6154871582984924,0.055115509778261185,0.654545783996582,227,332
112,3733,27,0.30428841710090637,0.7078838348388672,0.001903564902022481,0.868909478187561,292,382
112,3733,28,0.2412540167570114,0.7493786215782166,0.08652350306510925,0.7449105978012085,231,404
112,3733,29,0.3151453733444214,0.7074988484382629,-0.0009008719935081899,0.7926954030990601,302,382
112,3733,30,0.25121480226516724,0.7748044729232788,0.08787930011749268,0.7714495062828064,241,418
112,3733,31,0.283548504114151,0.7586931586265564,-0.011973830871284008,0.8466095328330994,272,409
112,3733,32,0.20494428277015686,0.761142909526825,0.06468868255615234,0.7723239660263062,196,411
113,3766,0,0.21579192578792572,0.2451835423707962,0.01214114110916853,0.9980682730674744,207,132
113,3766,1,0.21551117300987244,0.23395173251628876,-0.0019920123741030693,0.998162031173706,206,126
113,3766,2,0.21469010412693024,0.23424294590950012,-0.002103692153468728,0.9982595443725586,206,126
113,3766,3,0.2138637900352478,0.23450689017772675,-0.0021036453545093536,0.9987621307373047,205,126
113,3766,4,0.21890458464622498,0.2324388325214386,0.014450033195316792,0.9982490539550781,210,125
113,3766,5,0.22030767798423767,0.23173347115516663,0.014253994449973106,0.9984183311462402,211,125
113,3766,6,0.221666619181633,0.23085971176624298,0.014192597009241581,0.9987779855728149,212,124
113,3766,7,0.21629995107650757,0.23974984884262085,-0.03746826946735382,0.9994592666625977,207,129
113,3766,8,0.22738900780677795,0.23484285175800323,0.036884862929582596,0.9981223344802856,218,126
113,3766,9,0.21686717867851257,0.25571951270103455,0.004130265209823847,0.9985079765319824,208,138
113,3766,10,0.21938791871070862,0.2548893392086029,0.02403339184820652,0.9976667165756226,210,137
113,3766,11,0.22705984115600586,0.30148229002952576,-0.10145784169435501,0.9999688267707825,217,162
113,3766,12,0.24545007944107056,0.29687780141830444,0.10739164054393768,0.9990113973617554,235,160
113,3766,13,0.21603211760520935,0.40560051798820496,-0.11939726769924164,0.9840953350067139,207,219
113,3766,14,0.25510910153388977,0.39331305027008057,0.12412820011377335,0.01695537194609642,244,212
113,3766,15,0.17643611133098602,0.4623859226703644,-0.08164040744304657,0.9130846261978149,169,249
113,3766,16,0.25140777230262756,0.47294116020202637,0.09597630798816681,0.0456690713763237,241,255
113,3766,17,0.16890481114387512,0.4886418581008911,-0.09440440684556961,0.8815323710441589,162,263
113,3766,18,0.25065600872039795,0.4917956292629242,0.09384571760892868,0.06862767785787582,240,265
113,3766,19,0.16477183997631073,0.4806560277938843,-0.08751776814460754,0.8741087317466736,158,259
113,3766,20,0.2472536265850067,0.4969017803668976,0.08028145134449005,0.06982120871543884,237,268
113,3766,21,0.16818983852863312,0.46987617015838623,-0.07617393881082535,0.7967379093170166,161,253
113,3766,22,0.24656838178634644,0.48939695954322815,0.08821175992488861,0.07038749009370804,236,264
113,3766,23,0.2457149475812912,0.48333197832107544,-0.06849777698516846,0.9999604225158691,235,260
113,3766,24,0.2537323832511902,0.47843629121780396,0.06845051795244217,0.9999192357063293,243,258
113,3766,25,0.23947256803512573,0.6264633536338806,-0.05521542578935623,0.9214360117912292,229,338
113,3766,26,0.23407146334648132,0.6137381196022034,0.05608677864074707,0.6139968633651733,224,331
113,3766,27,0.29768139123916626,0.707100510597229,0.010860750451683998,0.8637634515762329,285,381
113,3766,28,0.24135352671146393,0.75055992603302,0.08490665256977081,0.7161979079246521,231,405
113,3766,29,0.30993160605430603,0.7078837156295776,0.014034206978976727,0.7739982008934021,297,382
113,3766,30,0.2521810233592987,0.7757776379585266,0.08592680841684341,0.7457939982414246,242,418
113,3766,31,0.2801726460456848,0.7555920481681824,-0.010315923020243645,0.8370991349220276,268,408
113,3766,32,0.20531177520751953,0.7630852460861206,0.06124620884656906,0.7485854029655457,197,412
114,3800,0,0.2003440260887146,0.24150927364826202,0.012262450531125069,0.998141348361969,192,130
114,3800,1,0.1995374858379364,0.23101839423179626,-0.002031488111242652,0.9981915950775146,191,124
114,3800,2,0.1986398845911026,0.2313074916601181,-0.00214346288703382,0.9982919692993164,190,124
114,3800,3,0.19763106107711792,0.23161989450454712,-0.0021419485565274954,0.998791515827179,189,125
114,3800,4,0.203059583902359,0.2296464592218399,0.014570304192602634,0.9982478022575378,194,124
114,3800,5,0.20482608675956726,0.2289241999387741,0.014367830939590931,0.9984074831008911,196,123
114,3800,6,0.20651426911354065,0.22811949253082275,0.014301223680377007,0.9987621903419495,198,123
114,3800,7,0.19926084578037262,0.23714964091777802,-0.04783959686756134,0.9994723200798035,191,128
114,3800,8,0.21246962249279022,0.23228342831134796,0.03270267695188522,0.9980853199958801,203,125
114,3800,9,0.2012089043855667,0.25223496556282043,0.0031008769292384386,0.9985367655754089,193,136
114,3800,10,0.20411266386508942,0.25146111845970154,0.023882271721959114,0.9976651072502136,195,135
114,3800,11,0.2117408961057663,0.29790276288986206,-0.11422567814588547,0.9999707937240601,203,160
114,3800,12,0.23340758681297302,0.29150331020355225,0.1027785912156105,0.999008297920227,224,157
114,3800,13,0.20613321661949158,0.40257713198661804,-0.1480657458305359,0.9845900535583496,197,217
114,3800,14,0.24483872950077057,0.39506086707115173,0.1170906201004982,0.015500061213970184,235,213
114,3800,15,0.1725759655237198,0.4744082987308502,-0.12530602514743805,0.9191888570785522,165,256
114,3800,16,0.23376788198947906,0.47203877568244934,0.08699161559343338,0.0419146828353405,224,254
114,3800,17,0.1654784083366394,0.49963417649269104,-0.14149928092956543,0.8888648152351379,158,269
114,3800,18,0.231887087225914,0.48927798867225647,0.08559833467006683,0.06321344524621964,222,264
114,3800,19,0.16166231036186218,0.4937092661857605,-0.13362650573253632,0.8819095492362976,155,266
114,3800,20,0.2278611958026886,0.4935731589794159,0.07161294668912888,0.06428305059671402,218,266
114,3800,21,0.16380538046360016,0.48577287793159485,-0.11989781260490417,0.8065672516822815,157,262
114,3800,22,0.22761930525302887,0.48727062344551086,0.07895024865865707,0.06473273783922195,218,263
114,3800,23,0.22692130506038666,0.48132404685020447,-0.06834281980991364,0.9999580979347229,217,259
114,3800,24,0.24816058576107025,0.4779385030269623,0.06831073760986328,0.9999092221260071,238,258
114,3800,25,0.20508478581905365,0.6217128038406372,-0.05889497324824333,0.9049818515777588,196,335
114,3800,26,0.2281089872121811,0.6016408801078796,0.06621963530778885,0.5567976236343384,218,324
114,3800,27,0.2456410974264145,0.7157451510429382,-0.009688078425824642,0.857814371585846,235,386
114,3800,28,0.24520230293273926,0.7345911860466003,0.10659389942884445,0.6581788063049316,235,396
114,3800,29,0.2584933340549469,0.7368389368057251,-0.007697212044149637,0.7629066109657288,248,397
114,3800,30,0.25706881284713745,0.7560556530952454,0.10868995636701584,0.6970110535621643,246,408
114,3800,31,0.21520468592643738,0.7655957937240601,-0.04730137810111046,0.8316406607627869,206,413
114,3800,32,0.21529076993465424,0.7586084604263306,0.08281297236680984,0.6986056566238403,206,409
115,3833,0,0.19327624142169952,0.24167759716510773,-0.004327123519033194,0.9982834458351135,185,130
115,3833,1,0.19429530203342438,0.23054024577140808,-0.018295828253030777,0.9983217120170593,186,124
115,3833,2,0.19406983256340027,0.23068727552890778,-0.018402738496661186,0.9984118938446045,186,124
115,3833,3,0.19369414448738098,0.23078250885009766,-0.01838998682796955,0.9988760352134705,185,124
115,3833,4,0.19704093039035797,0.2292768359184265,0.0014745494117960334,0.9983683824539185,189,123
115,3833,5,0.1986580193042755,0.2285287231206894,0.001289829844608903,0.9985123872756958,190,123
115,3833,6,0.20006988942623138,0.22766052186489105,0.0012339785462245345,0.9988433122634888,192,122
115,3833,7,0.19927886128425598,0.2358832210302353,-0.05656745284795761,0.999504566192627,191,127
115,3833,8,0.20800913870334625,0.23147737979888916,0.03220970556139946,0.9981882572174072,199,124
115,3833,9,0.19630035758018494,0.252223402261734,-0.012985670007765293,0.9985893964767456,188,136
115,3833,10,0.1982385814189911,0.25178536772727966,0.011506675742566586,0.9977338314056396,190,135
115,3833,11,0.2104739248752594,0.2961679697036743,-0.1158192828297615,0.9999717473983765,202,159
115,3833,12,0.2318602204322815,0.29074332118034363,0.10314358025789261,0.9990116953849792,222,157
115,3833,13,0.20482775568962097,0.40164583921432495,-0.14797388017177582,0.984921395778656,196,216
115,3833,14,0.23995676636695862,0.3929276764392853,0.11918754130601883,0.014273912645876408,230,212
115,3833,15,0.17126362025737762,0.4759695529937744,-0.12167274951934814,0.9233912825584412,164,257
115,3833,16,0.23395909368991852,0.47131332755088806,0.08935137838125229,0.03855155035853386,224,254
115,3833,17,0.16556642949581146,0.5006828904151917,-0.13710014522075653,0.8934453725814819,158,270
115,3833,18,0.23241223394870758,0.4887903332710266,0.08763877302408218,0.05829615145921707,223,263
115,3833,19,0.1610550582408905,0.4951021075248718,-0.13000474870204926,0.8868765830993652,154,267
115,3833,20,0.22872503101825714,0.49286291003227234,0.07327156513929367,0.05926365405321121,219,266
115,3833,21,0.16291144490242004,0.4873473644256592,-0.1163887083530426,0.8126498460769653,156,263
115,3833,22,0.2287091314792633,0.48654264211654663,0.08111300319433212,0.059665679931640625,219,262
115,3833,23,0.22596988081932068,0.47978532314300537,-0.06862584501504898,0.9999563097953796,216,259
115,3833,24,0.2461988925933838,0.4773370325565338,0.0686061680316925,0.9999042749404907,236,257
115,3833,25,0.20467153191566467,0.619663655757904,-0.06939251720905304,0.8906598091125488,196,334
115,3833,26,0.22896771132946014,0.6014304757118225,0.061683289706707,0.5065104365348816,219,324
115,3833,27,0.24146129190921783,0.7211951017379761,-0.010388990864157677,0.8431879878044128,231,389
115,3833,28,0.24623635411262512,0.7321195602416992,0.09892210364341736,0.6058222055435181,236,395
115,3833,29,0.25810280442237854,0.7411383986473083,-0.0070813805796206,0.7444609999656677,247,400
115,3833,30,0.25769364833831787,0.7543177604675293,0.10076913982629776,0.6518982648849487,247,407
115,3833,31,0.21042948961257935,0.7714188098907471,-0.04169327765703201,0.8191418051719666,202,416
115,3833,32,0.21439585089683533,0.7602837681770325,0.07698261737823486,0.6532768607139587,205,410
116,3866,0,0.18021439015865326,0.23612284660339355,-0.03613783419132233,0.9980486631393433,173,127
116,3866,1,0.18125921487808228,0.22453522682189941,-0.05163462460041046,0.9979519844055176,174,121
116,3866,2,0.18125489354133606,0.22457382082939148,-0.05175745114684105,0.9980343580245972,174,121
116,3866,3,0.181055948138237,0.22459110617637634,-0.05176074802875519,0.9986242055892944,173,121
116,3866,4,0.18320493400096893,0.2233409881591797,-0.033433977514505386,0.9979186058044434,175,120
116,3866,5,0.18456025421619415,0.2225789874792099,-0.033632971346378326,0.9980773329734802,177,120
116,3866,6,0.1857534795999527,0.22168804705142975,-0.03371143713593483,0.9985226988792419,178,119
116,3866,7,0.18551689386367798,0.2284666895866394,-0.09055062383413315,0.9994089603424072,178,123
116,3866,8,0.1941452920436859,0.2247960865497589,-0.008207169361412525,0.997654139995575,186,121
116,3866,9,0.18309062719345093,0.24663127958774567,-0.04503703862428665,0.9982000589370728,175,133
116,3866,10,0.18507139384746552,0.24627748131752014,-0.02258702740073204,0.9969725608825684,177,132
116,3866,11,0.19809211790561676,0.29330989718437195,-0.1309841275215149,0.9999688863754272,190,158
116,3866,12,0.21776731312274933,0.28498315811157227,0.06332975625991821,0.9989091157913208,209,153
116,3866,13,0.19675713777542114,0.3986247181892395,-0.14875011146068573,0.9771803617477417,188,215
116,3866,14,0.2215288132429123,0.39396458864212036,0.07666730880737305,0.0129945557564497,212,212
116,3866,15,0.17229703068733215,0.48325443267822266,-0.12109779566526413,0.8916764259338379,165,260
116,3866,16,0.20040389895439148,0.47056737542152405,0.03999742120504379,0.03495139628648758,192,254
116,3866,17,0.1676616072654724,0.5077439546585083,-0.13222365081310272,0.8562654852867126,160,274
116,3866,18,0.19827380776405334,0.4889903962612152,0.03744219243526459,0.05295863747596741,190,264
116,3866,19,0.1635022908449173,0.5047353506088257,-0.12588536739349365,0.8491576910018921,156,272
116,3866,20,0.19476601481437683,0.49271801114082336,0.022743813693523407,0.05382926017045975,186,266
116,3866,21,0.16480082273483276,0.497801274061203,-0.11300774663686752,0.7694646716117859,158,268
116,3866,22,0.19481341540813446,0.4862145781517029,0.03151869401335716,0.05419713631272316,187,262
116,3866,23,0.20686472952365875,0.4793042838573456,-0.06411898881196976,0.9999560117721558,198,258
116,3866,24,0.2296026647090912,0.4766005873680115,0.06408475339412689,0.999904215335846,220,257
116,3866,25,0.18258580565452576,0.6186540126800537,-0.05479030683636665,0.8813279867172241,175,334
116,3866,26,0.22018218040466309,0.599622905254364,0.0984175056219101,0.4613264799118042,211,323
116,3866,27,0.2180648148059845,0.7216157913208008,-0.0034149037674069405,0.8392840027809143,209,389
116,3866,28,0.23780210316181183,0.7333625555038452,0.12824301421642303,0.5706586837768555,228,396
116,3866,29,0.23070040345191956,0.7420722246170044,-0.00635411636903882,0.7379741072654724,221,400
116,3866,30,0.24530662596225739,0.7563447952270508,0.1291758418083191,0.6162058711051941,235,408
116,3866,31,0.19354861974716187,0.7826820611953735,-0.016466740518808365,0.8144576549530029,185,422
116,3866,32,0.2124921977519989,0.7683634161949158,0.10629036277532578,0.621566116809845,203,414
117,3900,0,0.1767822951078415,0.2357696294784546,-0.03769826516509056,0.998104453086853,169,127
117,3900,1,0.17824102938175201,0.22409872710704803,-0.05286867916584015,0.9979860782623291,171,121
117,3900,2,0.17836999893188477,0.22402149438858032,-0.05298859626054764,0.9980688095092773,171,120
117,3900,3,0.17833024263381958,0.22383256256580353,-0.05297846347093582,0.9986373782157898,171,120
117,3900,4,0.18037916719913483,0.2230648696422577,-0.03439467400312424,0.9979349374771118,173,120
117,3900,5,0.18264102935791016,0.22206531465053558,-0.03458336368203163,0.9980904459953308,175,119
117,3900,6,0.18423356115818024,0.22106200456619263,-0.034655820578336716,0.9985190629959106,176,119
117,3900,7,0.1850714087486267,0.22796329855918884,-0.09090735018253326,0.9994150400161743,177,123
117,3900,8,0.19312337040901184,0.2237682342529297,-0.007384059485048056,0.9976327419281006,185,120
117,3900,9,0.18074581027030945,0.2459838092327118,-0.046236682683229446,0.998064398765564,173,132
117,3900,10,0.18246358633041382,0.24598687887191772,-0.023493153974413872,0.9967028498649597,175,132
117,3900,11,0.19672639667987823,0.2900398373603821,-0.1345980316400528,0.9999662637710571,188,156
117,3900,12,0.21567320823669434,0.28421398997306824,0.0641883984208107,0.9987035989761353,207,153
117,3900,13,0.19574229419231415,0.39576730132102966,-0.15824833512306213,0.9756492972373962,187,213
117,3900,14,0.21665488183498383,0.3917423188686371,0.07672274112701416,0.011814231984317303,207,211
117,3900,15,0.1734684258699417,0.4821053445339203,-0.1294192373752594,0.8818630576133728,166,260
117,3900,16,0.2024226188659668,0.46861863136291504,0.04418047517538071,0.03163651004433632,194,253
117,3900,17,0.170212984085083,0.5075280070304871,-0.14180469512939453,0.8425840139389038,163,274
117,3900,18,0.1978481113910675,0.48802274465560913,0.04275871440768242,0.04802107810974121,189,263
117,3900,19,0.16535980999469757,0.5049216747283936,-0.13843894004821777,0.8351185917854309,158,272
117,3900,20,0.19413341581821442,0.49062252044677734,0.02825234644114971,0.04880516976118088,186,264
117,3900,21,0.16674944758415222,0.49748337268829346,-0.1253252625465393,0.7508401274681091,160,268
117,3900,22,0.1941290646791458,0.4856865108013153,0.035848088562488556,0.04915890842676163,186,262
117,3900,23,0.20546174049377441,0.48010334372520447,-0.06288567185401917,0.9999485611915588,197,259
117,3900,24,0.2264472097158432,0.4771136939525604,0.06285916268825531,0.9998844861984253,217,257
117,3900,25,0.1825520247220993,0.6183916926383972,-0.05053362622857094,0.8817753791809082,175,333
117,3900,26,0.22537192702293396,0.6013016700744629,0.09417913854122162,0.4227151572704315,216,324
117,3900,27,0.21597208082675934,0.7222988605499268,0.00527267437428236,0.8438910841941833,207,390
117,3900,28,0.2384011596441269,0.7361018061637878,0.1270720511674881,0.5441128015518188,228,397
117,3900,29,0.2274405062198639,0.7427651286125183,0.006203606724739075,0.7444477081298828,218,401
117,3900,30,0.2436179667711258,0.7613087892532349,0.12821921706199646,0.5937642455101013,233,411
117,3900,31,0.18981461226940155,0.7842170596122742,-0.01775810681283474,0.8188503384590149,182,423
117,3900,32,0.21051308512687683,0.7693120837211609,0.10474582761526108,0.5998343825340271,202,415
118,3933,0,0.171876922249794,0.23547612130641937,-0.022135702893137932,0.9981342554092407,165,127
118,3933,1,0.17071127891540527,0.22431665658950806,-0.03792385011911392,0.9979790449142456,163,121
118,3933,2,0.1697252243757248,0.22451376914978027,-0.03804362192749977,0.9980854392051697,162,121
118,3933,3,0.16846174001693726,0.2246141880750656,-0.038031283766031265,0.9986356496810913,161,121
118,3933,4,0.17500896751880646,0.22275954484939575,-0.021066397428512573,0.9979268908500671,168,120
118,3933,5,0.1770467758178711,0.22182969748973846,-0.021248888224363327,0.9981032609939575,169,119
118,3933,6,0.1789013296365738,0.22084303200244904,-0.02131885662674904,0.9984940886497498,171,119
118,3933,7,0.1708984524011612,0.229209765791893,-0.08196023851633072,0.9994325637817383,164,123
118,3933,8,0.18623827397823334,0.22440071403980255,-0.012917215935885906,0.9976962804794312,178,121
118,3933,9,0.17319832742214203,0.24641932547092438,-0.0324142687022686,0.9981095194816589,166,133
118,3933,10,0.17669279873371124,0.2456389218568802,-0.011994204483926296,0.9967780709266663,169,132
118,3933,11,0.1807260662317276,0.29104262590408325,-0.13076256215572357,0.999967098236084,173,157
118,3933,12,0.20758648216724396,0.2834940254688263,0.04750119894742966,0.9986633658409119,199,153
118,3933,13,0.1850120574235916,0.39862293004989624,-0.15733245015144348,0.9772509932518005,177,215
118,3933,14,0.21108239889144897,0.3922935128211975,0.05766003578901291,0.013116637244820595,202,211
118,3933,15,0.16924482583999634,0.4941716492176056,-0.13719061017036438,0.8868135213851929,162,266
118,3933,16,0.20000356435775757,0.4707358479499817,0.046357665210962296,0.028914492577314377,192,254
118,3933,17,0.16639669239521027,0.5228379964828491,-0.14934322237968445,0.847541332244873,159,282
118,3933,18,0.1980317085981369,0.495285302400589,0.04691010341048241,0.04384943097829819,190,267
118,3933,19,0.16257376968860626,0.522423267364502,-0.14653398096561432,0.840313196182251,156,282
118,3933,20,0.1937832534313202,0.49668967723846436,0.03455181419849396,0.044535767287015915,186,268
118,3933,21,0.16417047381401062,0.5133688449859619,-0.13399696350097656,0.7572997212409973,157,277
118,3933,22,0.19501160085201263,0.4898861348628998,0.03974984958767891,0.044895660132169724,187,264
118,3933,23,0.1909361630678177,0.48186683654785156,-0.058669742196798325,0.9999473690986633,183,260
118,3933,24,0.21815671026706696,0.4790132939815521,0.058650124818086624,0.9998792409896851,209,258
118,3933,25,0.15700609982013702,0.6143695712089539,-0.00814616959542036,0.8922658562660217,150,331
118,3933,26,0.2254403680562973,0.6024720668792725,0.08499261736869812,0.4331006109714508,216,325
118,3933,27,0.17549186944961548,0.7397457361221313,0.040022436529397964,0.8589543700218201,168,399
118,3933,28,0.23579612374305725,0.7409039735794067,0.10877818614244461,0.5777945518493652,226,400
118,3933,29,0.18799836933612823,0.7607690095901489,0.041962817311286926,0.7682822346687317,180,410
118,3933,30,0.24732047319412231,0.7660827040672302,0.1093255952000618,0.6232000589370728,237,413
118,3933,31,0.14159464836120605,0.7847623229026794,0.01187416072934866,0.8357183337211609,135,423
118,3933,32,0.2067974954843521,0.7746089696884155,0.08487670123577118,0.6277558207511902,198,418
119,3966,0,0.16838379204273224,0.23619434237480164,-0.02150285616517067,0.9981644749641418,161,127
119,3966,1,0.1680838018655777,0.22501225769519806,-0.03761190548539162,0.997990071773529,161,121
119,3966,2,0.16710437834262848,0.22521650791168213,-0.03772643581032753,0.9981108903884888,160,121
119,3966,3,0.1659952849149704,0.22535040974617004,-0.03769947588443756,0.9986305832862854,159,121
119,3966,4,0.17208661139011383,0.22342482209205627,-0.022142235189676285,0.9979502558708191,165,120
119,3966,5,0.1736626923084259,0.2225160002708435,-0.022327564656734467,0.9981459379196167,166,120
119,3966,6,0.17615458369255066,0.22141620516777039,-0.022409437224268913,0.9985018968582153,169,119
119,3966,7,0.16986322402954102,0.22997647523880005,-0.08108972012996674,0.9994422793388367,163,124
119,3966,8,0.1826578676700592,0.22464971244335175,-0.013063739985227585,0.9977737665176392,175,121
119,3966,9,0.1711147576570511,0.24680647253990173,-0.031504254788160324,0.9980854988098145,164,133
119,3966,10,0.17412525415420532,0.24606133997440338,-0.012800022959709167,0.9967635869979858,167,132
119,3966,11,0.18008531630039215,0.29088732600212097,-0.12917958199977875,0.9999662637710571,172,157
119,3966,12,0.20590151846408844,0.28343665599823,0.04646645113825798,0.9985809326171875,197,153
119,3966,13,0.18590965867042542,0.3979770541191101,-0.1574893742799759,0.9786127805709839,178,214
119,3966,14,0.2115725427865982,0.39160019159317017,0.056468650698661804,0.014885044656693935,203,211
119,3966,15,0.167768195271492,0.49733486771583557,-0.13787142932415009,0.8883273601531982,161,268
119,3966,16,0.20098905265331268,0.47705078125,0.04620417580008507,0.02643962763249874,192,257
119,3966,17,0.16597118973731995,0.5256710648536682,-0.14909428358078003,0.8481267094612122,159,283
119,3966,18,0.19742347300052643,0.4991857409477234,0.04730343818664551,0.04002133756875992,189,269
119,3966,19,0.16190341114997864,0.5247240662574768,-0.14585967361927032,0.8407249450683594,155,283
119,3966,20,0.19249846041202545,0.49973347783088684,0.03561302646994591,0.040613725781440735,184,269
119,3966,21,0.16221080720424652,0.5160393714904785,-0.13443301618099213,0.7572917938232422,155,278
119,3966,22,0.19498592615127563,0.49290579557418823,0.040007516741752625,0.04097354784607887,187,266
119,3966,23,0.19021347165107727,0.48210445046424866,-0.056765276938676834,0.9999441504478455,182,260
119,3966,24,0.2186056524515152,0.4792588949203491,0.056755270808935165,0.9998685717582703,209,258
119,3966,25,0.157266765832901,0.6109073758125305,-0.008779480122029781,0.9016299843788147,150,329
119,3966,26,0.22161626815795898,0.6032469272613525,0.08184298127889633,0.4362069070339203,212,325
119,3966,27,0.1743389517068863,0.7444366216659546,0.034787777811288834,0.8725366592407227,167,401
119,3966,28,0.23383232951164246,0.7420392036437988,0.10391706973314285,0.6053560972213745,224,400
119,3966,29,0.1861959844827652,0.7664311528205872,0.03687863051891327,0.7901349663734436,178,413
119,3966,30,0.24340693652629852,0.7668519616127014,0.10415397584438324,0.6486280560493469,233,414
119,3966,31,0.13886883854866028,0.787349283695221,0.004881890024989843,0.851012647151947,133,425
119,3966,32,0.20701690018177032,0.7744712233543396,0.07999454438686371,0.650568425655365,198,418
120,4000,0,0.15425792336463928,0.23590035736560822,-0.019880784675478935,0.9981727600097656,148,127
120,4000,1,0.15503369271755219,0.22493760287761688,-0.03629244491457939,0.9980136752128601,148,121
120,4000,2,0.1546548455953598,0.2251635491847992,-0.03641818091273308,0.9981417655944824,148,121
120,4000,3,0.15407514572143555,0.22529177367687225,-0.0363992303609848,0.9986581802368164,147,121
120,4000,4,0.15742261707782745,0.22347848117351532,-0.01868428662419319,0.9979667067527771,151,120
120,4000,5,0.15869393944740295,0.22273799777030945,-0.01886591874063015,0.9981610178947449,152,120
120,4000,6,0.16097816824913025,0.22170376777648926,-0.018932748585939407,0.9984957575798035,154,119
120,4000,7,0.157831609249115,0.22985118627548218,-0.08063305914402008,0.9994569420814514,151,124
120,4000,8,0.16764917969703674,0.22535918653011322,-0.005337359383702278,0.9977575540542603,160,121
120,4000,9,0.15723003447055817,0.24640941619873047,-0.030284754931926727,0.9980833530426025,150,133
120,4000,10,0.15887047350406647,0.24601426720619202,-0.00891262385994196,0.9967164993286133,152,132
120,4000,11,0.16695252060890198,0.2913394570350647,-0.13158144056797028,0.999965488910675,160,157
120,4000,12,0.18836812674999237,0.28438863158226013,0.0634709820151329,0.998449981212616,180,153
120,4000,13,0.1734669804573059,0.3981068730354309,-0.16134507954120636,0.9789614677429199,166,214
120,4000,14,0.19775061309337616,0.39802485704421997,0.07145505398511887,0.013864235952496529,189,214
120,4000,15,0.16298215091228485,0.49626272916793823,-0.13841435313224792,0.8911354541778564,156,267
120,4000,16,0.18987314403057098,0.48201385140419006,0.055249039083719254,0.024863045662641525,182,260
120,4000,17,0.1619921773672104,0.5238980054855347,-0.1520807296037674,0.8501466512680054,155,282
120,4000,18,0.1875568926334381,0.501785159111023,0.05533177778124809,0.0379101037979126,180,270
120,4000,19,0.15776081383228302,0.5240164995193481,-0.14881135523319244,0.8424923419952393,151,282
120,4000,20,0.1845940202474594,0.5029942989349365,0.041762132197618484,0.038415081799030304,177,271
120,4000,21,0.1583537459373474,0.5149275064468384,-0.1349080353975296,0.758945643901825,152,278
120,4000,22,0.18451577425003052,0.4962479770183563,0.048232924193143845,0.03875163197517395,177,267
120,4000,23,0.1794072836637497,0.48310795426368713,-0.059524353593587875,0.9999423623085022,172,260
120,4000,24,0.2063649445772171,0.47932252287864685,0.05952133238315582,0.9998646378517151,198,258
120,4000,25,0.14389951527118683,0.6095041632652283,-0.0047210766933858395,0.9088688492774963,138,329
120,4000,26,0.21851582825183868,0.6035380363464355,0.07765224575996399,0.441153883934021,209,325
120,4000,27,0.13782545924186707,0.7489349246025085,0.04679832234978676,0.8844549655914307,132,404
120,4000,28,0.23588718473911285,0.7418899536132812,0.1059371754527092,0.630273699760437,226,400
120,4000,29,0.1449449062347412,0.7748746871948242,0.04832184314727783,0.808546245098114,139,418
120,4000,30,0.24607810378074646,0.7685026526451111,0.10685309022665024,0.6720936298370361,236,414
120,4000,31,0.09812933951616287,0.7858991622924805,0.004174350295215845,0.8640617728233337,94,424
120,4000,32,0.20155200362205505,0.7745451927185059,0.07701606303453445,0.6718176007270813,193,418
121,4033,0,0.1510123908519745,0.2383606731891632,-0.04390058293938637,0.9980753660202026,144,128
121,4033,1,0.15176090598106384,0.22595219314098358,-0.05758659914135933,0.9978350400924683,145,122
121,4033,2,0.1516548991203308,0.22596879303455353,-0.057704295963048935,0.9979264140129089,145,122
121,4033,3,0.1513669490814209,0.22590525448322296,-0.0576556921005249,0.9984606504440308,145,121
121,4033,4,0.1534712016582489,0.2252320647239685,-0.037083543837070465,0.9978277683258057,147,121
121,4033,5,0.1543673574924469,0.22455906867980957,-0.0372808612883091,0.998039960861206,148,121
121,4033,6,0.15521086752414703,0.22374525666236877,-0.03734870254993439,0.9983989596366882,149,120
121,4033,7,0.15662214159965515,0.2302471101284027,-0.08574267476797104,0.9993451833724976,150,124
121,4033,8,0.16291742026805878,0.22654001414775848,-0.002203778363764286,0.9975647926330566,156,122
121,4033,9,0.15554334223270416,0.24789762496948242,-0.048769187182188034,0.997734010219574,149,133
121,4033,10,0.15569506585597992,0.24831320345401764,-0.023471396416425705,0.9962623715400696,149,134
121,4033,11,0.1688378006219864,0.2917243540287018,-0.13330970704555511,0.9999621510505676,162,157
121,4033,12,0.1797494739294052,0.2876132130622864,0.08452053368091583,0.9983494281768799,172,155
121,4033,13,0.17456576228141785,0.3974164128303528,-0.1665131151676178,0.9780721068382263,167,214
121,4033,14,0.19393202662467957,0.3979414701461792,0.11099132895469666,0.012725675478577614,186,214
121,4033,15,0.16345472633838654,0.49413660168647766,-0.15261511504650116,0.8820527791976929,156,266
121,4033,16,0.1862715780735016,0.48141297698020935,0.06171810254454613,0.023047151044011116,178,259
121,4033,17,0.16213293373584747,0.5217053890228271,-0.16950002312660217,0.8373348116874695,155,281
121,4033,18,0.18482430279254913,0.5016299486160278,0.055864475667476654,0.03528783470392227,177,270
121,4033,19,0.1584032028913498,0.5240368843078613,-0.16805148124694824,0.8286698460578918,152,282
121,4033,20,0.18063639104366302,0.5041679739952087,0.0447564460337162,0.03576546534895897,173,272
121,4033,21,0.15947288274765015,0.515404462814331,-0.1499890387058258,0.7388352751731873,153,278
121,4033,22,0.18092598021030426,0.49701419472694397,0.04971843585371971,0.036080751568078995,173,268
121,4033,23,0.18743927776813507,0.4834230840206146,-0.06260472536087036,0.9999293088912964,179,261
121,4033,24,0.19158430397510529,0.4812415838241577,0.06263408809900284,0.9998378157615662,183,259
121,4033,25,0.20288972556591034,0.6099440455436707,-0.027340415865182877,0.912932276725769,194,329
121,4033,26,0.15127164125442505,0.6038154363632202,0.052822045981884,0.4313626289367676,145,326
121,4033,27,0.21639548242092133,0.7475044131278992,0.0063432264141738415,0.8939070105552673,207,403
121,4033,28,0.1389394849538803,0.748412013053894,0.09170620888471603,0.6355326771736145,133,404
121,4033,29,0.22682806849479675,0.7724121809005737,0.004614580888301134,0.8169395923614502,217,417
121,4033,30,0.14745956659317017,0.77748042345047,0.09224250167608261,0.6700453758239746,141,419
121,4033,31,0.17650729417800903,0.7836130261421204,-0.07458909600973129,0.8737832307815552,169,423
121,4033,32,0.10621432214975357,0.7746087312698364,0.03214370086789131,0.6787932515144348,101,418
122,4066,0,0.1425122171640396,0.24143925309181213,0.010050196200609207,0.9982616305351257,136,130
122,4066,1,0.14098913967609406,0.22991777956485748,-0.006834628060460091,0.9980434775352478,135,124
122,4066,2,0.14006851613521576,0.2300860583782196,-0.006946198642253876,0.9981271624565125,134,124
122,4066,3,0.13904784619808197,0.23027269542217255,-0.006909370422363281,0.9986094236373901,133,124
122,4066,4,0.14520615339279175,0.22887027263641357,0.010900761000812054,0.9980379343032837,139,123
122,4066,5,0.14688891172409058,0.22810609638690948,0.010758326388895512,0.9982300996780396,141,123
122,4066,6,0.14848917722702026,0.227366104722023,0.010766199789941311,0.9985532760620117,142,122
122,4066,7,0.14195294678211212,0.2353513538837433,-0.056605055928230286,0.9994086623191833,136,127
122,4066,8,0.15469835698604584,0.23005622625350952,0.02222798392176628,0.9977986216545105,148,124
122,4066,9,0.1440139263868332,0.2506754398345947,-0.002637960482388735,0.9979544878005981,138,135
122,4066,10,0.1467321217060089,0.25043609738349915,0.019168823957443237,0.9966244697570801,140,135
122,4066,11,0.15136441588401794,0.2937237322330475,-0.11867635697126389,0.999965488910675,145,158
122,4066,12,0.1698022186756134,0.290770024061203,0.09931899607181549,0.998500406742096,163,157
122,4066,13,0.16020825505256653,0.39949193596839905,-0.16477984189987183,0.9794334769248962,153,215
122,4066,14,0.15534302592277527,0.397413045167923,0.11301714926958084,0.013929448090493679,149,214
122,4066,15,0.15229670703411102,0.5010638236999512,-0.14722484350204468,0.8923045992851257,146,270
122,4066,16,0.11427506059408188,0.44399723410606384,0.06309770792722702,0.05265386030077934,109,239
122,4066,17,0.15298086404800415,0.5282547473907471,-0.16303445398807526,0.8513000011444092,146,285
122,4066,18,0.09992969036102295,0.4570579528808594,0.05670338124036789,0.07467029988765717,95,246
122,4066,19,0.14908114075660706,0.5314565896987915,-0.16048838198184967,0.8434063196182251,143,286
122,4066,20,0.0973990187048912,0.45493778586387634,0.04629676789045334,0.07636238634586334,93,245
122,4066,21,0.14841334521770477,0.5216124057769775,-0.14444337785243988,0.7610012888908386,142,281
122,4066,22,0.10509021580219269,0.45059943199157715,0.05156385153532028,0.07435950636863708,100,243
122,4066,23,0.15710648894309998,0.4853605031967163,-0.06352702528238297,0.9999334216117859,150,262
122,4066,24,0.18506444990634918,0.4848024845123291,0.06350477039813995,0.9998490214347839,177,261
122,4066,25,0.12007438391447067,0.6095803380012512,0.010503191500902176,0.91916823387146,115,329
122,4066,26,0.19234606623649597,0.6074104309082031,0.05657405033707619,0.4748525321483612,184,328
122,4066,27,0.09732745587825775,0.7463330030441284,0.05090785771608353,0.9036815762519836,93,403
122,4066,28,0.16164866089820862,0.7474516034126282,0.09259998053312302,0.6695675849914551,155,403
122,4066,29,0.10214217752218246,0.7724672555923462,0.050819944590330124,0.8336222767829895,98,417
122,4066,30,0.17288841307163239,0.7749209403991699,0.09367869794368744,0.7012894749641418,165,418
122,4066,31,0.06272583454847336,0.760491669178009,0.013709349557757378,0.8851082921028137,60,410
122,4066,32,0.12561604380607605,0.7744649052619934,0.061121582984924316,0.7084856033325195,120,418
123,4100,0,0.1412094086408615,0.2426166981458664,0.022606248036026955,0.9984323978424072,135,131
123,4100,1,0.13899977505207062,0.23200805485248566,0.005530865862965584,0.9982357025146484,133,125
123,4100,2,0.13780207931995392,0.2323102355003357,0.0054268972016870975,0.9983115196228027,132,125
123,4100,3,0.13655658066272736,0.2326272875070572,0.005474694538861513,0.9987461566925049,131,125
123,4100,4,0.14365710318088531,0.23067766427993774,0.023121846839785576,0.9982314705848694,137,124
123,4100,5,0.14534328877925873,0.22990916669368744,0.02297486737370491,0.998404860496521,139,124
123,4100,6,0.1470206081867218,0.22919391095638275,0.022975606843829155,0.9986956715583801,141,123
123,4100,7,0.13939987123012543,0.23698754608631134,-0.04791286215186119,0.9994668960571289,133,127
123,4100,8,0.1526137888431549,0.23119573295116425,0.031285736709833145,0.9980151653289795,146,124
123,4100,9,0.1424466073513031,0.2517404556274414,0.008560645394027233,0.9981563687324524,136,135
123,4100,10,0.14534179866313934,0.25136706233024597,0.030255595222115517,0.9969573020935059,139,135
123,4100,11,0.1516176015138626,0.294709175825119,-0.10945916175842285,0.9999685883522034,145,159
123,4100,12,0.1722068190574646,0.29140228033065796,0.09963526576757431,0.9986405968666077,165,157
123,4100,13,0.15884444117546082,0.40107962489128113,-0.14891479909420013,0.9804811477661133,152,216
123,4100,14,0.14973995089530945,0.39742809534072876,0.10742203146219254,0.0149695985019207,143,214
123,4100,15,0.14930573105812073,0.5028870701789856,-0.13981513679027557,0.9015889167785645,143,271
123,4100,16,0.11224951595067978,0.43929439783096313,0.04683950915932655,0.0738077312707901,107,237
123,4100,17,0.14827898144721985,0.5290623903274536,-0.15444928407669067,0.8641541004180908,142,285
123,4100,18,0.09742025285959244,0.44926732778549194,0.04159362241625786,0.10397635400295258,93,242
123,4100,19,0.1448412388563156,0.5314688086509705,-0.15987126529216766,0.8569880723953247,139,286
123,4100,20,0.09529883414506912,0.4471045732498169,0.02556093968451023,0.10625889152288437,91,241
123,4100,21,0.14595937728881836,0.5220293402671814,-0.14009436964988708,0.7813935875892639,140,281
123,4100,22,0.10081510990858078,0.4441204369068146,0.03619743138551712,0.1027204692363739,96,239
123,4100,23,0.15413624048233032,0.4874553978443146,-0.0634816512465477,0.9999368190765381,147,263
123,4100,24,0.1863071173429489,0.4865979850292206,0.06346245110034943,0.9998586773872375,178,262
123,4100,25,0.11628600209951401,0.6098412871360779,0.02511254884302616,0.9251837730407715,111,329
123,4100,26,0.20347048342227936,0.6088336110115051,0.05849853903055191,0.518129825592041,195,328
123,4100,27,0.09250080585479736,0.7464517951011658,0.06063730642199516,0.9127973914146423,88,403
123,4100,28,0.17596308887004852,0.7467482686042786,0.09224812686443329,0.7011771202087402,168,403
123,4100,29,0.09554556012153625,0.7735533714294434,0.059871185570955276,0.8489511609077454,91,417
123,4100,30,0.18411993980407715,0.773278534412384,0.09349951148033142,0.7301517128944397,176,417
123,4100,31,0.056388009339571,0.7520455121994019,0.021017955616116524,0.8956695199012756,54,406
123,4100,32,0.13306251168251038,0.7740048170089722,0.0670229122042656,0.7361517548561096,127,417
124,4133,0,0.1275900900363922,0.24724985659122467,0.04569210484623909,0.9985749125480652,122,133
124,4133,1,0.12555034458637238,0.2358112633228302,0.02608550898730755,0.9984008073806763,120,127
124,4133,2,0.12473117560148239,0.2361176311969757,0.0259786956012249,0.9984704256057739,119,127
124,4133,3,0.1238337904214859,0.2364613264799118,0.025990160182118416,0.998865008354187,118,127
124,4133,4,0.1292438954114914,0.2349173128604889,0.04244288429617882,0.998396635055542,124,126
124,4133,5,0.13133497536182404,0.23399171233177185,0.04230806604027748,0.9985532164573669,126,126
124,4133,6,0.13323503732681274,0.23312164843082428,0.04230673983693123,0.9988154172897339,127,125
124,4133,7,0.12603801488876343,0.24189792573451996,-0.041433949023485184,0.9995173215866089,120,130
124,4133,8,0.13961762189865112,0.23562727868556976,0.033100325614213943,0.9981940388679504,134,127
124,4133,9,0.12898486852645874,0.25656402111053467,0.02648976258933544,0.998329758644104,123,138
124,4133,10,0.1316564977169037,0.25586098432540894,0.04669826105237007,0.99723881483078,126,138
124,4133,11,0.13264590501785278,0.29844585061073303,-0.1053246483206749,0.9999712705612183,127,161
124,4133,12,0.1609797477722168,0.2921839654445648,0.08949780464172363,0.9987554550170898,154,157
124,4133,13,0.1407730132341385,0.4070436358451843,-0.13995859026908875,0.9812688827514648,135,219
124,4133,14,0.16343708336353302,0.40591129660606384,0.08685299754142761,0.014860805124044418,156,219
124,4133,15,0.14012546837329865,0.5085194110870361,-0.12072426825761795,0.9079442620277405,134,274
124,4133,16,0.14947651326656342,0.47870370745658875,0.052723851054906845,0.07063350826501846,143,258
124,4133,17,0.14177268743515015,0.5368612408638,-0.13187040388584137,0.8726497888565063,136,289
124,4133,18,0.143872931599617,0.49500709772109985,0.049079813063144684,0.10006249696016312,138,267
124,4133,19,0.13866092264652252,0.5382799506187439,-0.1318332850933075,0.8659034967422485,133,290
124,4133,20,0.14092989265918732,0.4941376745700836,0.031389664858579636,0.10196574777364731,135,266
124,4133,21,0.1369740217924118,0.5277159214019775,-0.11875536292791367,0.7943328022956848,131,284
124,4133,22,0.1427360624074936,0.4890865683555603,0.043044254183769226,0.09888353198766708,137,264
124,4133,23,0.14332710206508636,0.488066166639328,-0.05991349369287491,0.9999392628669739,137,263
124,4133,24,0.17521007359027863,0.48680347204208374,0.05983191728591919,0.9998648762702942,168,262
124,4133,25,0.10034041851758957,0.6100741624832153,0.032064225524663925,0.9305022954940796,96,329
124,4133,26,0.1975390464067459,0.6085492372512817,0.07642774283885956,0.5460091233253479,189,328
124,4133,27,0.069699726998806,0.7459297180175781,0.06225151941180229,0.921152651309967,66,402
124,4133,28,0.18634504079818726,0.7416514754295349,0.10393022000789642,0.7283303737640381,178,400
124,4133,29,0.07255330681800842,0.7737856507301331,0.0618291012942791,0.8631908297538757,69,417
124,4133,30,0.18963555991649628,0.7661908864974976,0.10548840463161469,0.7554751038551331,182,413
124,4133,31,0.03374222293496132,0.7476291060447693,0.029551835730671883,0.9048671722412109,32,403
124,4133,32,0.13911162316799164,0.7727579474449158,0.09185515344142914,0.7581127285957336,133,417
125,4166,0,0.12479330599308014,0.24773669242858887,0.04104210063815117,0.9987145662307739,119,133
125,4166,1,0.12336340546607971,0.236143097281456,0.0230503398925066,0.9985584020614624,118,127
125,4166,2,0.12206775695085526,0.23649634420871735,0.02294318750500679,0.9986214637756348,117,127
125,4166,3,0.12080106884241104,0.23687714338302612,0.02295565791428089,0.9989771842956543,115,127
125,4166,4,0.12791374325752258,0.23490457236766815,0.04085848852992058,0.9985545873641968,122,126
125,4166,5,0.1295575350522995,0.23400235176086426,0.040725354105234146,0.9986956715583801,124,126
125,4166,6,0.13194672763347626,0.23304784297943115,0.040729884058237076,0.9989315271377563,126,125
125,4166,7,0.12316243350505829,0.24211417138576508,-0.037239525467157364,0.999565064907074,118,130
125,4166,8,0.13710053265094757,0.23581762611865997,0.04314074292778969,0.9983699917793274,131,127
125,4166,9,0.1255931854248047,0.2574009895324707,0.024369537830352783,0.9984942078590393,120,138
125,4166,10,0.1297391802072525,0.25644707679748535,0.04639144241809845,0.9975088238716125,124,138
125,4166,11,0.13468974828720093,0.29968804121017456,-0.10408011823892593,0.9999739527702332,129,161
125,4166,12,0.15767209231853485,0.29270368814468384,0.1027294471859932,0.9988638758659363,151,158
125,4166,13,0.14191994071006775,0.40685153007507324,-0.14169326424598694,0.9825838208198547,136,219
125,4166,14,0.15207692980766296,0.40381258726119995,0.09602148830890656,0.014123709872364998,145,218
125,4166,15,0.1416608840227127,0.5056713819503784,-0.12641747295856476,0.9161117672920227,135,273
125,4166,16,0.1336078643798828,0.45975759625434875,0.05414828285574913,0.06866775453090668,128,248
125,4166,17,0.14217670261859894,0.5323633551597595,-0.13963013887405396,0.8837350606918335,136,287
125,4166,18,0.12894633412361145,0.46980276703834534,0.0510428287088871,0.09917497634887695,123,253
125,4166,19,0.13917045295238495,0.5345328450202942,-0.1403050571680069,0.877571702003479,133,288
125,4166,20,0.12591218948364258,0.4681597650051117,0.034800391644239426,0.10078345984220505,120,252
125,4166,21,0.13792067766189575,0.525795578956604,-0.12502537667751312,0.8118782043457031,132,283
125,4166,22,0.1268959939479828,0.46551084518432617,0.04475542530417442,0.09837597608566284,121,251
125,4166,23,0.14053037762641907,0.4880066514015198,-0.06119512766599655,0.9999435544013977,134,263
125,4166,24,0.17270255088806152,0.4863453507423401,0.0611109621822834,0.9998743534088135,165,262
125,4166,25,0.10097815841436386,0.6099932789802551,0.020823560655117035,0.9347389340400696,96,329
125,4166,26,0.1980656236410141,0.6085352301597595,0.04646069183945656,0.579397976398468,190,328
125,4166,27,0.06902352720499039,0.7441707849502563,0.05531942471861839,0.9283428192138672,66,401
125,4166,28,0.19941458106040955,0.738856852054596,0.055820051580667496,0.7529000043869019,191,398
125,4166,29,0.07231543958187103,0.7725511789321899,0.05982673913240433,0.875371515750885,69,417
125,4166,30,0.21449027955532074,0.7653326392173767,0.05582266300916672,0.778572678565979,205,413
125,4166,31,0.03299006074666977,0.7447008490562439,0.017921848222613335,0.9130069017410278,31,402
125,4166,32,0.15709741413593292,0.7727649807929993,0.040668390691280365,0.7796791791915894,150,417
126,4200,0,0.11213280260562897,0.24864210188388824,0.06645521521568298,0.9987379908561707,107,134
126,4200,1,0.10959845036268234,0.23754927515983582,0.04622023180127144,0.9985947012901306,105,128
126,4200,2,0.10837040096521378,0.2379213124513626,0.04612058028578758,0.9986607432365417,104,128
126,4200,3,0.10711855441331863,0.23830507695674896,0.046110689640045166,0.9990151524543762,102,128
126,4200,4,0.1147080734372139,0.23630306124687195,0.061034854501485825,0.9986131191253662,110,127
126,4200,5,0.11683356016874313,0.23535387217998505,0.060901109129190445,0.9987496733665466,112,127
126,4200,6,0.11905142664909363,0.23431113362312317,0.060886748135089874,0.9989753365516663,114,126
126,4200,7,0.10807792842388153,0.24469715356826782,-0.025120817124843597,0.9995794296264648,103,132
126,4200,8,0.12472137808799744,0.23775769770145416,0.043145034462213516,0.9984188079833984,119,128
126,4200,9,0.1127692461013794,0.25887590646743774,0.04604514688253403,0.9985750913619995,108,139
126,4200,10,0.11628744006156921,0.2577532231807709,0.06428544968366623,0.9976396560668945,111,139
126,4200,11,0.11650774627923965,0.3036700487136841,-0.09093005210161209,0.9999750256538391,111,163
126,4200,12,0.14440733194351196,0.29547998309135437,0.09188304841518402,0.9989471435546875,138,159
126,4200,13,0.128262460231781,0.4091622531414032,-0.11992345005273819,0.9791609048843384,123,220
126,4200,14,0.1473815143108368,0.41168293356895447,0.08481203019618988,0.014064989052712917,141,222
126,4200,15,0.12994810938835144,0.5068833827972412,-0.09633128345012665,0.8983045220375061,124,273
126,4200,16,0.14058127999305725,0.4857317805290222,0.054207947105169296,0.06624481081962585,134,262
126,4200,17,0.13091568648815155,0.5333951711654663,-0.10559329390525818,0.8646730780601501,125,288
126,4200,18,0.1378977745771408,0.4965227544307709,0.05198169872164726,0.095743328332901,132,268
126,4200,19,0.12784919142723083,0.5363714694976807,-0.10455846041440964,0.8574389815330505,122,289
126,4200,20,0.13669514656066895,0.5014291405677795,0.03717849776148796,0.09683641046285629,131,270
126,4200,21,0.12735849618911743,0.5245962738990784,-0.09382164478302002,0.788152277469635,122,283
126,4200,22,0.13612617552280426,0.49610641598701477,0.04612689092755318,0.0944257378578186,130,267
126,4200,23,0.12951964139938354,0.48932212591171265,-0.05682075768709183,0.9999459981918335,124,264
126,4200,24,0.15898768603801727,0.4864165782928467,0.05672362074255943,0.9998819828033447,152,262
126,4200,25,0.08339030295610428,0.6185429096221924,0.023038441315293312,0.9382070899009705,80,334
126,4200,26,0.18773750960826874,0.6085330247879028,0.050516486167907715,0.6039831638336182,180,328
126,4200,27,0.054893992841243744,0.7479794025421143,0.05086036026477814,0.9346644282341003,52,403
126,4200,28,0.214560404419899,0.7342661023139954,0.06925451010465622,0.774124026298523,205,396
126,4200,29,0.05808637663722038,0.7777040004730225,0.05295687913894653,0.8859092593193054,55,419
126,4200,30,0.22101761400699615,0.7597274780273438,0.06975753605365753,0.7987066507339478,212,410
126,4200,31,0.018156468868255615,0.7451128959655762,0.01759367063641548,0.918276846408844,17,402
126,4200,32,0.17025254666805267,0.7727118134498596,0.04632216691970825,0.7944692969322205,163,417
127,4233,0,0.10591576993465424,0.2543783485889435,0.04534380882978439,0.9988396167755127,101,137
127,4233,1,0.10461952537298203,0.2420707494020462,0.026528077200055122,0.9987175464630127,100,130
127,4233,2,0.10362077504396439,0.24194616079330444,0.026421112939715385,0.9987812042236328,99,130
127,4233,3,0.10263165831565857,0.2419850081205368,0.02642475627362728,0.9991037845611572,98,130
127,4233,4,0.10896353423595428,0.2413080781698227,0.04455295950174332,0.9987316131591797,104,130
127,4233,5,0.11068961769342422,0.24041937291622162,0.04440683498978615,0.9988564848899841,106,129
127,4233,6,0.11312436312437057,0.2391933798789978,0.044387806206941605,0.9990572929382324,108,129
127,4233,7,0.1069493219256401,0.24618372321128845,-0.03524932637810707,0.9996181726455688,102,132
127,4233,8,0.11936317384243011,0.24049872159957886,0.04722711816430092,0.9985421895980835,114,129
127,4233,9,0.1074906513094902,0.2630063593387604,0.028404835611581802,0.9986964464187622,103,142
127,4233,10,0.1114034652709961,0.26272648572921753,0.05072654411196709,0.9978228807449341,106,141
127,4233,11,0.11654426157474518,0.30404314398765564,-0.09793169051408768,0.9999769330024719,111,164
127,4233,12,0.1434214562177658,0.29644861817359924,0.10455694794654846,0.9990039467811584,137,160
127,4233,13,0.12543396651744843,0.4090844392776489,-0.13891246914863586,0.9806353449821472,120,220
127,4233,14,0.14116264879703522,0.4111178517341614,0.10071124881505966,0.013119233772158623,135,222
127,4233,15,0.12864813208580017,0.5050327777862549,-0.1266079843044281,0.9066070914268494,123,272
127,4233,16,0.1367376297712326,0.48278915882110596,0.0631166324019432,0.060902103781700134,131,260
127,4233,17,0.12892360985279083,0.5313435196876526,-0.13913317024707794,0.87542325258255,123,286
127,4233,18,0.13613955676555634,0.49451112747192383,0.06133996695280075,0.088612399995327,130,267
127,4233,19,0.12577171623706818,0.5339111685752869,-0.1366165578365326,0.8687411546707153,120,288
127,4233,20,0.13380755484104156,0.5004551410675049,0.04815575107932091,0.08953588455915451,128,270
127,4233,21,0.1255417764186859,0.5228838324546814,-0.12352121621370316,0.8044719696044922,120,282
127,4233,22,0.13292792439460754,0.4947497248649597,0.05520407855510712,0.08771821111440659,127,267
127,4233,23,0.1262829601764679,0.49213194847106934,-0.059946175664663315,0.9999487400054932,121,265
127,4233,24,0.155121847987175,0.4886457622051239,0.05985216423869133,0.999887228012085,148,263
127,4233,25,0.08104551583528519,0.6193432211875916,0.023914216086268425,0.9425866007804871,77,334
127,4233,26,0.18698392808437347,0.6084914803504944,0.049616601318120956,0.6372560858726501,179,328
127,4233,27,0.05443551018834114,0.7483243942260742,0.04912572726607323,0.9408354163169861,52,404
127,4233,28,0.2212357074022293,0.7297340035438538,0.059980761259794235,0.7954776287078857,212,394
127,4233,29,0.05724445357918739,0.7792569994926453,0.05000323802232742,0.8963501453399658,54,420
127,4233,30,0.22799713909626007,0.7540736794471741,0.06011373549699783,0.8181031942367554,218,407
127,4233,31,0.01668744534254074,0.7451291084289551,0.01404369156807661,0.9254420399665833,16,402
127,4233,32,0.1728340983390808,0.7718101143836975,0.04296952113509178,0.8132725954055786,165,416
128,4266,0,0.09443531930446625,0.25401201844215393,0.08081115782260895,0.9988857507705688,90,137
128,4266,1,0.0919000655412674,0.24254514276981354,0.06092866510152817,0.9987753033638,88,130
128,4266,2,0.09048185497522354,0.242683544754982,0.06083397567272186,0.9988474249839783,86,131
128,4266,3,0.08888118714094162,0.24301545321941376,0.06083041802048683,0.9991551041603088,85,131
128,4266,4,0.09664575755596161,0.24144728481769562,0.07807182520627975,0.9987915754318237,92,130
128,4266,5,0.09875137358903885,0.2405521273612976,0.07795096188783646,0.9989139437675476,94,129
128,4266,6,0.10094345360994339,0.23957714438438416,0.07793401181697845,0.999096155166626,96,129
128,4266,7,0.0893346443772316,0.24853990972042084,-0.011175102554261684,0.9996426701545715,85,134
128,4266,8,0.1073242574930191,0.24180498719215393,0.06650430709123611,0.9986000657081604,103,130
128,4266,9,0.09439888596534729,0.2634633481502533,0.05941222235560417,0.9987877011299133,90,142
128,4266,10,0.09860461205244064,0.2628815174102783,0.08055322617292404,0.997956395149231,94,141
128,4266,11,0.09830818325281143,0.3066977858543396,-0.09013955295085907,0.9999783635139465,94,165
128,4266,12,0.12745904922485352,0.3005217909812927,0.10851845890283585,0.9990569949150085,122,162
128,4266,13,0.11154690384864807,0.4106752574443817,-0.13817881047725677,0.9820012450218201,107,221
128,4266,14,0.12326615303754807,0.41043588519096375,0.10014572739601135,0.016560249030590057,118,221
128,4266,15,0.11524680256843567,0.5059540271759033,-0.13224609196186066,0.9123762845993042,110,273
128,4266,16,0.10019462555646896,0.45953482389450073,0.06286568939685822,0.05653729662299156,96,248
128,4266,17,0.1186935231089592,0.5330944061279297,-0.1439056396484375,0.8825119733810425,113,287
128,4266,18,0.09377618879079819,0.46943098306655884,0.061231013387441635,0.08199479430913925,90,253
128,4266,19,0.11412869393825531,0.5362205505371094,-0.14164011180400848,0.875975489616394,109,289
128,4266,20,0.09259854257106781,0.46659496426582336,0.04831383749842644,0.08267733454704285,88,251
128,4266,21,0.1123063936829567,0.5252158641815186,-0.12937995791435242,0.814113199710846,107,283
128,4266,22,0.09434434771537781,0.46274974942207336,0.05512392148375511,0.08135748654603958,90,249
128,4266,23,0.10688933730125427,0.49601829051971436,-0.060024552047252655,0.9999526739120483,102,267
128,4266,24,0.13713230192661285,0.49278825521469116,0.059934020042419434,0.9998955726623535,131,266
128,4266,25,0.06611674278974533,0.6206524968147278,0.02009996771812439,0.945878267288208,63,335
128,4266,26,0.16924573481082916,0.6085545420646667,0.017438258975744247,0.6648635864257812,162,328
128,4266,27,0.04641174152493477,0.7553771138191223,0.011865912936627865,0.9462869763374329,44,407
128,4266,28,0.21905498206615448,0.7263065576553345,-0.011648624204099178,0.8137582540512085,210,392
128,4266,29,0.051972027868032455,0.785021960735321,0.008516037836670876,0.9056985378265381,49,423
128,4266,30,0.2324308604001999,0.742400586605072,-0.01505305990576744,0.835351824760437,223,400
128,4266,31,0.008658772334456444,0.7620927691459656,-0.022493742406368256,0.9317399859428406,8,411
128,4266,32,0.1829952597618103,0.7730547785758972,-0.02993052266538143,0.8291932940483093,175,417
129,4300,0,0.091707244515419,0.2533942759037018,0.05748967081308365,0.9989884495735168,88,136
129,4300,1,0.08805510401725769,0.24217696487903595,0.03874468430876732,0.9988889694213867,84,130
129,4300,2,0.08621275424957275,0.24245207011699677,0.03864473104476929,0.9989559650421143,82,130
129,4300,3,0.08451853692531586,0.24288874864578247,0.03865703567862511,0.9992340803146362,81,131
129,4300,4,0.09468456357717514,0.2408495545387268,0.055988211184740067,0.9989055395126343,90,130
129,4300,5,0.09714661538600922,0.2399788498878479,0.05585271120071411,0.9990172386169434,93,129
129,4300,6,0.09953142702579498,0.2390412539243698,0.055835042148828506,0.9991809725761414,95,129
129,4300,7,0.08603207767009735,0.24845340847969055,-0.02506689354777336,0.9996766448020935,82,134
129,4300,8,0.10531939566135406,0.24138054251670837,0.05390142649412155,0.9987322688102722,101,130
129,4300,9,0.09112323075532913,0.26293808221817017,0.038929980248212814,0.9989047050476074,87,141
129,4300,10,0.09678289294242859,0.2623589038848877,0.060279782861471176,0.9981532692909241,92,141
129,4300,11,0.09860716760158539,0.30892953276634216,-0.09044100344181061,0.9999801516532898,94,166
129,4300,12,0.12555214762687683,0.30305689573287964,0.10180648416280746,0.9991415143013,120,163
129,4300,13,0.10861711204051971,0.414319783449173,-0.14310282468795776,0.9833246469497681,104,223
129,4300,14,0.10271263867616653,0.4090352952480316,0.07451775670051575,0.02904023975133896,98,220
129,4300,15,0.11253955215215683,0.5086479187011719,-0.14188581705093384,0.9198403358459473,108,274
129,4300,16,0.06041868031024933,0.4219880700111389,0.010417071171104908,0.07522108405828476,58,227
129,4300,17,0.1136436015367508,0.5361220836639404,-0.15312904119491577,0.8924345374107361,109,289
129,4300,18,0.04394865408539772,0.4314456880092621,0.0054353950545191765,0.10148266702890396,42,232
129,4300,19,0.11052460968494415,0.5391840934753418,-0.1543862372636795,0.8864573836326599,106,291
129,4300,20,0.04282105714082718,0.4258829951286316,-0.008876601234078407,0.10190827399492264,41,229
129,4300,21,0.10912526398897171,0.528145968914032,-0.14063437283039093,0.8294069766998291,104,285
129,4300,22,0.04723047837615013,0.4242018759250641,0.0008189441286958754,0.10138195008039474,45,229
129,4300,23,0.10409048944711685,0.5019501447677612,-0.06011852249503136,0.9999556541442871,99,271
129,4300,24,0.1365043967962265,0.4950229227542877,0.060012806206941605,0.9999027252197266,131,267
129,4300,25,0.06546179205179214,0.6217218637466431,0.019003966823220253,0.9499467015266418,62,335
129,4300,26,0.1675744205713272,0.6100305318832397,0.02568521536886692,0.695967972278595,160,329
129,4300,27,0.04584149643778801,0.7575008273124695,0.020688088610768318,0.9514089226722717,44,409
129,4300,28,0.21922969818115234,0.7260798811912537,0.01368649024516344,0.832054078578949,210,392
129,4300,29,0.05180183798074722,0.786453366279602,0.017884952947497368,0.9144609570503235,49,424
129,4300,30,0.23384690284729004,0.7391072511672974,0.012115000747144222,0.8516263365745544,224,399
129,4300,31,0.007035232614725828,0.7684157490730286,-0.016180139034986496,0.9380499720573425,6,414
129,4300,32,0.1888129860162735,0.7747291922569275,-0.00352199818007648,0.8458673357963562,181,418
130,4333,0,0.07604023814201355,0.25190237164497375,0.018221966922283173,0.9989261031150818,72,136
130,4333,1,0.07385407388210297,0.24099500477313995,-0.0002582858724053949,0.9988093972206116,70,130
130,4333,2,0.07251906394958496,0.24139712750911713,-0.0003885499609168619,0.9989192485809326,69,130
130,4333,3,0.07107066363096237,0.24196961522102356,-0.0003735288046300411,0.9992067813873291,68,130
130,4333,4,0.07883169502019882,0.23948092758655548,0.017256461083889008,0.9988271594047546,75,129
130,4333,5,0.08127131313085556,0.23891830444335938,0.017115211114287376,0.9989657998085022,78,129
130,4333,6,0.08361752331256866,0.23795148730278015,0.017093028873205185,0.9991103410720825,80,128
130,4333,7,0.07143578678369522,0.24808643758296967,-0.05992502346634865,0.9996740221977234,68,133
130,4333,8,0.08974979817867279,0.24078021943569183,0.01979394070804119,0.998634934425354,86,130
130,4333,9,0.07643914967775345,0.26251837611198425,0.0013986820122227073,0.9989426732063293,73,141
130,4333,10,0.08061150461435318,0.2619301378726959,0.023175114765763283,0.9981966614723206,77,141
130,4333,11,0.08249489217996597,0.3103260397911072,-0.11840547621250153,0.9999805092811584,79,167
130,4333,12,0.10878684371709824,0.304028183221817,0.07937333732843399,0.999154806137085,104,164
130,4333,13,0.0949421226978302,0.4153885841369629,-0.15797951817512512,0.9829401969909668,91,224
130,4333,14,0.08449921756982803,0.4088608920574188,0.07482147216796875,0.02805371955037117,81,220
130,4333,15,0.09850379824638367,0.5107718706130981,-0.15974083542823792,0.9245685935020447,94,275
130,4333,16,0.045157235115766525,0.4222859740257263,0.02584429830312729,0.07734832912683487,43,228
130,4333,17,0.10170289874076843,0.5376279950141907,-0.17385046184062958,0.8993278741836548,97,290
130,4333,18,0.028208989650011063,0.42942968010902405,0.022333571687340736,0.10535933822393417,27,231
130,4333,19,0.09584423899650574,0.540594756603241,-0.175864115357399,0.893875002861023,92,291
130,4333,20,0.02654283307492733,0.4251105785369873,0.006088546477258205,0.10630340129137039,25,229
130,4333,21,0.09437429159879684,0.5296117663383484,-0.15910588204860687,0.8401023745536804,90,285
130,4333,22,0.03425772860646248,0.422791451215744,0.015873689204454422,0.10677303373813629,32,228
130,4333,23,0.08873829245567322,0.5010914206504822,-0.06017712876200676,0.9999574422836304,85,270
130,4333,24,0.11492235958576202,0.4979130029678345,0.06007567420601845,0.999906599521637,110,268
130,4333,25,0.05209486186504364,0.6259351372718811,0.0052766636945307255,0.945457398891449,50,338
130,4333,26,0.14374089241027832,0.6110304594039917,0.04090837016701698,0.6970338821411133,137,329
130,4333,27,0.04150465875864029,0.7601750493049622,0.01937580667436123,0.954192578792572,39,410
130,4333,28,0.20210953056812286,0.7132266163825989,0.048546213656663895,0.8424378633499146,194,385
130,4333,29,0.049544770270586014,0.7864693403244019,0.017509855329990387,0.9179188013076782,47,424
130,4333,30,0.21626901626586914,0.7218450903892517,0.04937230050563812,0.8627610802650452,207,389
130,4333,31,0.0044470313005149364,0.7843157052993774,-0.02140400931239128,0.9405925869941711,4,423
130,4333,32,0.18025508522987366,0.7745345830917358,0.031375229358673096,0.8546268939971924,173,418
131,4366,0,0.07321902364492416,0.2512452304363251,0.007484871428459883,0.9986997842788696,70,135
131,4366,1,0.07124672085046768,0.24029137194156647,-0.009632570669054985,0.9983140826225281,68,129
131,4366,2,0.06981173157691956,0.24077108502388,-0.009770956821739674,0.998541533946991,67,130
131,4366,3,0.06839631497859955,0.24139608442783356,-0.009759181179106236,0.9989097118377686,65,130
131,4366,4,0.07606435567140579,0.23858144879341125,0.00900531467050314,0.9982849359512329,73,128
131,4366,5,0.0781320333480835,0.2378929704427719,0.008845368400216103,0.9985635280609131,75,128
131,4366,6,0.08008000254631042,0.23690350353717804,0.008791864849627018,0.9987372756004333,76,127
131,4366,7,0.07018734514713287,0.24763208627700806,-0.06369446218013763,0.9995947480201721,67,133
131,4366,8,0.08559000492095947,0.2401086539030075,0.020720211789011955,0.9982095956802368,82,129
131,4366,9,0.07358188182115555,0.26186662912368774,-0.007723803631961346,0.9988601803779602,70,141
131,4366,10,0.07824060320854187,0.261088490486145,0.015603812411427498,0.9980344772338867,75,140
131,4366,11,0.085626520216465,0.31033089756965637,-0.1171177476644516,0.9999785423278809,82,167
131,4366,12,0.10379321873188019,0.3052384555339813,0.0822051540017128,0.9990801811218262,99,164
131,4366,13,0.09495153278112411,0.41729938983917236,-0.15292343497276306,0.9804194569587708,91,225
131,4366,14,0.08060769736766815,0.40797966718673706,0.07886300981044769,0.025974847376346588,77,220
131,4366,15,0.09590974450111389,0.5111015439033508,-0.15215668082237244,0.9268854260444641,92,275
131,4366,16,0.040519703179597855,0.4237505793571472,0.02283993549644947,0.08338471502065659,38,228
131,4366,17,0.09875000268220901,0.5377129912376404,-0.16420899331569672,0.9031464457511902,94,290
131,4366,18,0.02498460002243519,0.4304370582103729,0.01745741441845894,0.11994195729494095,23,232
131,4366,19,0.0922146812081337,0.540999174118042,-0.16348975896835327,0.8980320692062378,88,292
131,4366,20,0.02150125615298748,0.4263942241668701,-8.679040183778852e-05,0.12177204340696335,20,230
131,4366,21,0.09058070927858353,0.5303347706794739,-0.149082213640213,0.8450884819030762,86,286
131,4366,22,0.028654634952545166,0.42338424921035767,0.011881613172590733,0.12411490082740784,27,228
131,4366,23,0.0887267217040062,0.4987664818763733,-0.05959299951791763,0.9999474883079529,85,269
131,4366,24,0.10831400752067566,0.4971865713596344,0.05949975177645683,0.9998863339424133,103,268
131,4366,25,0.0753989964723587,0.639410674571991,-0.030984116718173027,0.9344141483306885,72,345
131,4366,26,0.11729595810174942,0.6149584650993347,0.05500328168272972,0.6456500291824341,112,332
131,4366,27,0.1066293716430664,0.769934892654419,-0.011102627031505108,0.9540157914161682,102,415
131,4366,28,0.14055374264717102,0.7532437443733215,0.08071590214967728,0.808014988899231,134,406
131,4366,29,0.11830960959196091,0.7913031578063965,-0.01325452420860529,0.9071473479270935,113,427
131,4366,30,0.14896076917648315,0.7730506658554077,0.08129903674125671,0.8296644687652588,143,417
131,4366,31,0.0895642414689064,0.7996509075164795,-0.06830159574747086,0.9394902586936951,85,431
131,4366,32,0.12328052520751953,0.7930189967155457,0.04851747676730156,0.8288673758506775,118,428
132,4400,0,0.05655056983232498,0.25050127506256104,0.013151216320693493,0.9974806904792786,54,135
132,4400,1,0.05580659583210945,0.23964400589466095,-0.0052119228057563305,0.9962309002876282,53,129
132,4400,2,0.05496608093380928,0.2401643544435501,-0.005350197199732065,0.9963250756263733,52,129
132,4400,3,0.05398844927549362,0.24077145755290985,-0.005349142476916313,0.9972525238990784,51,130
132,4400,4,0.05937967821955681,0.2379428744316101,0.013035332784056664,0.9957515597343445,57,128
132,4400,5,0.06170077249407768,0.23763886094093323,0.01286383904516697,0.996233344078064,59,128
132,4400,6,0.06368747353553772,0.23671190440654755,0.01280945260077715,0.9970496296882629,61,127
132,4400,7,0.05544013902544975,0.24736034870147705,-0.06101213023066521,0.9989685416221619,53,133
132,4400,8,0.07039721310138702,0.2399147003889084,0.02207058295607567,0.9960113167762756,67,129
132,4400,9,0.057908620685338974,0.26148438453674316,-0.002261099172756076,0.997623085975647,55,141
132,4400,10,0.06154808774590492,0.2605491578578949,0.020474066957831383,0.9960548281669617,59,140
132,4400,11,0.06567425280809402,0.30991679430007935,-0.11872275173664093,0.9999760985374451,63,167
132,4400,12,0.08869988471269608,0.30501967668533325,0.08306773006916046,0.9990560412406921,85,164
132,4400,13,0.073453888297081,0.41937491297721863,-0.1497376412153244,0.9643336534500122,70,226
132,4400,14,0.09416133910417557,0.41345667839050293,0.0948374792933464,0.02352878265082836,90,223
132,4400,15,0.0696016326546669,0.5182474255561829,-0.12414885312318802,0.869667112827301,66,279
132,4400,16,0.07746025174856186,0.48921287059783936,0.0721873790025711,0.07527966797351837,74,264
132,4400,17,0.07097912579774857,0.5461813807487488,-0.13667559623718262,0.843471109867096,68,294
132,4400,18,0.06486135721206665,0.5105835199356079,0.07265735417604446,0.10837863385677338,62,275
132,4400,19,0.06585434824228287,0.5483351945877075,-0.13426518440246582,0.8363885283470154,63,296
132,4400,20,0.06338391453027725,0.5144675374031067,0.05720619857311249,0.11001831293106079,60,277
132,4400,21,0.06693120300769806,0.5365927815437317,-0.1209050640463829,0.778501570224762,64,289
132,4400,22,0.06869254261255264,0.5060286521911621,0.06350655108690262,0.11218301951885223,65,273
132,4400,23,0.08521942049264908,0.4997822642326355,-0.060368701815605164,0.9999476075172424,81,269
132,4400,24,0.08811657875776291,0.5009400844573975,0.0602833591401577,0.9998897910118103,84,270
132,4400,25,0.11350411921739578,0.6356010437011719,-0.04756743088364601,0.9243359565734863,108,343
132,4400,26,0.04261137172579765,0.6231902241706848,0.08154573291540146,0.602694034576416,40,336
132,4400,27,0.1809583157300949,0.7082971930503845,0.005674067419022322,0.930436909198761,173,382
132,4400,28,0.04512482136487961,0.7610992193222046,0.11042196303606033,0.7719051837921143,43,410
132,4400,29,0.19788731634616852,0.7104636430740356,0.0006128819077275693,0.8573163747787476,189,383
132,4400,30,0.05289015546441078,0.7861226201057434,0.11137333512306213,0.7896986603736877,50,424
132,4400,31,0.18042676150798798,0.7565683722496033,-0.06075461581349373,0.9031837582588196,173,408
132,4400,32,0.009975536726415157,0.796252965927124,0.0811329111456871,0.7890072464942932,9,429
133,4433,0,0.05510095879435539,0.2521721124649048,0.009689497761428356,0.9969704747200012,52,136
133,4433,1,0.053040679544210434,0.2415967583656311,-0.00840799044817686,0.9952364563941956,50,130
133,4433,2,0.0518840029835701,0.24158644676208496,-0.008542081341147423,0.9951995611190796,49,130
133,4433,3,0.05067498981952667,0.2420840859413147,-0.008537223562598228,0.9963231682777405,48,130
133,4433,4,0.05761479586362839,0.23959779739379883,0.009493536315858364,0.994656503200531,55,129
133,4433,5,0.05942298471927643,0.23889532685279846,0.0093056820333004,0.995274007320404,57,129
133,4433,6,0.06117716804146767,0.23786421120166779,0.009247195906937122,0.9963557124137878,58,128
133,4433,7,0.05310053378343582,0.2480754405260086,-0.05980711802840233,0.9985758662223816,50,133
133,4433,8,0.06796871870756149,0.24021759629249573,0.02169562689960003,0.9949543476104736,65,129
133,4433,9,0.056245364248752594,0.26219385862350464,-0.0036631578113883734,0.9966328740119934,53,141
133,4433,10,0.05935438722372055,0.2611634135246277,0.018524443730711937,0.994684100151062,56,141
133,4433,11,0.06321354955434799,0.30962038040161133,-0.11388521641492844,0.9999726414680481,60,167
133,4433,12,0.08810918778181076,0.30457818508148193,0.08166633546352386,0.9990146160125732,84,164
133,4433,13,0.07158943265676498,0.4180172383785248,-0.13759738206863403,0.9518181085586548,68,225
133,4433,14,0.09501080214977264,0.4136628210544586,0.09446468204259872,0.021346870809793472,91,223
133,4433,15,0.07043743133544922,0.5167450904846191,-0.11364953219890594,0.8141303658485413,67,279
133,4433,16,0.08631166815757751,0.4969063699245453,0.06487244367599487,0.06797164678573608,82,268
133,4433,17,0.07100549340248108,0.5443537831306458,-0.12558385729789734,0.7868470549583435,68,293
133,4433,18,0.07722751051187515,0.5184637904167175,0.06382419914007187,0.09794705361127853,74,279
133,4433,19,0.06812930107116699,0.54698646068573,-0.1233593299984932,0.7783108353614807,65,295
133,4433,20,0.07564956694841385,0.5229945778846741,0.04894242435693741,0.09942995756864548,72,282
133,4433,21,0.06757128983736038,0.5356476306915283,-0.1106366291642189,0.7170848846435547,64,289
133,4433,22,0.07920186966657639,0.5145828127861023,0.05631329491734505,0.10140872001647949,76,277
133,4433,23,0.07940194010734558,0.4995540976524353,-0.05770118907094002,0.9999399781227112,76,269
133,4433,24,0.09134678542613983,0.5010051131248474,0.0576295480132103,0.9998800754547119,87,270
133,4433,25,0.11969463527202606,0.6345939636230469,-0.042954858392477036,0.9144074320793152,114,342
133,4433,26,0.04174957051873207,0.621841549873352,0.07208703458309174,0.5580955147743225,40,335
133,4433,27,0.18619199097156525,0.6979693174362183,0.009238338097929955,0.9087984561920166,178,376
133,4433,28,0.04732266813516617,0.7675696611404419,0.10107508301734924,0.7271430492401123,45,414
133,4433,29,0.20304670929908752,0.7030411958694458,0.008655774407088757,0.8204090595245361,194,379
133,4433,30,0.049078188836574554,0.7880672216415405,0.10197547823190689,0.7421954274177551,47,425
133,4433,31,0.18428434431552887,0.753334105014801,-0.04236001521348953,0.8737606406211853,176,406
133,4433,32,0.021372681483626366,0.7989400029182434,0.07231850177049637,0.7441308498382568,20,431
134,4466,0,0.03942035511136055,0.25197410583496094,0.001767158741131425,0.9966839551925659,37,136
134,4466,1,0.03745245188474655,0.24138830602169037,-0.018293827772140503,0.9952290058135986,35,130
134,4466,2,0.03601987287402153,0.2413896918296814,-0.01841861568391323,0.995278537273407,34,130
134,4466,3,0.034374263137578964,0.24186672270298004,-0.018390316516160965,0.9963704347610474,32,130
134,4466,4,0.042289163917303085,0.23950384557247162,-0.0008512404165230691,0.9946479797363281,40,129
134,4466,5,0.04445565864443779,0.2387228161096573,-0.001030194340273738,0.9953147768974304,42,128
134,4466,6,0.046618569642305374,0.23752720654010773,-0.0011012431932613254,0.9963220357894897,44,128
134,4466,7,0.03489968925714493,0.24794211983680725,-0.08039144426584244,0.9986291527748108,33,133
134,4466,8,0.052736543118953705,0.2399333268404007,-0.002199688693508506,0.9950323104858398,50,129
134,4466,9,0.04006543010473251,0.26199713349342346,-0.015215547755360603,0.9967265725135803,38,141
134,4466,10,0.04419834166765213,0.2610487639904022,0.006096926052123308,0.994752824306488,42,140
134,4466,11,0.04312624782323837,0.3098120391368866,-0.13679249584674835,0.9999706745147705,41,167
134,4466,12,0.07829466462135315,0.30274492502212524,0.055754709988832474,0.9989334344863892,75,163
134,4466,13,0.056061480194330215,0.41961026191711426,-0.1651373952627182,0.9552546739578247,53,226
134,4466,14,0.06384805589914322,0.41260766983032227,0.08209460228681564,0.023176714777946472,61,222
134,4466,15,0.049693502485752106,0.5164534449577332,-0.14888951182365417,0.8251497149467468,47,278
134,4466,16,0.03186440467834473,0.4395924210548401,0.06817381083965302,0.06391499936580658,30,237
134,4466,17,0.049248628318309784,0.5451631546020508,-0.15807880461215973,0.7984327673912048,47,294
134,4466,18,0.021153854206204414,0.4493650197982788,0.07139570266008377,0.09199530631303787,20,242
134,4466,19,0.045567698776721954,0.5483365654945374,-0.15695501863956451,0.7900696396827698,43,296
134,4466,20,0.015110026113688946,0.44543036818504333,0.05669952183961868,0.09333247691392899,14,240
134,4466,21,0.04488605633378029,0.5363473296165466,-0.1460629552602768,0.7296600937843323,43,289
134,4466,22,0.021444659680128098,0.44505923986434937,0.060296908020973206,0.0955861434340477,20,240
134,4466,23,0.05421564355492592,0.5071226358413696,-0.05608588457107544,0.999944269657135,52,273
134,4466,24,0.08519645780324936,0.503629207611084,0.056024327874183655,0.99988853931427,81,271
134,4466,25,0.027936166152358055,0.6329911351203918,0.03141147643327713,0.921104907989502,26,341
134,4466,26,0.08842764794826508,0.6209347248077393,0.037390246987342834,0.5994682312011719,84,335
134,4466,27,0.04654805734753609,0.7435052990913391,0.056059665977954865,0.917721688747406,44,401
134,4466,28,0.0728474110364914,0.6995104551315308,0.0008525473531335592,0.753562867641449,69,377
134,4466,29,0.057228002697229385,0.7659888863563538,0.05627169832587242,0.8377208709716797,54,413
134,4466,30,0.09064532071352005,0.6969466209411621,-0.002304492052644491,0.7672175168991089,87,376
134,4466,31,0.017031757161021233,0.7795730829238892,0.018030283972620964,0.8857887983322144,16,420
134,4466,32,0.14639951288700104,0.7588803768157959,-0.02856859192252159,0.7683630585670471,140,409
135,4500,0,0.03809818997979164,0.25182533264160156,0.0003748175804503262,0.9968920350074768,36,135
135,4500,1,0.034452274441719055,0.2411736696958542,-0.019592149183154106,0.9956100583076477,33,130
135,4500,2,0.03280290588736534,0.24121995270252228,-0.019713908433914185,0.9956802725791931,31,130
135,4500,3,0.031155548989772797,0.24169254302978516,-0.019663995131850243,0.9966596961021423,29,130
135,4500,4,0.03987782821059227,0.23932351171970367,-0.002005599206313491,0.9950841069221497,38,129
135,4500,5,0.042448971420526505,0.23867107927799225,-0.0021982800681144,0.9957171678543091,40,128
135,4500,6,0.044643864035606384,0.23732195794582367,-0.0022705134470015764,0.9966134428977966,42,128
135,4500,7,0.033068664371967316,0.24773722887039185,-0.0807744562625885,0.9987496137619019,31,133
135,4500,8,0.05023334547877312,0.239139586687088,-0.0020253832917660475,0.9954621195793152,48,129
135,4500,9,0.03848143294453621,0.26184552907943726,-0.016365956515073776,0.9969866871833801,36,141
135,4500,10,0.042396701872348785,0.2608805000782013,0.005045122001320124,0.9951625466346741,40,140
135,4500,11,0.043280746787786484,0.3097263276576996,-0.13630050420761108,0.999971866607666,41,167
135,4500,12,0.07786116003990173,0.30224424600601196,0.05588248744606972,0.9989705681800842,74,163
135,4500,13,0.05726638808846474,0.41972413659095764,-0.17030026018619537,0.9592018127441406,54,226
135,4500,14,0.061584580689668655,0.4093257188796997,0.07627834379673004,0.027058470994234085,59,221
135,4500,15,0.048411350697278976,0.5163031220436096,-0.16038446128368378,0.8404258489608765,46,278
135,4500,16,0.031243853271007538,0.4401307702064514,0.06455636769533157,0.06346120685338974,29,237
135,4500,17,0.0482209175825119,0.545319676399231,-0.16957035660743713,0.8158904910087585,46,294
135,4500,18,0.022788606584072113,0.4523564577102661,0.06516539305448532,0.09153430163860321,21,244
135,4500,19,0.04449351504445076,0.5469021797180176,-0.16806162893772125,0.8082454800605774,42,295
135,4500,20,0.015147306956350803,0.44667449593544006,0.050425104796886444,0.09288059920072556,14,241
135,4500,21,0.0438724048435688,0.5359421372413635,-0.15742924809455872,0.7521841526031494,42,289
135,4500,22,0.022814521566033363,0.44479089975357056,0.0559171698987484,0.09532220661640167,21,240
135,4500,23,0.052009109407663345,0.510480523109436,-0.05565716698765755,0.9999485611915588,49,275
135,4500,24,0.08554620295763016,0.5055716633796692,0.05560518428683281,0.9998969435691833,82,273
135,4500,25,0.02673768810927868,0.6318253874778748,0.038475070148706436,0.9284943342208862,25,341
135,4500,26,0.09689474105834961,0.6203253269195557,0.02771763689815998,0.6387759447097778,93,334
135,4500,27,0.03825942054390907,0.7559694647789001,0.04399235546588898,0.9258869290351868,36,408
135,4500,28,0.10258796066045761,0.6919463276863098,-0.039007313549518585,0.7780076265335083,98,373
135,4500,29,0.04917015880346298,0.7781830430030823,0.044126950204372406,0.8537548184394836,47,420
135,4500,30,0.09568361192941666,0.6858847141265869,-0.04536547511816025,0.7903008460998535,91,370
135,4500,31,0.005282905884087086,0.788635790348053,0.006777750328183174,0.89704430103302,5,425
135,4500,32,0.1616433560848236,0.7520507574081421,-0.07551438361406326,0.7912319898605347,155,406
136,4533,0,0.01836995966732502,0.24814893305301666,0.004193918779492378,0.9939965009689331,17,134
136,4533,1,0.015984954312443733,0.23778022825717926,-0.01587594859302044,0.9934175610542297,15,128
136,4533,2,0.014838295057415962,0.2381218820810318,-0.01600462757050991,0.993912398815155,14,128
136,4533,3,0.013601665385067463,0.23863361775875092,-0.015981877222657204,0.9950169324874878,13,128
136,4533,4,0.021100787445902824,0.23521248996257782,0.0011483047856017947,0.9924830794334412,20,127
136,4533,5,0.023250538855791092,0.23427581787109375,0.0009457993437536061,0.9938000440597534,22,126
136,4533,6,0.025219522416591644,0.2330416440963745,0.0008431911119259894,0.9945679903030396,24,125
136,4533,7,0.014662289060652256,0.24383500218391418,-0.07790500670671463,0.9984356164932251,14,131
136,4533,8,0.031764786690473557,0.2352330982685089,-0.00236785551533103,0.9940686821937561,30,127
136,4533,9,0.019522733986377716,0.25851643085479736,-0.012621726840734482,0.9955029487609863,18,139
136,4533,10,0.023656439036130905,0.25682124495506287,0.00805963296443224,0.9924189448356628,22,138
136,4533,11,0.02355506457388401,0.30533134937286377,-0.13360603153705597,0.999958336353302,22,164
136,4533,12,0.0635862797498703,0.29387167096138,0.048435378819704056,0.9985807538032532,61,158
136,4533,13,0.035206250846385956,0.4167461693286896,-0.16431164741516113,0.9597007632255554,33,225
136,4533,14,0.06723140180110931,0.4053489863872528,0.06316713988780975,0.02859269455075264,64,218
136,4533,15,0.023646581918001175,0.5110935568809509,-0.14124153554439545,0.8153453469276428,22,275
136,4533,16,0.050384607166051865,0.47409915924072266,0.06136816740036011,0.057659100741147995,48,256
136,4533,17,0.021740499883890152,0.5412725210189819,-0.14361681044101715,0.7891107797622681,20,292
136,4533,18,0.04537201672792435,0.49323680996894836,0.06244687736034393,0.08323036879301071,43,266
136,4533,19,0.018272874876856804,0.5419226884841919,-0.14007869362831116,0.781180739402771,17,292
136,4533,20,0.04088766872882843,0.4894607961177826,0.04869476705789566,0.0843934565782547,39,264
136,4533,21,0.01972631923854351,0.5305181741714478,-0.13650013506412506,0.7213553190231323,18,286
136,4533,22,0.04352269694209099,0.48310133814811707,0.05437694862484932,0.08667106926441193,41,260
136,4533,23,0.0375453419983387,0.5092536211013794,-0.05686695873737335,0.999945878982544,36,274
136,4533,24,0.0730828270316124,0.5029483437538147,0.05679912865161896,0.9998910427093506,70,271
136,4533,25,0.0030822691041976213,0.631618082523346,0.023520005866885185,0.933946430683136,2,341
136,4533,26,0.07441484928131104,0.6140528321266174,0.10103355348110199,0.6543124318122864,71,331
136,4533,27,0.03280053660273552,0.7567795515060425,0.020624330267310143,0.9330722689628601,31,408
136,4533,28,0.1258627474308014,0.6899062395095825,0.030757129192352295,0.7950678467750549,120,372
136,4533,29,0.04705176129937172,0.7804387807846069,0.019023127853870392,0.8678661584854126,45,421
136,4533,30,0.13482579588890076,0.6881110072135925,0.01805241033434868,0.8079838156700134,129,371
136,4533,31,-0.002294776029884815,0.7935114502906799,-0.011501805856823921,0.9064629673957825,-2,428
136,4533,32,0.13839058578014374,0.7454491853713989,0.006383984349668026,0.8030238151550293,132,402
137,4566,0,0.016921989619731903,0.24532778561115265,-0.02397552691400051,0.9884262681007385,16,132
137,4566,1,0.015383148565888405,0.23362520337104797,-0.041188549250364304,0.9894030690193176,14,126
137,4566,2,0.013903480023145676,0.23414428532123566,-0.04131786897778511,0.9907543063163757,13,126
137,4566,3,0.012419444508850574,0.23481641709804535,-0.0412723608314991,0.9916892647743225,11,126
137,4566,4,0.020640304312109947,0.23074772953987122,-0.02651289291679859,0.9886825084686279,19,124
137,4566,5,0.02319684438407421,0.2293769270181656,-0.026739543303847313,0.9913594126701355,22,123
137,4566,6,0.02497512474656105,0.2281533181667328,-0.026884883642196655,0.991940438747406,23,123
137,4566,7,0.01468860823661089,0.23981264233589172,-0.08824224025011063,0.9976789951324463,14,129
137,4566,8,0.030818430706858635,0.23148974776268005,-0.022362183779478073,0.9926856756210327,29,125
137,4566,9,0.018380993977189064,0.25577908754348755,-0.03487763553857803,0.9923403859138489,17,138
137,4566,10,0.022731276229023933,0.253903329372406,-0.01736360602080822,0.9879268407821655,21,137
137,4566,11,0.024116823449730873,0.3037354052066803,-0.1309599131345749,0.9998818635940552,23,164
137,4566,12,0.062468934804201126,0.29242387413978577,0.030758211389183998,0.9969851970672607,59,157
137,4566,13,0.033904120326042175,0.4166925251483917,-0.16380439698696136,0.9601797461509705,32,225
137,4566,14,0.06964744627475739,0.40281033515930176,0.053957268595695496,0.03054490126669407,66,217
137,4566,15,0.021509449928998947,0.5112003684043884,-0.1416894495487213,0.8126296401023865,20,276
137,4566,16,0.05598355457186699,0.4876894950866699,0.060164354741573334,0.05252799391746521,53,263
137,4566,17,0.01949196495115757,0.541083037853241,-0.14603857696056366,0.7885599136352539,18,292
137,4566,18,0.0517466738820076,0.508781373500824,0.062367357313632965,0.07583676278591156,49,274
137,4566,19,0.016387926414608955,0.5399225354194641,-0.14332391321659088,0.7813841700553894,15,291
137,4566,20,0.04786127805709839,0.5094252228736877,0.04952574148774147,0.07687248289585114,45,275
137,4566,21,0.016368718817830086,0.5304473042488098,-0.1379217505455017,0.7192953824996948,15,286
137,4566,22,0.0494731105864048,0.5019794702529907,0.05359507352113724,0.07901433855295181,47,271
137,4566,23,0.03953991085290909,0.5086817145347595,-0.05509280413389206,0.9999238848686218,37,274
137,4566,24,0.07225005328655243,0.5014010071754456,0.05503786355257034,0.9998393654823303,69,270
137,4566,25,0.010965963825583458,0.624671995639801,0.02164578065276146,0.939297080039978,10,337
137,4566,26,0.06249462440609932,0.6140573620796204,0.0906561091542244,0.6755048036575317,59,331
137,4566,27,0.031403686851263046,0.7567269802093506,0.04785752296447754,0.9396045207977295,30,408
137,4566,28,0.12950627505779266,0.6896193027496338,0.09792355448007584,0.8117350935935974,124,372
137,4566,29,0.043951813131570816,0.7789672017097473,0.04937948286533356,0.8806285858154297,42,420
137,4566,30,0.1436803787946701,0.6881399154663086,0.09846828132867813,0.8241441249847412,137,371
137,4566,31,-0.002732219872996211,0.791567325592041,0.01347025390714407,0.9152553677558899,-2,427
137,4566,32,0.13184863328933716,0.7434500455856323,0.08024345338344574,0.8162999153137207,126,401
138,4600,0,-0.0033042537979781628,0.22954528033733368,-0.02266797237098217,0.9672197699546814,-3,123
138,4600,1,-0.0009557826560921967,0.21668992936611176,-0.043376628309488297,0.9687971472740173,0,117
138,4600,2,-0.0013385675847530365,0.21748857200145721,-0.0435100719332695,0.9729361534118652,-1,117
138,4600,3,-0.0015797477681189775,0.21826308965682983,-0.04347338154911995,0.9741823077201843,-1,117
138,4600,4,0.002743855584412813,0.21424922347068787,-0.026297010481357574,0.973623514175415,2,115
138,4600,5,0.006726012099534273,0.2133534699678421,-0.026531284675002098,0.9812272787094116,6,115
138,4600,6,0.008597474545240402,0.21265536546707153,-0.02667227014899254,0.9834811687469482,8,114
138,4600,7,0.0004826672957278788,0.22627533972263336,-0.10284904390573502,0.9927691221237183,0,122
138,4600,8,0.014822373166680336,0.21789833903312683,-0.02596474625170231,0.9880903959274292,14,117
138,4600,9,-0.0019107213011011481,0.24243520200252533,-0.03764468431472778,0.9816825985908508,-1,130
138,4600,10,0.0030773738399147987,0.240305557847023,-0.017020169645547867,0.9785171151161194,2,129
138,4600,11,0.002039889572188258,0.30189648270606995,-0.1507425308227539,0.9988709092140198,1,163
138,4600,12,0.04321316257119179,0.28288426995277405,0.03481239080429077,0.9954413771629333,41,152
138,4600,13,-0.0006696497439406812,0.4166126847267151,-0.15776635706424713,0.9409675598144531,0,224
138,4600,14,0.05594511702656746,0.3853055238723755,0.09364094585180283,0.03763337805867195,53,208
138,4600,15,-0.020487137138843536,0.4421808421611786,-0.07691358774900436,0.7369154691696167,-19,238
138,4600,16,0.04705376550555229,0.4377094507217407,0.13424786925315857,0.048480670899152756,45,236
138,4600,17,-0.026905318722128868,0.4488585591316223,-0.07760925590991974,0.717001736164093,-25,242
138,4600,18,0.04510552063584328,0.45331400632858276,0.14289763569831848,0.0702495202422142,43,244
138,4600,19,-0.02525334618985653,0.4323558807373047,-0.0747762992978096,0.710766613483429,-24,233
138,4600,20,0.04158397391438484,0.45071589946746826,0.13086356222629547,0.07126637548208237,39,243
138,4600,21,-0.020289357751607895,0.4299016296863556,-0.07215629518032074,0.6535029411315918,-19,232
138,4600,22,0.04118696600198746,0.444595068693161,0.12936699390411377,0.07339195907115936,39,240
138,4600,23,0.0287326667457819,0.5049688816070557,-0.06285031884908676,0.9994450807571411,27,272
138,4600,24,0.05285464599728584,0.4882265329360962,0.06278238445520401,0.9993540644645691,50,263
138,4600,25,0.011962633579969406,0.624200165271759,0.01292839553207159,0.943636417388916,11,337
138,4600,26,0.04438384994864464,0.600459635257721,0.13554427027702332,0.6875325441360474,42,324
138,4600,27,0.032723162323236465,0.7569651007652283,0.07095876336097717,0.9452799558639526,31,408
138,4600,28,0.10001366585493088,0.6957226395606995,0.18729962408542633,0.8267537355422974,96,375
138,4600,29,0.04554442688822746,0.7806153893470764,0.07659827917814255,0.8911578059196472,43,421
138,4600,30,0.11355193704366684,0.7011582255363464,0.19195492565631866,0.8379309773445129,109,378
138,4600,31,0.0003804987936746329,0.7919476628303528,0.04093831777572632,0.9216538667678833,0,427
138,4600,32,0.08005034923553467,0.7395938038825989,0.17329789698123932,0.824903666973114,76,399
139,4633,0,-0.001255864161066711,0.225033700466156,-0.03856242448091507,0.9424904584884644,-1,121
139,4633,1,0.000510306388605386,0.21284368634223938,-0.06178262457251549,0.9428364038467407,0,114
139,4633,2,-0.00031085460796020925,0.21348528563976288,-0.061923861503601074,0.949065625667572,0,115
139,4633,3,-0.001043979311361909,0.21441912651062012,-0.061900559812784195,0.9504892826080322,-1,115
139,4633,4,0.005002541467547417,0.210739403963089,-0.044684331864118576,0.9532516002655029,4,113
139,4633,5,0.007617807015776634,0.21011294424533844,-0.04491385072469711,0.9669053554534912,7,113
139,4633,6,0.009920301847159863,0.20944519340991974,-0.045059021562337875,0.9718165993690491,9,113
139,4633,7,0.003476560115814209,0.22198081016540527,-0.12643904983997345,0.9838873744010925,3,119
139,4633,8,0.015501972287893295,0.2156471163034439,-0.04895385354757309,0.9799435138702393,14,116
139,4633,9,-0.003094262909144163,0.23748844861984253,-0.054686289280653,0.9619894027709961,-2,128
139,4633,10,0.0034220616798847914,0.23578648269176483,-0.033816684037446976,0.9604600667953491,3,127
139,4633,11,0.00040560209890827537,0.29609671235084534,-0.1739940345287323,0.9975791573524475,0,159
139,4633,12,0.0445476733148098,0.2815278172492981,0.014937006868422031,0.993706226348877,42,152
139,4633,13,-0.0021106938365846872,0.42696794867515564,-0.19358721375465393,0.8996568918228149,-2,230
139,4633,14,0.05757796764373779,0.384443461894989,0.08321546763181686,0.04173633083701134,55,207
139,4633,15,-0.010383752174675465,0.46623894572257996,-0.1505919098854065,0.6648475527763367,-9,251
139,4633,16,0.05054698511958122,0.43941327929496765,0.11068184673786163,0.04412056878209114,48,237
139,4633,17,-0.012617832981050014,0.48133736848831177,-0.15835167467594147,0.6475334167480469,-12,259
139,4633,18,0.048326022922992706,0.45436856150627136,0.11798751354217529,0.0639759972691536,46,245
139,4633,19,-0.011322620324790478,0.4697054326534271,-0.15629516541957855,0.6420111060142517,-10,253
139,4633,20,0.04408537223935127,0.45138153433799744,0.10433293879032135,0.0649242177605629,42,243
139,4633,21,-0.008288787677884102,0.4645898640155792,-0.147581547498703,0.5900141000747681,-7,250
139,4633,22,0.043724071234464645,0.44547948241233826,0.10509583353996277,0.06689979881048203,41,240
139,4633,23,0.021175572648644447,0.5059612393379211,-0.06763827055692673,0.9984750747680664,20,273
139,4633,24,0.048847783356904984,0.48909860849380493,0.0675349086523056,0.9984108805656433,46,264
139,4633,25,0.003357763634994626,0.6386019587516785,0.012039468623697758,0.9390751719474792,3,344
139,4633,26,0.04364330321550369,0.6001461148262024,0.17801618576049805,0.6487700939178467,41,324
139,4633,27,0.031842298805713654,0.7576505541801453,0.07572868466377258,0.9483122825622559,30,409
139,4633,28,0.09629637748003006,0.6997571587562561,0.23435047268867493,0.8225595355033875,92,377
139,4633,29,0.04648197069764137,0.7830445766448975,0.08128063380718231,0.8973641991615295,44,422
139,4633,30,0.10647522658109665,0.7047820091247559,0.23914602398872375,0.840721070766449,102,380
139,4633,31,-0.000766150769777596,0.7947425842285156,0.050752006471157074,0.9181927442550659,0,429
139,4633,32,0.07358755171298981,0.7417455315589905,0.22562868893146515,0.8018670678138733,70,400
140,4666,0,-0.0063285683281719685,0.21543264389038086,0.0005404141847975552,0.9322218298912048,-6,116
140,4666,1,-0.005968849640339613,0.20463714003562927,-0.02041872777044773,0.932994544506073,-5,110
140,4666,2,-0.007258166093379259,0.2050723284482956,-0.020574374124407768,0.939141571521759,-6,110
140,4666,3,-0.008458164520561695,0.20592643320560455,-0.020538683980703354,0.9408472180366516,-8,111
140,4666,4,-0.0008169093052856624,0.20334391295909882,-0.011714410036802292,0.946097731590271,0,109
140,4666,5,0.0016653247876092792,0.20319126546382904,-0.011957088485360146,0.9620183110237122,1,109
140,4666,6,0.004055595025420189,0.20289477705955505,-0.012077280320227146,0.967802107334137,3,109
140,4666,7,-0.006595036946237087,0.2150120586156845,-0.0833028256893158,0.9811575412750244,-6,116
140,4666,8,0.009340372867882252,0.20854561030864716,-0.02845815196633339,0.9772295951843262,8,112
140,4666,9,-0.008157601580023766,0.22802142798900604,-0.01530194841325283,0.9543042778968811,-7,123
140,4666,10,-0.0026056161150336266,0.22698979079723358,-0.0056466939859092236,0.9543159008026123,-2,122
140,4666,11,-0.022587109357118607,0.29580703377723694,-0.12830188870429993,0.9971691370010376,-21,159
140,4666,12,0.03521258383989334,0.2800871729850769,0.01716672070324421,0.9924846291542053,33,151
140,4666,13,-0.025235259905457497,0.42251360416412354,-0.1323559731245041,0.8507114052772522,-24,228
140,4666,14,0.053146421909332275,0.3727252185344696,0.050280679017305374,0.043421708047389984,51,201
140,4666,15,-0.027460666373372078,0.4540054202079773,-0.08348317444324493,0.600920557975769,-26,245
140,4666,16,0.04010620340704918,0.42048391699790955,0.07261070609092712,0.04040791094303131,38,227
140,4666,17,-0.02879997529089451,0.4646889269351959,-0.08652421832084656,0.5869025588035583,-27,250
140,4666,18,0.03828228637576103,0.43489688634872437,0.07615423947572708,0.0587538406252861,36,234
140,4666,19,-0.025633083656430244,0.45308369398117065,-0.08713451027870178,0.5821400284767151,-24,244
140,4666,20,0.03397199138998985,0.43540719151496887,0.06617729365825653,0.05968036130070686,32,235
140,4666,21,-0.022693227976560593,0.44947075843811035,-0.08155778050422668,0.5346319079399109,-21,242
140,4666,22,0.03370964154601097,0.4302380084991455,0.06852193921804428,0.061498966068029404,32,232
140,4666,23,0.0038150474429130554,0.5009167790412903,-0.055567312985658646,0.997725248336792,3,270
140,4666,24,0.03384951129555702,0.479118287563324,0.055418893694877625,0.9974960684776306,32,258
140,4666,25,0.01091754250228405,0.6366955637931824,0.042961254715919495,0.9271261692047119,10,343
140,4666,26,0.029270777478814125,0.5917068123817444,0.15735353529453278,0.6008971929550171,28,319
140,4666,27,0.03174233436584473,0.7575352191925049,0.11671438068151474,0.9485046863555908,30,409
140,4666,28,0.04847421869635582,0.6975339651107788,0.22651951014995575,0.7964233160018921,46,376
140,4666,29,0.04319416359066963,0.7819823622703552,0.1227879449725151,0.8981812596321106,41,422
140,4666,30,0.05889615789055824,0.7090540528297424,0.2326103299856186,0.8203089237213135,56,382
140,4666,31,0.0029519572854042053,0.7927610874176025,0.0922442153096199,0.9077396988868713,2,428
140,4666,32,0.042392611503601074,0.7316148281097412,0.21595808863639832,0.7604752779006958,40,395
141,4700,0,-0.012629780918359756,0.21823453903198242,-0.05138077586889267,0.8919299840927124,-12,117
141,4700,1,-0.010631182231009007,0.2069474458694458,-0.07147781550884247,0.8880555629730225,-10,111
141,4700,2,-0.011232455261051655,0.2071782797574997,-0.07163502275943756,0.8972561359405518,-10,111
141,4700,3,-0.011762519367039204,0.20781771838665009,-0.07161400467157364,0.9001142978668213,-11,112
141,4700,4,-0.0069310772232711315,0.20608553290367126,-0.05458611994981766,0.9070493578910828,-6,111
141,4700,5,-0.004845378454774618,0.20600232481956482,-0.05482817441225052,0.9322221875190735,-4,111
141,4700,6,-0.002837961772456765,0.20575812458992004,-0.05498505011200905,0.9423189759254456,-2,111
141,4700,7,-0.006730505730956793,0.2153528779745102,-0.12435725331306458,0.965721070766449,-6,116
141,4700,8,0.006038808263838291,0.21093867719173431,-0.04657478630542755,0.9581353664398193,5,113
141,4700,9,-0.014387590810656548,0.23050440847873688,-0.06374271959066391,0.9284688234329224,-13,124
141,4700,10,-0.010050836019217968,0.23055121302604675,-0.04309035837650299,0.9291335344314575,-9,124
141,4700,11,-0.012920293025672436,0.296283096075058,-0.16103196144104004,0.99623703956604,-12,159
141,4700,12,0.02971435897052288,0.2789848744869232,0.019299061968922615,0.990928590297699,28,150
141,4700,13,-0.005758336745202541,0.4238262474536896,-0.17104469239711761,0.8381743431091309,-5,228
141,4700,14,0.04509645327925682,0.3771624267101288,0.07723985612392426,0.047409385442733765,43,203
141,4700,15,-0.01554723922163248,0.455415815114975,-0.12725819647312164,0.5520055294036865,-14,245
141,4700,16,0.02805386297404766,0.4262275695800781,0.09956366568803787,0.04000070318579674,26,230
141,4700,17,-0.018804306164383888,0.46457186341285706,-0.13523048162460327,0.5424126982688904,-18,250
141,4700,18,0.023939330130815506,0.43844282627105713,0.10321497917175293,0.05862926319241524,22,236
141,4700,19,-0.018153037875890732,0.44870612025260925,-0.13449668884277344,0.538486897945404,-17,242
141,4700,20,0.019694805145263672,0.43625563383102417,0.08746806532144547,0.05984082818031311,18,235
141,4700,21,-0.014947156421840191,0.44537702202796936,-0.12469707429409027,0.4924878180027008,-14,240
141,4700,22,0.020726831629872322,0.43146419525146484,0.0925850197672844,0.061852529644966125,19,232
141,4700,23,0.005753326695412397,0.4989958107471466,-0.060929086059331894,0.9968016743659973,5,269
141,4700,24,0.02528947964310646,0.4813288450241089,0.06084379926323891,0.9965779781341553,24,259
141,4700,25,0.009352053515613079,0.6335225701332092,0.03116602636873722,0.9248611927032471,8,342
141,4700,26,0.021460315212607384,0.5934152603149414,0.1405860036611557,0.585217297077179,20,320
141,4700,27,0.03315878286957741,0.757047712802887,0.10335253924131393,0.9517713189125061,31,408
141,4700,28,0.04429902881383896,0.6995804309844971,0.2191687375307083,0.7997869849205017,42,377
141,4700,29,0.04467920586466789,0.7811082005500793,0.109160877764225,0.9024865627288818,42,421
141,4700,30,0.05527878925204277,0.7301568388938904,0.22617004811763763,0.824454128742218,53,394
141,4700,31,0.0058753108605742455,0.7915664315223694,0.06922846287488937,0.9093695878982544,5,427
141,4700,32,0.027018193155527115,0.735534131526947,0.20355041325092316,0.7564491033554077,25,397
142,4733,0,-0.005704915151000023,0.25987887382507324,-0.10935795307159424,0.8088051676750183,-5,140
142,4733,1,-0.004000876564532518,0.24932974576950073,-0.11800143867731094,0.8037685751914978,-3,134
142,4733,2,-0.003931921906769276,0.2486822009086609,-0.11826260387897491,0.8148725628852844,-3,134
142,4733,3,-0.003777126083150506,0.24857746064662933,-0.11832480877637863,0.8209835886955261,-3,134
142,4733,4,-0.004145507235080004,0.2492421716451645,-0.10897136479616165,0.8194556832313538,-3,134
142,4733,5,-0.004037745762616396,0.24879373610019684,-0.10916832834482193,0.8431038856506348,-3,134
142,4733,6,-0.004066429566591978,0.2481224089860916,-0.1093217134475708,0.8519294261932373,-3,133
142,4733,7,-0.002955637639388442,0.24323253333568573,-0.12312892824411392,0.9071531295776367,-2,131
142,4733,8,-0.004727854393422604,0.2417280375957489,-0.07880758494138718,0.8655352592468262,-4,130
142,4733,9,-0.007380595896393061,0.2632748484611511,-0.10416503250598907,0.8546690940856934,-7,142
142,4733,10,-0.007170843426138163,0.26289668679237366,-0.09351148456335068,0.8456514477729797,-6,141
142,4733,11,0.004586680792272091,0.2846744656562805,-0.15347133576869965,0.9964895248413086,4,153
142,4733,12,-0.017916830256581306,0.2869575619697571,0.0070817130617797375,0.975501298904419,-17,154
142,4733,13,-0.00028622939134947956,0.3785093128681183,-0.16995391249656677,0.8516187071800232,0,204
142,4733,14,0.00411514425650239,0.3866580128669739,0.041729316115379333,0.04507821798324585,3,208
142,4733,15,0.009337319061160088,0.4506222605705261,-0.1850689947605133,0.5873534083366394,8,243
142,4733,16,0.00996357575058937,0.4546636939048767,0.021403489634394646,0.038415104150772095,9,245
142,4733,17,0.015113220550119877,0.4722526967525482,-0.2030945122241974,0.5740423202514648,14,255
142,4733,18,0.011747554875910282,0.4721325933933258,0.018939722329378128,0.056628160178661346,11,254
142,4733,19,-0.0006062803440727293,0.46567225456237793,-0.20565608143806458,0.571294367313385,0,251
142,4733,20,0.00746763963252306,0.4745728671550751,-0.001502205734141171,0.058348968625068665,7,256
142,4733,21,-0.012339623644948006,0.46024274826049805,-0.18511325120925903,0.523103654384613,-11,248
142,4733,22,0.007755800615996122,0.4658772647380829,0.01162792183458805,0.06057160347700119,7,251
142,4733,23,0.012310544960200787,0.4766279458999634,-0.056399013847112656,0.9965739250183105,11,257
142,4733,24,-0.000730539730284363,0.4776642918586731,0.05629447475075722,0.9946528077125549,0,257
142,4733,25,0.014346928335726261,0.6258376240730286,-0.05949123948812485,0.9262971878051758,13,337
142,4733,26,0.005429626442492008,0.5974617600440979,0.04278334602713585,0.5765824317932129,5,322
142,4733,27,0.033266328275203705,0.7543702721595764,-0.0181680116802454,0.9546460509300232,31,407
142,4733,28,0.022153591737151146,0.7315552234649658,0.09910944849252701,0.8048083782196045,21,395
142,4733,29,0.04047460854053497,0.7769442200660706,-0.018839171156287193,0.8952900767326355,38,419
142,4733,30,0.03142009302973747,0.7497208714485168,0.10174383223056793,0.8156182169914246,30,404
142,4733,31,0.011029336601495743,0.7911466360092163,-0.10283560305833817,0.912923276424408,10,427
142,4733,32,0.006521015428006649,0.769289493560791,0.03950655087828636,0.7594926357269287,6,415
143,4766,0,-0.016339953988790512,0.2728389799594879,-0.0870191752910614,0.7654308676719666,-15,147
143,4766,1,-0.014363775961101055,0.25915348529815674,-0.10752919316291809,0.7590411305427551,-13,139
143,4766,2,-0.014142231084406376,0.2581997513771057,-0.1079103946685791,0.7761842608451843,-13,139
143,4766,3,-0.0138097470626235,0.25774362683296204,-0.10828898847103119,0.7875036597251892,-13,139
143,4766,4,-0.013789421878755093,0.25955650210380554,-0.08328357338905334,0.771021842956543,-13,140
143,4766,5,-0.01298926118761301,0.2592289447784424,-0.08361531049013138,0.8010698556900024,-12,139
143,4766,6,-0.012299190275371075,0.25870874524116516,-0.08387046307325363,0.8106630444526672,-11,139
143,4766,7,-0.009706215932965279,0.2519393563270569,-0.08596649765968323,0.8972753286361694,-9,136
143,4766,8,-0.007469723932445049,0.2521889805793762,-0.01234664861112833,0.8205205798149109,-7,136
143,4766,9,-0.015368648804724216,0.276049941778183,-0.07317851483821869,0.8252984285354614,-14,149
143,4766,10,-0.014167345128953457,0.2765021324157715,-0.050209105014801025,0.8022497892379761,-13,149
143,4766,11,0.0014431442832574248,0.28674617409706116,-0.11859848350286484,0.9967412948608398,1,154
143,4766,12,-0.004573116544634104,0.2932126224040985,0.06691582500934601,0.9754675030708313,-4,158
143,4766,13,0.012978876009583473,0.3840246796607971,-0.14492906630039215,0.8496614098548889,12,207
143,4766,14,0.018849385902285576,0.3870066702365875,0.09385675936937332,0.04130842536687851,18,208
143,4766,15,0.010807787999510765,0.457859605550766,-0.1565646380186081,0.5617889761924744,10,247
143,4766,16,0.019755234941840172,0.4545276463031769,0.03867217153310776,0.0360121950507164,18,245
143,4766,17,0.01860930770635605,0.47536733746528625,-0.17810556292533875,0.5482386946678162,17,256
143,4766,18,0.020714400336146355,0.47167739272117615,0.044007014483213425,0.0538051538169384,19,254
143,4766,19,0.00273693073540926,0.46960559487342834,-0.1795838475227356,0.5463111400604248,2,253
143,4766,20,0.015565111301839352,0.4722817540168762,0.028169604018330574,0.05571986362338066,14,255
143,4766,21,-0.003950836136937141,0.46668434143066406,-0.15593808889389038,0.49484047293663025,-3,252
143,4766,22,0.015510457567870617,0.46446385979652405,0.03400428593158722,0.057719286531209946,14,250
143,4766,23,0.01150977611541748,0.468597412109375,-0.056915033608675,0.9964603185653687,11,253
143,4766,24,0.007061317563056946,0.47285985946655273,0.056815728545188904,0.9943077564239502,6,255
143,4766,25,0.012639712542295456,0.620445191860199,-0.07987527549266815,0.9233301281929016,12,335
143,4766,26,0.010431259870529175,0.598686158657074,0.023040229454636574,0.5610655546188354,10,323
143,4766,27,0.028232118114829063,0.740397036075592,-0.05546462535858154,0.9538043737411499,27,399
143,4766,28,0.02091890200972557,0.7337913513183594,0.04088882356882095,0.7942116856575012,20,396
143,4766,29,0.03713010996580124,0.7639941573143005,-0.05669327825307846,0.8834221959114075,35,412
143,4766,30,0.030488496646285057,0.7570245265960693,0.04014339670538902,0.7957383394241333,29,408
143,4766,31,0.013076141476631165,0.7881267070770264,-0.1252359300851822,0.9098238348960876,12,425
143,4766,32,0.009981513023376465,0.7764961123466492,-0.01540452241897583,0.7480859756469727,9,419
144,4800,0,-0.008037770166993141,0.31892427802085876,0.012258111499249935,0.7240164875984192,-7,172
144,4800,1,-0.006510576698929071,0.31194421648979187,0.008164220489561558,0.7125487923622131,-6,168
144,4800,2,-0.007052595727145672,0.31196361780166626,0.008005809970200062,0.7301668524742126,-6,168
144,4800,3,-0.007626661565154791,0.3124890625476837,0.007958680391311646,0.7458922863006592,-7,168
144,4800,4,-0.0023008042480796576,0.31054621934890747,0.011420468799769878,0.7274312973022461,-2,167
144,4800,5,-0.0005894610076211393,0.3099275827407837,0.011239069513976574,0.7592909932136536,0,167
144,4800,6,0.0006140544428490102,0.3090640604496002,0.011132312007248402,0.7731840014457703,0,166
144,4800,7,-0.000963686325121671,0.31197139620780945,0.008905079215765,0.8679605722427368,0,168
144,4800,8,0.0026004312094300985,0.3064810633659363,0.024430837482213974,0.778336763381958,2,165
144,4800,9,-0.004994078539311886,0.32354027032852173,0.01785868965089321,0.7775231599807739,-4,174
144,4800,10,-0.0023381561040878296,0.3217109739780426,0.02042321301996708,0.7571004629135132,-2,173
144,4800,11,-0.0035396977327764034,0.33373937010765076,-0.02302759885787964,0.9968225955963135,-3,180
144,4800,12,0.00029659311985597014,0.3368559777736664,0.066834457218647,0.9745778441429138,0,181
144,4800,13,0.00918618869036436,0.38858500123023987,-0.04075726494193077,0.8303900361061096,8,209
144,4800,14,0.007702202070504427,0.38645321130752563,0.07624547183513641,0.04034477472305298,7,208
144,4800,15,0.011701853014528751,0.46146634221076965,-0.043974366039037704,0.5317108035087585,11,249
144,4800,16,0.01174481026828289,0.4558282792568207,0.04606045037508011,0.03659007325768471,11,246
144,4800,17,0.01548678521066904,0.47896984219551086,-0.050291288644075394,0.5204333662986755,14,258
144,4800,18,0.013990778475999832,0.4744276702404022,0.0444348119199276,0.05396638810634613,13,256
144,4800,19,0.008858367800712585,0.4727356433868408,-0.05437641218304634,0.5193477272987366,8,255
144,4800,20,0.012951054610311985,0.4824976623058319,0.03219733014702797,0.05621720850467682,12,260
144,4800,21,0.006793650798499584,0.46824169158935547,-0.044184908270835876,0.4679711163043976,6,252
144,4800,22,0.012521505355834961,0.47592976689338684,0.04019606113433838,0.05742807686328888,12,257
144,4800,23,-0.0006370458286255598,0.47347259521484375,-0.03727005422115326,0.9960062503814697,0,255
144,4800,24,-0.0004276253457646817,0.4760366976261139,0.03708690032362938,0.9932557940483093,0,257
144,4800,25,0.011582412756979465,0.620574951171875,-0.046615079045295715,0.9106428027153015,11,335
144,4800,26,0.007314460817724466,0.6124908924102783,0.0004283128655515611,0.5230344533920288,7,330
144,4800,27,0.03009219653904438,0.7404813766479492,-0.029440494254231453,0.9476791620254517,28,399
144,4800,28,0.02641814760863781,0.7381393909454346,0.014425713568925858,0.762272834777832,25,398
144,4800,29,0.03950364142656326,0.7649812698364258,-0.03218020498752594,0.8572065830230713,37,413
144,4800,30,0.036620836704969406,0.7591376304626465,0.013856643810868263,0.7529123425483704,35,409
144,4800,31,0.01414557732641697,0.7894018292427063,-0.08203019946813583,0.8934622406959534,13,426
144,4800,32,0.010516743175685406,0.7830373048782349,-0.02238752506673336,0.7106657028198242,10,422
145,4833,0,-0.005392010789364576,0.30885016918182373,0.007786549162119627,0.7247030138969421,-5,166
145,4833,1,-0.0041625164449214935,0.3003770411014557,0.00537014938890934,0.7128451466560364,-3,162
145,4833,2,-0.0030054396484047174,0.30028173327445984,0.005233067087829113,0.7328081130981445,-2,162
145,4833,3,-0.003414246952161193,0.30087700486183167,0.00521843833848834,0.7495980858802795,-3,162
145,4833,4,0.002020295476540923,0.29948869347572327,0.009169889613986015,0.7268800139427185,1,161
145,4833,5,0.0041623469442129135,0.29908955097198486,0.008993375115096569,0.7602375745773315,3,161
145,4833,6,0.0052205347456038,0.29847532510757446,0.008897284977138042,0.7726850509643555,5,161
145,4833,7,0.0018744918052107096,0.30143803358078003,0.012583170086145401,0.8736018538475037,1,162
145,4833,8,0.005047593731433153,0.29775145649909973,0.029307901859283447,0.7767987251281738,4,160
145,4833,9,-0.0042852056212723255,0.31486430764198303,0.01456071063876152,0.7709592580795288,-4,170
145,4833,10,0.0020631582010537386,0.31373152136802673,0.01799696497619152,0.749214231967926,1,169
145,4833,11,0.0008320951019413769,0.33833274245262146,-0.01834043487906456,0.9968171119689941,0,182
145,4833,12,0.0014593503437936306,0.33705827593803406,0.07527101784944534,0.9716182947158813,1,182
145,4833,13,0.013599558733403683,0.39912548661231995,-0.049159690737724304,0.8110069632530212,13,215
145,4833,14,0.011251713149249554,0.3968096077442169,0.07613156735897064,0.038245297968387604,10,214
145,4833,15,0.010661009699106216,0.47961729764938354,-0.07555220276117325,0.5011934041976929,10,258
145,4833,16,0.010356541723012924,0.4701451361179352,0.046055249869823456,0.03417479246854782,9,253
145,4833,17,0.01242393720895052,0.4980476200580597,-0.08654210716485977,0.49581584334373474,11,268
145,4833,18,0.01175682619214058,0.4891554117202759,0.04205062612891197,0.05101948603987694,11,264
145,4833,19,0.009465506300330162,0.49515843391418457,-0.08873515576124191,0.4973877966403961,9,267
145,4833,20,0.009591278620064259,0.49517834186553955,0.030316568911075592,0.0534735806286335,9,267
145,4833,21,0.009090079925954342,0.48919790983200073,-0.075706347823143,0.44561800360679626,8,264
145,4833,22,0.008720309473574162,0.48848968744277954,0.03983854502439499,0.05455635488033295,8,263
145,4833,23,-0.00042504057637415826,0.4834705591201782,-0.03726324066519737,0.9924912452697754,0,261
145,4833,24,-0.002999583026394248,0.4869818687438965,0.03713177144527435,0.9865953922271729,-2,262
145,4833,25,0.012438721023499966,0.6247557401657104,-0.03497359901666641,0.905147910118103,11,337
145,4833,26,0.01036032848060131,0.621826708316803,0.01279008761048317,0.5088008046150208,9,335
145,4833,27,0.031353387981653214,0.7421899437904358,-0.0071808332577347755,0.9454070329666138,30,400
145,4833,28,0.030352838337421417,0.7422231435775757,0.03145506605505943,0.755216658115387,29,400
145,4833,29,0.0410345196723938,0.7668442726135254,-0.00784655474126339,0.8347752690315247,39,414
145,4833,30,0.03965460881590843,0.764312207698822,0.03135214373469353,0.7274765968322754,38,412
145,4833,31,0.013497603125870228,0.7896743416786194,-0.06139682978391647,0.8864936232566833,12,426
145,4833,32,0.013136372901499271,0.7825788259506226,-0.012875835411250591,0.6997323632240295,12,422
146,4866,0,-0.007418202236294746,0.36016300320625305,-0.01904369331896305,0.719359815120697,-7,194
146,4866,1,-0.005978042259812355,0.3529835343360901,-0.01830979622900486,0.7077919244766235,-5,190
146,4866,2,-0.005877618677914143,0.35348209738731384,-0.01846749521791935,0.7325463891029358,-5,190
146,4866,3,-0.006077907048165798,0.35445788502693176,-0.018508214503526688,0.7504572868347168,-5,191
146,4866,4,-0.004597499035298824,0.35069501399993896,-0.019175956025719643,0.7243258357048035,-4,189
146,4866,5,-0.004085329361259937,0.34988436102867126,-0.019298484548926353,0.7625724673271179,-3,188
146,4866,6,-0.0038485086988657713,0.34885430335998535,-0.019373498857021332,0.772599995136261,-3,188
146,4866,7,-0.0069410246796905994,0.3558112680912018,-0.026052746921777725,0.8798903226852417,-6,192
146,4866,8,-0.00623633386567235,0.3477589786052704,-0.010586080141365528,0.7763553261756897,-5,187
146,4866,9,-0.0100037707015872,0.3671078383922577,-0.011631243862211704,0.7732633948326111,-9,198
146,4866,10,-0.008443983271718025,0.36427217721939087,-0.01330425962805748,0.7538385391235352,-8,196
146,4866,11,-0.012691844254732132,0.3915596306324005,-0.058978963643312454,0.9969520568847656,-12,211
146,4866,12,-0.013955073431134224,0.3871191442012787,0.02376319281756878,0.9724298715591431,-13,209
146,4866,13,0.00837801955640316,0.4612351953983307,-0.07622358202934265,0.8191329836845398,8,249
146,4866,14,0.004456593655049801,0.4514707624912262,0.015606087632477283,0.06502056121826172,4,243
146,4866,15,-0.0005190695519559085,0.4958389699459076,-0.0802283063530922,0.4903199374675751,0,267
146,4866,16,-0.00020614844106603414,0.48262906074523926,-0.018891645595431328,0.03772583603858948,0,260
146,4866,17,-0.0024305477272719145,0.5063034892082214,-0.08705087751150131,0.48590391874313354,-2,273
146,4866,18,-0.002388234715908766,0.49265262484550476,-0.025586843490600586,0.055730756372213364,-2,266
146,4866,19,-0.003980578854680061,0.49774888157844543,-0.0874600037932396,0.4884345233440399,-3,268
146,4866,20,-0.003033597720786929,0.4934118092060089,-0.0351005457341671,0.05930903181433678,-2,266
146,4866,21,-0.002882596803829074,0.49379271268844604,-0.07907534390687943,0.4354734420776367,-2,266
146,4866,22,-0.001946586649864912,0.48846492171287537,-0.024643179029226303,0.05984530225396156,-1,263
146,4866,23,-0.017382776364684105,0.5003740191459656,-0.03135808929800987,0.9908613562583923,-16,270
146,4866,24,-0.019009197130799294,0.5058315396308899,0.03125742822885513,0.9824860692024231,-18,273
146,4866,25,0.00802559033036232,0.6230254769325256,-0.04670412093400955,0.9118687510490417,7,336
146,4866,26,0.005502842366695404,0.6212093234062195,-0.013783368282020092,0.5165821313858032,5,335
146,4866,27,0.02600710839033127,0.7420478463172913,-0.05505431070923805,0.9502094984054565,24,400
146,4866,28,0.025519732385873795,0.7390263080596924,-0.015029232017695904,0.76689612865448,24,399
146,4866,29,0.030482420697808266,0.7670701742172241,-0.059182897210121155,0.847768247127533,29,414
146,4866,30,0.030590320006012917,0.7614871263504028,-0.0176947433501482,0.7324807047843933,29,411
146,4866,31,0.020636161789298058,0.7825301289558411,-0.11942990124225616,0.8960379958152771,19,422
146,4866,32,0.016054172068834305,0.7680099010467529,-0.06722171604633331,0.7126906514167786,15,414
147,4900,0,nan,nan,nan,0.0,-1,-1
148,4933,0,nan,nan,nan,0.0,-1,-1
149,4966,0,nan,nan,nan,0.0,-1,-1
150,5000,0,nan,nan,nan,0.0,-1,-1
151,5033,0,nan,nan,nan,0.0,-1,-1
152,5066,0,nan,nan,nan,0.0,-1,-1
153,5100,0,nan,nan,nan,0.0,-1,-1
154,5133,0,nan,nan,nan,0.0,-1,-1
155,5166,0,nan,nan,nan,0.0,-1,-1
156,5200,0,nan,nan,nan,0.0,-1,-1
157,5233,0,nan,nan,nan,0.0,-1,-1
